
    78866 TNCM Juliana Airport Observations at 12Z 01 Jan 1984

-----------------------------------------------------------------------------
   PRES   HGHT   TEMP   DWPT   RELH   MIXR   DRCT   SKNT   THTA   THTE   THTV
    hPa     m      C      C      %    g/kg    deg   knot     K      K      K 
-----------------------------------------------------------------------------
 1015.0      4   25.6   22.0     81  16.70     20     14  297.5  346.1  300.4
 1000.0    136   23.2   16.2     65  11.71     25     15  296.4  330.4  298.4
  980.7    304   21.8   15.2     67  11.23     25     16  296.6  329.2  298.6
  946.7    609   19.1   13.5     70  10.39     25     14  296.9  327.3  298.8
  913.8    914   16.5   11.8     74   9.61     30     14  297.2  325.4  299.0
  895.0   1093   15.0   10.8     76   9.16     36     13  297.4  324.3  299.1
  881.8   1219   14.4    9.7     73   8.60     40     12  298.0  323.4  299.6
  850.0   1530   12.8    6.8     67   7.34     50     13  299.5  321.5  300.9
  820.4   1828   10.9    5.0     66   6.68     50     15  300.6  320.8  301.9
  818.0   1852   10.8    4.8     66   6.63     50     15  300.7  320.7  301.9
  793.0   2112   11.0   -2.0     40   4.18     45     17  303.6  316.7  304.4
  791.0   2133   10.9   -3.0     38   3.89     45     17  303.7  315.9  304.4
  762.5   2438    8.8  -17.4     14   1.28     40     15  304.7  309.0  304.9
  754.0   2531    8.2  -21.8     10   0.89     37     15  305.0  308.0  305.1
  745.0   2630   11.0  -19.0     10   1.15     34     14  309.1  313.0  309.3
  735.0   2743   11.0  -19.0     10   1.17     30     14  310.3  314.3  310.5
  700.0   3150   11.0  -19.0     10   1.22     35     15  314.6  318.9  314.9
  658.3   3657    7.3  -22.7     10   0.95     40     20  316.1  319.4  316.3
  648.0   3788    6.4  -23.6     10   0.88     35     20  316.4  319.6  316.6
  630.0   4019    7.2  -22.8     10   0.98     25     19  319.9  323.4  320.1
  610.8   4267    5.3  -24.7      9   0.85     15     18  320.6  323.7  320.8
  566.1   4876    0.7  -29.3      8   0.60    335      4  322.2  324.4  322.3
  500.0   5870   -6.9  -36.9      7   0.32    330      8  324.6  325.8  324.6
  485.4   6096   -8.6  -38.6      7   0.28    330     11  325.3  326.4  325.3
  400.0   7570  -19.5  -49.5      5   0.10    340     23  329.6  330.0  329.6
  397.3   7620  -19.9  -49.9      5   0.10    335     22  329.7  330.2  329.8
  350.0   8549  -26.5  -56.5      4   0.05    335     26  332.9  333.2  332.9
  337.0   8822  -26.7  -56.7      4   0.05    335     27  336.3  336.5  336.3
  322.1   9144  -29.5  -59.5      4   0.04    335     28  336.8  336.9  336.8
  300.0   9650  -33.9  -63.9      3   0.02    340     31  337.5  337.6  337.5
  267.0  10455  -40.1  -70.1      3   0.01    340     40  339.9  339.9  339.9
  258.7  10668  -42.2                         340     43  339.8         339.8
  250.0  10900  -44.5                         340     46  339.8         339.8
  225.1  11582  -49.6                         335     53  342.3         342.3
  200.0  12350  -55.3                         320     44  345.0         345.0
  195.4  12496  -56.2                         325     41  345.9         345.9
  166.0  13523  -62.7                         328     45  351.5         351.5
  150.0  14150  -62.3                         330     47  362.6         362.6
  125.1  15240  -70.2                         330     50  367.5         367.5
  116.0  15692  -73.5                         337     52  369.5         369.5
  100.0  16550  -77.5                         350     56  377.7         377.7
   88.0  17277  -81.5                         350     53  383.8         383.8
   82.1  17678  -79.1                         360     50  396.4         396.4
   77.8  17983  -77.3                          50     42  406.2         406.2
   73.8  18288  -75.5                          20     36  416.2         416.2
   70.0  18590  -73.7                          30     29  426.4         426.4
   66.4  18897  -72.8                          40     26  434.9         434.9
   64.0  19114  -72.1                          46     24  441.0         441.0
   55.0  20029  -60.7                          73     17  486.6         486.6
   54.2  20116  -60.7                          75     16  488.5         488.5
   50.0  20620  -60.9                         100     14  499.5         499.5
   44.6  21336  -59.8                         120     12  518.7         518.7
   40.5  21945  -58.9                         100     14  535.6         535.6
   38.6  22250  -58.4                          80     15  544.3         544.3
   35.0  22858  -57.5                          76     17  562.0         562.0
   30.0  23840  -54.1                          70     21  596.6         596.6
   28.0  24281  -55.7                          78     23  604.0         604.0
   27.6  24384  -55.3                          80     24  607.8         607.8
   23.9  25298  -52.0                          75     20  642.6         642.6
   23.0  25546  -51.1                                     652.4         652.4


      Station information and sounding indices

                         Station identifier: TNCM
                             Station number: 78866
                           Observation time: 840101/1200
                           Station latitude: 18.03
                          Station longitude: -63.11
                          Station elevation: 4.0
                            Showalter index: 8.77
                               Lifted index: 3.86
    LIFT computed using virtual temperature: 3.38
                                SWEAT index: 115.59
                                    K index: -3.50
                         Cross totals index: 13.70
                      Vertical totals index: 19.70
                        Totals totals index: 33.40
      Convective Available Potential Energy: 0.32
             CAPE using virtual temperature: 15.83
                      Convective Inhibition: -15.08
             CINS using virtual temperature: -2.08
                           Equilibrum Level: 814.52
 Equilibrum Level using virtual temperature: 751.73
                   Level of Free Convection: 831.16
             LFCT using virtual temperature: 891.35
                     Bulk Richardson Number: 0.36
          Bulk Richardson Number using CAPV: 17.99
  Temp [K] of the Lifted Condensation Level: 287.93
Pres [hPa] of the Lifted Condensation Level: 900.84
   Equivalent potential temp [K] of the LCL: 331.14
     Mean mixed layer potential temperature: 296.66
              Mean mixed layer mixing ratio: 11.99
              1000 hPa to 500 hPa thickness: 5734.00
Precipitable water [mm] for entire sounding: 24.17


    78866 TNCM Juliana Airport Observations at 12Z 02 Jan 1984

-----------------------------------------------------------------------------
   PRES   HGHT   TEMP   DWPT   RELH   MIXR   DRCT   SKNT   THTA   THTE   THTV
    hPa     m      C      C      %    g/kg    deg   knot     K      K      K 
-----------------------------------------------------------------------------
 1013.0      4   25.6   22.5     83  17.27     70      3  297.6  347.9  300.7
 1000.0    118   23.4   19.0     76  14.03     70      3  296.6  337.2  299.0
  978.7    304   21.9   18.1     79  13.50     70      4  296.8  336.0  299.2
  944.7    609   19.3   16.5     84  12.66     60      5  297.2  334.1  299.5
  911.9    914   16.8   15.0     89  11.86    360      5  297.6  332.3  299.8
  890.0   1124   15.0   13.9     93  11.34    346      4  297.9  331.1  299.9
  880.0   1219   14.6   12.7     88  10.61    340      4  298.5  329.6  300.4
  850.0   1513   13.4    9.1     75   8.60    355      5  300.2  325.8  301.7
  818.6   1828   11.2    8.3     82   8.47    350      8  301.1  326.4  302.7
  789.4   2133    9.2    7.6     90   8.35     10     10  302.0  327.1  303.6
  779.0   2244    8.4    7.3     93   8.30     10     10  302.4  327.3  303.9
  761.1   2438   10.0   -6.2     31   3.17     10     11  306.1  316.2  306.7
  745.0   2616   11.4  -18.6     11   1.19      4     12  309.5  313.6  309.7
  733.7   2743   11.0  -19.0     10   1.17    360     13  310.4  314.5  310.7
  700.0   3135    9.8  -20.2     10   1.10    340     11  313.3  317.2  313.5
  656.0   3657    6.5  -23.5     10   0.88    300     13  315.5  318.6  315.7
  608.1   4267    2.7  -27.3      9   0.68    265     11  318.0  320.5  318.1
  563.7   4876   -1.1  -31.1      8   0.51    295     12  320.5  322.4  320.6
  500.0   5840   -7.1  -37.1      7   0.32    265     18  324.3  325.6  324.4
  483.5   6096   -8.8  -38.8      7   0.28    280     22  325.4  326.5  325.5
  400.0   7540  -18.1  -48.1      5   0.12    265     23  331.4  331.9  331.4
  395.6   7620  -18.7  -48.1      6   0.12    265     24  331.6  332.1  331.7
  320.8   9144  -30.2  -48.7     15   0.14    270     42  336.2  336.8  336.2
  300.0   9630  -33.9  -48.9     21   0.15    265     43  337.5  338.1  337.5
  269.0  10384  -40.1  -53.1     24   0.10    276     47  339.1  339.6  339.2
  258.0  10668  -42.4                         280     49  339.9         339.9
  250.0  10880  -44.1                         280     45  340.4         340.4
  214.3  11887  -51.0                         280     47  345.0         345.0
  200.0  12340  -54.1                         280     48  346.9         346.9


      Station information and sounding indices

                         Station identifier: TNCM
                             Station number: 78866
                           Observation time: 840102/1200
                           Station latitude: 18.03
                          Station longitude: -63.11
                          Station elevation: 4.0
                            Showalter index: 6.31
                               Lifted index: 0.92
    LIFT computed using virtual temperature: 0.29
                                SWEAT index: 137.19
                                    K index: -0.40
                         Cross totals index: 16.20
                      Vertical totals index: 20.50
                        Totals totals index: 36.70
      Convective Available Potential Energy: 70.25
             CAPE using virtual temperature: 100.59
                      Convective Inhibition: -3.75
             CINS using virtual temperature: -1.20
                           Equilibrum Level: 760.53
 Equilibrum Level using virtual temperature: 750.64
                   Level of Free Convection: 917.71
             LFCT using virtual temperature: 925.20
                     Bulk Richardson Number: 7.29
          Bulk Richardson Number using CAPV: 10.44
  Temp [K] of the Lifted Condensation Level: 290.91
Pres [hPa] of the Lifted Condensation Level: 931.43
   Equivalent potential temp [K] of the LCL: 337.29
     Mean mixed layer potential temperature: 296.89
              Mean mixed layer mixing ratio: 13.98
              1000 hPa to 500 hPa thickness: 5722.00
Precipitable water [mm] for entire sounding: 30.17


    78866 TNCM Juliana Airport Observations at 12Z 03 Jan 1984

-----------------------------------------------------------------------------
   PRES   HGHT   TEMP   DWPT   RELH   MIXR   DRCT   SKNT   THTA   THTE   THTV
    hPa     m      C      C      %    g/kg    deg   knot     K      K      K 
-----------------------------------------------------------------------------
 1015.0      4   25.6   22.0     81  16.70     40      4  297.5  346.1  300.4
 1000.0    136   23.6   18.7     74  13.76     40      6  296.8  336.7  299.2
  981.1    304   21.4   17.5     78  13.02     40      8  296.2  333.9  298.5
  979.0    323   21.2   17.4     79  12.94     40      8  296.1  333.6  298.4
  964.0    458   20.8   14.8     69  11.09     43      8  297.1  329.4  299.0
  947.4    609   19.3   14.5     73  11.05     45      8  297.0  329.3  299.0
  914.6    914   16.4   13.8     85  10.96    350      3  297.0  328.9  298.9
  900.0   1053   15.0   13.5     91  10.92    348      6  297.0  328.8  298.9
  882.6   1219   13.9   11.9     88  10.01    345      9  297.5  326.8  299.3
  850.0   1540   11.8    8.8     82   8.43    320      6  298.5  323.4  300.0
  821.3   1828   11.2    5.2     67   6.79    310      9  300.8  321.2  302.0
  812.0   1923   11.0    4.0     62   6.32    319      9  301.6  320.7  302.7
  793.0   2121    9.2    4.2     71   6.56    339     10  301.7  321.5  302.9
  791.8   2133    9.2    3.6     68   6.29    340     10  301.9  320.9  303.0
  770.0   2365   10.0   -8.0     27   2.73    348     11  305.1  313.9  305.6
  763.3   2438    9.8   -8.2     27   2.72    350     11  305.6  314.4  306.1
  735.6   2743    8.8   -8.8     28   2.69     25     10  307.8  316.5  308.2
  700.0   3154    7.4   -9.6     29   2.65    290     16  310.6  319.4  311.1
  658.0   3657    4.3  -18.9     17   1.32    335     11  312.7  317.2  312.9
  614.0   4220    0.8  -29.2      9   0.56    303     16  314.9  317.0  315.0
  610.4   4267    0.6  -23.4     15   0.95    300     16  315.2  318.6  315.4
  602.0   4378    0.2   -9.8     47   3.03    297     18  316.0  326.1  316.6
  571.0   4800   -2.3  -18.3     28   1.59    287     26  317.9  323.4  318.2
  565.5   4876   -2.8  -19.9     26   1.41    285     28  318.1  323.1  318.4
  500.0   5840   -9.7  -39.7      7   0.24    275     26  321.1  322.1  321.2
  483.3   6096  -11.7  -41.6      6   0.21    280     26  321.9  322.7  321.9
  400.0   7520  -22.5  -52.5      5   0.07    285     34  325.7  326.0  325.7
  394.5   7620  -22.9  -52.9      5   0.07    290     34  326.5  326.8  326.5
  343.0   8638  -26.5  -56.5      4   0.05    277     56  334.9  335.1  334.9
  319.4   9144  -30.3  -60.3      4   0.04    270     67  336.4  336.6  336.4
  300.0   9590  -33.7  -63.7      3   0.02    280     97  337.8  337.9  337.8
  295.0   9706  -34.3  -64.3      3   0.02    280     97  338.5  338.6  338.5
  293.0   9753  -34.6  -64.6      3   0.02    280     97  338.8  338.9  338.8
  255.0  10715  -39.9  -69.9      3   0.01                344.6  344.7  344.7
  250.0  10850  -41.5                                     344.2         344.2
  200.0  12330  -53.3                                     348.2         348.2
  170.0  13358  -60.9                                     352.1         352.1
  150.0  14130  -64.5                                     358.8         358.8
  108.0  16085  -75.7                                     372.9         372.9
  100.0  16530  -75.5                                     381.6         381.6


      Station information and sounding indices

                         Station identifier: TNCM
                             Station number: 78866
                           Observation time: 840103/1200
                           Station latitude: 18.03
                          Station longitude: -63.11
                          Station elevation: 4.0
                            Showalter index: 4.93
                               Lifted index: -0.68
    LIFT computed using virtual temperature: -1.27
                                SWEAT index: 143.60
                                    K index: 13.30
                         Cross totals index: 18.50
                      Vertical totals index: 21.50
                        Totals totals index: 40.00
      Convective Available Potential Energy: 179.11
             CAPE using virtual temperature: 281.69
                      Convective Inhibition: -3.57
             CINS using virtual temperature: 0.00
                           Equilibrum Level: 373.58
 Equilibrum Level using virtual temperature: 371.72
                   Level of Free Convection: 916.52
             LFCT using virtual temperature: 922.12
                     Bulk Richardson Number: 8.90
          Bulk Richardson Number using CAPV: 14.00
  Temp [K] of the Lifted Condensation Level: 289.92
Pres [hPa] of the Lifted Condensation Level: 922.12
   Equivalent potential temp [K] of the LCL: 334.99
     Mean mixed layer potential temperature: 296.72
              Mean mixed layer mixing ratio: 13.29
              1000 hPa to 500 hPa thickness: 5704.00
Precipitable water [mm] for entire sounding: 29.28


    78866 TNCM Juliana Airport Observations at 12Z 08 Jan 1984

-----------------------------------------------------------------------------
   PRES   HGHT   TEMP   DWPT   RELH   MIXR   DRCT   SKNT   THTA   THTE   THTV
    hPa     m      C      C      %    g/kg    deg   knot     K      K      K 
-----------------------------------------------------------------------------
 1018.0      4   26.6   22.8     80  17.51     95     10  298.2  349.3  301.3
 1000.0    164   25.4   20.6     75  15.53     95     12  298.6  343.9  301.3
  913.0    961   19.4   17.5     89  13.98     98     13  300.3  341.4  302.8
  884.0   1240   17.4   13.9     80  11.42     99     13  301.0  334.8  303.0
  875.0   1328   17.8    9.8     59   8.76     99     13  302.3  328.6  303.9
  850.0   1576   16.0   10.0     68   9.15    100     13  302.9  330.4  304.6
  761.0   2509   11.2   -1.8     40   4.43     86     11  307.4  321.4  308.2
  723.0   2936    8.8    5.2     78   7.73     79     10  309.3  333.3  310.8
  700.0   3203    6.4    4.0     85   7.33     75      9  309.5  332.4  310.9
  678.0   3465    5.4    3.4     87   7.26     88      9  311.3  334.0  312.6
  655.0   3747    4.4   -6.6     45   3.58    102     10  313.2  324.9  313.9
  616.0   4244    0.4   -3.4     76   4.86    126     10  314.2  329.8  315.1
  590.0   4591    0.2  -29.8      8   0.55    144     11  317.8  319.9  317.9
  500.0   5900   -6.7  -36.7      7   0.33    210     12  324.8  326.1  324.9
  400.0   7600  -19.5  -34.5     25   0.52    305     14  329.6  331.6  329.7
  300.0   9670  -35.3  -65.3      3   0.02    290     30  335.5  335.6  335.5
  277.0  10219  -40.1  -70.1      3   0.01    292     33  336.3  336.4  336.3
  250.0  10910  -45.5                         295     38  338.3         338.3
  200.0  12360  -56.7                         295     45  342.8         342.8
  150.0  14120  -67.7                         300     45  353.3         353.3
  100.0  16540  -72.5                         280     40  387.4         387.4
   85.0  17486  -76.3                         280     29  398.1         398.1
   70.0  18620  -71.3                         300     24  431.5         431.5
   50.0  20650  -63.5                         115     22  493.4         493.4
   46.0  21168  -59.1                         113     22  515.9         515.9
   42.0  21737  -60.9                         112     21  525.1         525.1
   30.0  23870  -53.1                         105     20  599.3         599.3
   28.0  24313  -54.5                         107     22  607.3         607.3
   20.0  26500  -47.5                         115     32  690.0         690.0
   10.0  31090  -45.5                         110     37  848.6         848.6


      Station information and sounding indices

                         Station identifier: TNCM
                             Station number: 78866
                           Observation time: 840108/1200
                           Station latitude: 18.03
                          Station longitude: -63.11
                          Station elevation: 4.0
                            Showalter index: 4.45
                               Lifted index: -1.53
    LIFT computed using virtual temperature: -2.33
                                SWEAT index: 158.00
                                    K index: 30.30
                         Cross totals index: 16.70
                      Vertical totals index: 22.70
                        Totals totals index: 39.40
      Convective Available Potential Energy: 1049.17
             CAPE using virtual temperature: 1255.98
                      Convective Inhibition: -14.98
             CINS using virtual temperature: -10.65
                           Equilibrum Level: 194.16
 Equilibrum Level using virtual temperature: 193.75
                   Level of Free Convection: 892.37
             LFCT using virtual temperature: 903.66
                     Bulk Richardson Number: 686.89
          Bulk Richardson Number using CAPV: 822.28
  Temp [K] of the Lifted Condensation Level: 292.65
Pres [hPa] of the Lifted Condensation Level: 930.53
   Equivalent potential temp [K] of the LCL: 344.28
     Mean mixed layer potential temperature: 298.75
              Mean mixed layer mixing ratio: 15.62
              1000 hPa to 500 hPa thickness: 5736.00
Precipitable water [mm] for entire sounding: 39.78


    78866 TNCM Juliana Airport Observations at 12Z 10 Jan 1984

-----------------------------------------------------------------------------
   PRES   HGHT   TEMP   DWPT   RELH   MIXR   DRCT   SKNT   THTA   THTE   THTV
    hPa     m      C      C      %    g/kg    deg   knot     K      K      K 
-----------------------------------------------------------------------------
 1015.0      4   25.6   22.4     83  17.13     65     15  297.5  347.3  300.5
 1000.0    136   24.0   20.0     78  14.95     70     16  297.1  340.6  299.8
  980.9    304   22.2   19.3     83  14.60     80     17  297.0  339.4  299.6
  947.1    609   19.1   18.1     94  13.97     85     19  296.8  337.3  299.3
  940.0    674   18.4   17.8     96  13.83     87     19  296.8  336.9  299.2
  914.1    914   17.3   14.1     81  11.18     95     18  298.0  330.8  300.0
  897.0   1076   16.6   11.6     72   9.65    100     18  298.9  327.4  300.6
  882.1   1219   15.8   11.2     74   9.53    105     18  299.6  327.8  301.3
  850.0   1534   14.2   10.2     77   9.27     95     21  301.0  328.6  302.7
  820.8   1828   12.3    9.3     82   9.05     85     19  302.1  329.2  303.7
  791.6   2133   10.4    8.4     87   8.82     75     18  303.2  329.7  304.8
  788.0   2171   10.2    8.3     88   8.79     74     18  303.3  329.8  304.9
  765.0   2418    9.8    3.8     66   6.61     70     21  305.5  325.8  306.7
  763.1   2438    9.7    3.6     66   6.54     70     21  305.6  325.7  306.8
  735.5   2743    8.2    0.9     60   5.58     70     20  307.2  324.5  308.2
  700.0   3152    6.2   -2.8     53   4.47     55     18  309.3  323.5  310.2
  675.0   3449    4.6   -7.4     41   3.26     49     19  310.8  321.4  311.4
  666.0   3559    3.6   -3.4     60   4.49     47     19  310.8  325.2  311.7
  658.0   3657    3.1   -5.3     54   3.94     45     19  311.4  324.1  312.1
  649.0   3768    2.6   -7.4     48   3.40     37     18  312.0  323.1  312.6
  614.0   4214   -0.7   -7.7     59   3.51      4     14  313.2  324.6  313.9
  610.0   4267   -0.9  -11.4     45   2.64    360     14  313.6  322.3  314.1
  588.0   4559   -1.9  -31.9      8   0.45    355     13  315.7  317.4  315.8
  564.9   4876   -3.7  -19.8     27   1.41    350     12  317.2  322.1  317.5
  555.0   5016   -4.5  -14.5     46   2.25    348     13  317.9  325.5  318.3
  500.0   5830   -9.9  -24.9     28   1.02    335     16  320.9  324.6  321.1
  482.6   6096  -11.9  -29.3     22   0.70    330     18  321.7  324.3  321.8
  400.0   7510  -22.7  -52.7      5   0.07    325     28  325.4  325.7  325.4
  393.8   7620  -23.6  -52.7      5   0.07    325     25  325.7  326.0  325.7
  317.7   9144  -36.0  -52.4     17   0.09    310     23  329.1  329.5  329.1
  300.0   9550  -39.3  -52.3     24   0.10    310     29  329.9  330.3  329.9
  284.0   9924  -41.5                         312     28  331.9         331.9
  267.0  10344  -40.9                         314     26  338.7         338.7
  254.5  10668  -42.9                         315     25  340.3         340.3
  250.0  10790  -43.7                         325     27  341.0         341.0
  202.1  12192  -52.9                         340     35  347.9         347.9
  200.0  12260  -53.3                         340     36  348.2         348.2
  166.6  13411  -59.9                         335     34  355.9         355.9
  150.0  14070  -63.7                         310     22  360.1         360.1
  143.7  14325  -65.1                         310     32  362.1         362.1
  123.1  15240  -70.3                         325     31  369.0         369.0
  105.5  16154  -75.5                         330     26  375.8         375.8
  100.0  16470  -77.3                         335     29  378.1         378.1
   75.0  18128  -75.1                         340     17  415.1         415.1
   73.0  18288  -74.1                         340     16  420.6         420.6
   70.0  18530  -72.5                         345     17  428.9         428.9
   65.0  18971  -67.5                         355     17  449.1         449.1
   60.0  19451  -69.1                           7     16  455.9         455.9
   56.5  19812  -65.8                          15     16  471.2         471.2
   55.0  19977  -64.3                          23     15  478.3         478.3
   50.0  20560  -63.9                          50     10  492.5         492.5
   48.7  20726  -62.9                          55     11  498.6         498.6
   45.0  21212  -60.1                          83     15  516.8         516.8
   44.1  21336  -60.3                          90     16  519.3         519.3
   36.0  22599  -61.9                          90     17  546.1         546.1
   30.0  23740  -57.5                          90     17  587.3         587.3
   27.1  24384  -55.0                          85     23  611.1         611.1
   21.4  25908  -49.2                         105     26  671.2         671.2
   20.0  26360  -47.5                         120     23  690.0         690.0
   17.0  27432  -49.1                         165     21  717.7         717.7
   14.0  28697  -51.1                         168     26  751.9         751.9
   11.7  29870  -48.7                         170     30  799.8         799.8
   11.5  29983  -48.5                                     804.6         804.6


      Station information and sounding indices

                         Station identifier: TNCM
                             Station number: 78866
                           Observation time: 840110/1200
                           Station latitude: 18.03
                          Station longitude: -63.11
                          Station elevation: 4.0
                            Showalter index: 2.09
                               Lifted index: -3.19
    LIFT computed using virtual temperature: -3.78
                                SWEAT index: 180.40
                                    K index: 25.30
                         Cross totals index: 20.10
                      Vertical totals index: 24.10
                        Totals totals index: 44.20
      Convective Available Potential Energy: 1178.92
             CAPE using virtual temperature: 1359.10
                      Convective Inhibition: 0.00
             CINS using virtual temperature: 0.00
                           Equilibrum Level: 266.16
 Equilibrum Level using virtual temperature: 266.18
                   Level of Free Convection: 943.51
             LFCT using virtual temperature: 943.51
                     Bulk Richardson Number: 328.96
          Bulk Richardson Number using CAPV: 379.24
  Temp [K] of the Lifted Condensation Level: 292.20
Pres [hPa] of the Lifted Condensation Level: 943.51
   Equivalent potential temp [K] of the LCL: 340.42
     Mean mixed layer potential temperature: 297.10
              Mean mixed layer mixing ratio: 14.96
              1000 hPa to 500 hPa thickness: 5694.00
Precipitable water [mm] for entire sounding: 37.70


    78866 TNCM Juliana Airport Observations at 12Z 11 Jan 1984

-----------------------------------------------------------------------------
   PRES   HGHT   TEMP   DWPT   RELH   MIXR   DRCT   SKNT   THTA   THTE   THTV
    hPa     m      C      C      %    g/kg    deg   knot     K      K      K 
-----------------------------------------------------------------------------
 1013.0      4   26.2   21.6     76  16.32     80      7  298.2  345.9  301.2
 1000.0    119   24.2   20.3     79  15.24     85      9  297.4  341.6  300.1
  979.0    304   22.7   19.9     84  15.13     95     10  297.7  341.7  300.4
  945.4    609   20.3   19.1     93  14.95     95     15  298.2  341.8  300.9
  941.0    650   20.0   19.0     94  14.93     94     15  298.3  341.8  300.9
  912.4    914   18.2   16.7     91  13.30     90     12  299.1  338.1  301.5
  880.5   1219   16.2   14.1     87  11.61     90     11  300.1  334.3  302.2
  850.0   1521   14.2   11.5     84  10.12     90     14  301.0  331.1  302.8
  826.0   1763   13.2   13.2    100  11.68     86     15  302.4  337.2  304.6
  819.7   1828   13.1   11.8     92  10.73     85     15  303.0  335.1  304.9
  797.0   2064   12.8    6.8     67   7.83     81     13  305.1  329.0  306.5
  790.4   2133   12.4    6.2     66   7.60     80     13  305.4  328.6  306.8
  761.9   2438   10.4    3.8     63   6.61     70     12  306.5  326.9  307.7
  734.5   2743    8.5    1.3     60   5.74     75     12  307.6  325.5  308.7
  700.0   3142    6.0   -2.0     56   4.74     65     14  309.1  324.1  310.0
  656.6   3657    3.4  -10.0     37   2.73     65     15  311.9  320.9  312.4
  608.6   4267    0.4  -19.5     21   1.34     45     14  315.3  319.9  315.5
  564.2   4876   -2.6  -29.0     11   0.62     25     16  318.6  320.9  318.7
  541.0   5214   -4.3  -34.3      8   0.39     14     18  320.4  321.9  320.5
  500.0   5830   -8.9  -38.9      7   0.26    354     21  322.1  323.2  322.2
  482.6   6096  -11.1  -41.0      6   0.22    345     23  322.7  323.6  322.8
  400.0   7510  -22.5  -52.5      5   0.07    350     19  325.7  326.0  325.7
  393.8   7620  -23.4  -53.4      5   0.07    340     19  325.9  326.2  325.9
  317.7   9144  -35.8  -65.8      3   0.02    345     22  329.4  329.4  329.4
  300.0   9550  -39.1  -69.1      3   0.01    335     33  330.1  330.2  330.1
  288.0   9830  -38.9                         340     38  334.3         334.3
  254.5  10668  -43.1                         355     52  340.1         340.1
  250.0  10790  -43.7                         355     51  341.0         341.0
  222.0  11582  -47.6                         340     29  346.7         346.7
  200.0  12280  -51.1                         300     39  351.7         351.7
  193.3  12496  -52.5                         295     40  352.8         352.8
  150.0  14100  -63.3                         300     33  360.8         360.8
  137.2  14630  -66.2                         315     30  365.1         365.1
  100.0  16510  -76.3                         330      5  380.1         380.1
   93.0  16926  -78.3                         310      9  384.1         384.1
   83.0  17575  -77.5                         255      8  398.4         398.4
   73.5  18288  -71.8                         195      6  424.6         424.6
   70.0  18570  -69.5                                     435.4         435.4
   66.0  18922  -67.7                                     446.7         446.7


      Station information and sounding indices

                         Station identifier: TNCM
                             Station number: 78866
                           Observation time: 840111/1200
                           Station latitude: 18.03
                          Station longitude: -63.11
                          Station elevation: 4.0
                            Showalter index: 1.92
                               Lifted index: -2.88
    LIFT computed using virtual temperature: -3.63
                                SWEAT index: 187.43
                                    K index: 26.60
                         Cross totals index: 20.40
                      Vertical totals index: 23.10
                        Totals totals index: 43.50
      Convective Available Potential Energy: 1209.34
             CAPE using virtual temperature: 1407.04
                      Convective Inhibition: -4.72
             CINS using virtual temperature: -3.44
                           Equilibrum Level: 250.91
 Equilibrum Level using virtual temperature: 250.86
                   Level of Free Convection: 912.89
             LFCT using virtual temperature: 921.06
                     Bulk Richardson Number: 263.58
          Bulk Richardson Number using CAPV: 306.67
  Temp [K] of the Lifted Condensation Level: 292.48
Pres [hPa] of the Lifted Condensation Level: 939.94
   Equivalent potential temp [K] of the LCL: 342.12
     Mean mixed layer potential temperature: 297.72
              Mean mixed layer mixing ratio: 15.28
              1000 hPa to 500 hPa thickness: 5711.00
Precipitable water [mm] for entire sounding: 37.97


    78866 TNCM Juliana Airport Observations at 12Z 12 Jan 1984

-----------------------------------------------------------------------------
   PRES   HGHT   TEMP   DWPT   RELH   MIXR   DRCT   SKNT   THTA   THTE   THTV
    hPa     m      C      C      %    g/kg    deg   knot     K      K      K 
-----------------------------------------------------------------------------
 1013.0      4   23.8   22.3     91  17.05     95     12  295.9  345.1  298.9
 1000.0    118   23.0   20.8     87  15.73     95     13  296.1  341.6  298.9
  978.6    304   21.8   19.7     88  14.97    100     15  296.7  340.1  299.4
  944.6    609   19.7   17.8     89  13.78    105     18  297.7  337.8  300.1
  911.7    914   17.7   16.0     90  12.67    105     14  298.6  335.7  300.9
  880.0   1219   15.6   14.1     91  11.63    100     11  299.5  333.7  301.6
  850.0   1518   13.6   12.3     92  10.68    100     18  300.4  332.0  302.3
  819.2   1828   11.9   10.3     90   9.70    105     13  301.8  330.8  303.6
  789.9   2133   10.3    8.4     88   8.81    105      9  303.2  329.8  304.9
  770.0   2347    9.2    7.0     86   8.23    102      6  304.2  329.2  305.8
  761.6   2438    9.2    5.3     77   7.41    100      4  305.2  327.8  306.6
  746.0   2610    9.2    2.2     62   6.05    114      5  307.0  325.8  308.1
  734.1   2743    8.4    1.9     64   6.04    125      6  307.6  326.4  308.7
  700.0   3136    6.2    1.2     70   6.00     10      3  309.3  328.1  310.4
  656.5   3657    2.5    0.2     85   5.94     65      5  310.9  329.6  312.0
  633.0   3953    0.4   -0.4     94   5.91     82      7  311.7  330.4  312.8
  608.4   4267   -1.4   -2.1     95   5.42    100     10  313.2  330.5  314.2
  563.4   4876   -5.0   -5.4     97   4.57     70      9  315.9  330.8  316.8
  545.0   5139   -6.5   -6.8     98   4.24     69     11  317.1  331.1  318.0
  500.0   5810   -9.1  -12.6     76   2.92     65     17  321.9  331.8  322.4
  482.0   6093  -10.7  -16.7     61   2.16     65     17  323.3  330.8  323.7
  481.8   6096  -10.7  -16.7     61   2.16     65     17  323.3  330.8  323.7
  442.0   6753  -15.9  -19.5     74   1.86     60     17  324.8  331.4  325.2
  431.0   6942  -15.9  -26.9     38   0.99     59     16  327.2  330.8  327.4
  400.0   7500  -20.1  -36.1     23   0.44     55     16  328.8  330.5  328.9
  393.4   7620  -21.1  -37.0     23   0.41     60     15  329.1  330.7  329.1
  317.9   9144  -33.7  -48.1     22   0.16    105     17  332.2  332.9  332.3
  300.0   9560  -37.1  -51.1     22   0.12     75     16  333.0  333.5  333.0
  254.9  10668  -46.4                          20     30  335.1         335.1
  250.0  10800  -47.5                          20     32  335.3         335.3
  242.0  11014  -47.5                          17     34  338.4         338.4
  226.0  11460  -51.3                          12     39  339.3         339.3
  221.8  11582  -50.9                          10     40  341.7         341.7
  215.0  11783  -50.3                           9     39  345.7         345.7
  200.0  12250  -53.1                           5     38  348.5         348.5
  166.5  13411  -60.7                         295     30  354.6         354.6
  160.0  13661  -62.3                         328     22  355.9         355.9
  158.6  13716  -62.4                         335     20  356.7         356.7
  150.0  14060  -62.9                         335     23  361.5         361.5
  123.1  15240  -70.9                         330     18  367.9         367.9
  110.0  15909  -75.5                         305     16  371.4         371.4
  100.0  16460  -74.9                         295     14  382.8         382.8
   90.0  17068  -76.1                         330      9  392.1         392.1
   78.0  17897  -77.7                          33     16  405.1         405.1
   76.9  17983  -76.7                          40     17  409.0         409.0
   73.0  18288  -73.0                          50     19  422.9         422.9
   70.0  18530  -70.1                          50     20  434.1         434.1
   56.5  19812  -67.0                         105      4  468.3         468.3
   50.0  20550  -65.3                         100      9  489.2         489.2
   48.6  20726  -64.2                          90     12  495.8         495.8
   44.0  21336  -60.3                          90     16  519.4         519.4
   41.0  21782  -57.5                          89     19  537.1         537.1
   35.0  22776  -59.9                          85     25  555.7         555.7
   34.5  22860  -59.5                          85     26  558.9         558.9
   30.0  23750  -55.3                          90     30  593.3         593.3
   27.2  24384  -53.9                          95     28  614.1         614.1
   21.5  25908  -50.5                          55     18  667.0         667.0
   20.0  26370  -49.5                          65     18  683.9         683.9
   18.7  26822  -48.7                          85     19  699.8         699.8
   17.0  27432  -47.6                         105     27  721.9         721.9
   15.6  28041  -46.5                         115     37  744.6         744.6
   13.5  28956  -44.9                         120     24  780.1         780.1
   12.0  29760  -43.5                         132     17  812.6         812.6
   10.0  30980  -45.5                         150      6  848.6         848.6


      Station information and sounding indices

                         Station identifier: TNCM
                             Station number: 78866
                           Observation time: 840112/1200
                           Station latitude: 18.03
                          Station longitude: -63.11
                          Station elevation: 4.0
                            Showalter index: 1.30
                               Lifted index: -2.51
    LIFT computed using virtual temperature: -2.80
                                SWEAT index: 200.61
                                    K index: 30.00
                         Cross totals index: 21.40
                      Vertical totals index: 22.70
                        Totals totals index: 44.10
      Convective Available Potential Energy: 1048.87
             CAPE using virtual temperature: 1160.70
                      Convective Inhibition: -4.25
             CINS using virtual temperature: -2.24
                           Equilibrum Level: 224.67
 Equilibrum Level using virtual temperature: 224.70
                   Level of Free Convection: 921.03
             LFCT using virtual temperature: 931.72
                     Bulk Richardson Number: 386.89
          Bulk Richardson Number using CAPV: 428.14
  Temp [K] of the Lifted Condensation Level: 292.74
Pres [hPa] of the Lifted Condensation Level: 955.63
   Equivalent potential temp [K] of the LCL: 340.73
     Mean mixed layer potential temperature: 296.57
              Mean mixed layer mixing ratio: 15.28
              1000 hPa to 500 hPa thickness: 5692.00
Precipitable water [mm] for entire sounding: 46.74


    78866 TNCM Juliana Airport Observations at 12Z 14 Jan 1984

-----------------------------------------------------------------------------
   PRES   HGHT   TEMP   DWPT   RELH   MIXR   DRCT   SKNT   THTA   THTE   THTV
    hPa     m      C      C      %    g/kg    deg   knot     K      K      K 
-----------------------------------------------------------------------------
 1016.0      4   25.6   21.9     80  16.58    100     19  297.4  345.6  300.4
 1000.0    145   25.4   18.4     65  13.50    100     19  298.6  338.1  301.0
  982.0    304   23.8   18.2     71  13.55    100     20  298.5  338.1  300.9
  948.3    609   20.6   17.7     83  13.65    100     22  298.3  338.2  300.7
  931.0    769   19.0   17.5     91  13.70    100     23  298.2  338.2  300.6
  915.5    914   19.0    7.1     46   6.94    100     24  299.6  320.4  300.9
  911.0    957   19.0    4.0     37   5.63    100     24  300.0  317.1  301.1
  883.5   1219   17.1    8.1     56   7.74    100     22  300.7  323.8  302.1
  850.0   1549   14.6   13.3     92  11.42    100     18  301.4  335.3  303.5
  822.0   1828   13.2   10.4     83   9.71     95     17  302.8  331.9  304.6
  792.5   2133   11.6    7.2     74   8.10     90     16  304.4  328.9  305.8
  764.0   2438   10.1    4.0     66   6.72     95     15  305.9  326.6  307.1
  736.6   2743    8.6    0.8     58   5.55     95     14  307.4  324.7  308.4
  700.0   3168    6.4   -3.6     49   4.21     90     15  309.5  323.0  310.3
  659.1   3657    3.8   -8.2     41   3.15     90     15  312.0  322.3  312.6
  611.5   4267    0.5  -13.9     33   2.15     95     15  315.0  322.2  315.4
  600.0   4421   -0.3  -15.3     31   1.95     93     13  315.7  322.4  316.1
  566.7   4876   -3.3  -12.0     51   2.70     85      8  317.4  326.5  317.9
  558.0   4999   -4.1  -11.1     58   2.95     84      8  317.9  327.8  318.4
  524.0   5494   -6.7  -36.7      7   0.32     82      6  320.5  321.7  320.6
  500.0   5860   -7.7  -37.7      7   0.30     80      5  323.6  324.8  323.6
  484.8   6096   -9.2  -39.2      7   0.27     80      6  324.6  325.7  324.7
  400.0   7560  -18.5  -48.5      5   0.12     25     11  330.9  331.4  330.9
  396.7   7620  -19.0  -49.0      5   0.11     25     11  331.0  331.5  331.0
  321.0   9144  -31.7  -61.7      4   0.03     25     17  334.1  334.3  334.1
  300.0   9630  -35.7  -65.7      3   0.02    360     15  334.9  335.0  334.9
  278.0  10155  -40.1  -79.1      1   0.00    358     18  336.0  336.0  336.0
  257.6  10668  -45.0                         355     21  336.2         336.2
  250.0  10870  -46.9                         355     21  336.2         336.2
  220.0  11701  -54.5                         335     25  337.0         337.0
  200.0  12310  -55.1                         320     28  345.4         345.4
  194.2  12496  -56.0                         305     28  346.8         346.8
  176.0  13117  -59.1                         307     22  351.6         351.6
  171.0  13298  -58.3                         307     21  355.9         355.9
  150.0  14110  -63.7                         310     13  360.1         360.1
  124.1  15240  -68.9                         320     13  370.7         370.7
  101.2  16459  -74.6                         360      7  382.1         382.1
  100.0  16530  -74.9                          10      8  382.8         382.8
   91.1  17068  -76.6                          30      7  389.6         389.6
   87.0  17333  -77.5                          25      7  393.1         393.1
   73.8  18288  -74.6                          90      8  418.1         418.1
   70.0  18590  -73.7                         100      7  426.4         426.4
   60.0  19507  -67.7                          80      5  459.0         459.0
   57.0  19813  -65.7                          76      5  470.3         470.3
   50.0  20610  -64.9                          65      6  490.1         490.1


      Station information and sounding indices

                         Station identifier: TNCM
                             Station number: 78866
                           Observation time: 840114/1200
                           Station latitude: 18.03
                          Station longitude: -63.11
                          Station elevation: 4.0
                            Showalter index: 1.19
                               Lifted index: -0.41
    LIFT computed using virtual temperature: -1.08
                                SWEAT index: 200.61
                                    K index: 25.60
                         Cross totals index: 21.00
                      Vertical totals index: 22.30
                        Totals totals index: 43.30
      Convective Available Potential Energy: 324.28
             CAPE using virtual temperature: 486.35
                      Convective Inhibition: -18.92
             CINS using virtual temperature: -0.41
                           Equilibrum Level: 216.16
 Equilibrum Level using virtual temperature: 216.14
                   Level of Free Convection: 856.43
             LFCT using virtual temperature: 897.84
                     Bulk Richardson Number: 120.04
          Bulk Richardson Number using CAPV: 180.04
  Temp [K] of the Lifted Condensation Level: 290.59
Pres [hPa] of the Lifted Condensation Level: 912.39
   Equivalent potential temp [K] of the LCL: 338.99
     Mean mixed layer potential temperature: 298.32
              Mean mixed layer mixing ratio: 13.98
              1000 hPa to 500 hPa thickness: 5715.00
Precipitable water [mm] for entire sounding: 35.49


    78866 TNCM Juliana Airport Observations at 12Z 15 Jan 1984

-----------------------------------------------------------------------------
   PRES   HGHT   TEMP   DWPT   RELH   MIXR   DRCT   SKNT   THTA   THTE   THTV
    hPa     m      C      C      %    g/kg    deg   knot     K      K      K 
-----------------------------------------------------------------------------
 1015.0      4   25.2   23.1     88  17.89     95     17  297.1  349.0  300.3
 1000.0    136   24.6   20.7     79  15.63    100     18  297.8  343.2  300.5
  981.0    304   23.0   20.0     83  15.24    100     19  297.7  342.1  300.5
  952.0    566   20.4   18.9     91  14.66    104     19  297.7  340.4  300.3
  947.2    609   20.1   18.5     90  14.37    105     19  297.9  339.7  300.4
  914.1    914   18.4   15.8     85  12.46    110     20  299.1  335.7  301.4
  882.2   1219   16.6   13.0     79  10.77    110     22  300.4  332.2  302.3
  850.0   1538   14.8   10.1     73   9.21    110     25  301.6  329.1  303.3
  820.9   1828   13.2    9.3     77   9.04    115     20  302.9  330.1  304.6
  791.4   2133   11.5    8.5     82   8.86    120     18  304.3  331.1  305.9
  763.0   2438    9.8    7.7     87   8.69    120     19  305.7  332.1  307.3
  735.6   2743    8.1    6.8     92   8.51    125     13  307.0  333.1  308.6
  700.0   3156    5.8    5.7     99   8.27    130     11  308.9  334.4  310.4
  657.4   3657    2.9    1.0     87   6.28    150     11  311.2  331.0  312.4
  609.0   4267   -0.6   -4.8     73   4.41    360      6  314.0  328.3  314.9
  564.2   4876   -4.1  -10.6     61   3.04     65      5  316.8  326.9  317.4
  500.0   5840   -9.7  -19.7     44   1.61    320      5  321.1  326.8  321.5
  483.6   6096  -11.0  -24.0     33   1.15    330      6  322.6  326.8  322.9
  400.0   7550  -18.3  -48.3      5   0.12     55      6  331.1  331.6  331.1
  396.1   7620  -18.9  -48.9      5   0.11     60      6  331.2  331.7  331.3
  320.5   9144  -32.3  -62.3      3   0.03    255      9  333.4  333.5  333.4
  300.0   9620  -36.5  -66.5      3   0.02    270     12  333.8  333.9  333.8
  256.8  10668  -45.4                         285     11  335.9         335.9
  250.0  10850  -46.9                         285     11  336.2         336.2
  203.3  12192  -55.2                         280     21  343.5         343.5
  200.0  12300  -55.9                         270     27  344.1         344.1
  193.8  12496  -56.9                         260     31  345.6         345.6
  167.3  13411  -61.7                         280     21  352.4         352.4
  150.0  14090  -65.3                         270     15  357.4         357.4
  123.5  15240  -70.8                         265     11  367.9         367.9
  100.0  16490  -76.7                         260      9  379.3         379.3
   85.8  17373  -75.8                         300      6  398.1         398.1
   77.2  17983  -75.1                         350      8  411.7         411.7
   70.0  18550  -74.5                          10      7  424.7         424.7
   69.5  18592  -74.3                          10      7  426.0         426.0
   62.8  19202  -71.1                          50      6  445.6         445.6
   50.0  20560  -64.1                          90      3  492.0         492.0
   44.2  21336  -59.1                          90      3  521.8         521.8
   37.0  22460  -51.9                         115      4  567.5         567.5
   33.2  23164  -52.0                         130      4  585.1         585.1
   30.2  23774  -52.1                         145      6  600.8         600.8
   30.0  23820  -52.1                         145      5  602.0         602.0
   20.0  26430  -53.7                         115     14  671.0         671.0
   18.9  26822  -52.5                         110     16  686.2         686.2
   17.2  27432  -50.7                         105     17  710.4         710.4
   13.6  28956  -46.1                          75      9  774.4         774.4
   11.3  30175  -42.5                          60     11  829.5         829.5
   11.0  30374  -41.9                                     838.9         838.9


      Station information and sounding indices

                         Station identifier: TNCM
                             Station number: 78866
                           Observation time: 840115/1200
                           Station latitude: 18.03
                          Station longitude: -63.11
                          Station elevation: 4.0
                            Showalter index: 2.04
                               Lifted index: -4.02
    LIFT computed using virtual temperature: -4.58
                                SWEAT index: 176.19
                                    K index: 34.50
                         Cross totals index: 19.80
                      Vertical totals index: 24.50
                        Totals totals index: 44.30
      Convective Available Potential Energy: 1217.87
             CAPE using virtual temperature: 1370.17
                      Convective Inhibition: -1.48
             CINS using virtual temperature: -0.00
                           Equilibrum Level: 209.51
 Equilibrum Level using virtual temperature: 209.41
                   Level of Free Convection: 924.34
             LFCT using virtual temperature: 942.21
                     Bulk Richardson Number: 199.32
          Bulk Richardson Number using CAPV: 224.25
  Temp [K] of the Lifted Condensation Level: 292.91
Pres [hPa] of the Lifted Condensation Level: 945.53
   Equivalent potential temp [K] of the LCL: 342.99
     Mean mixed layer potential temperature: 297.65
              Mean mixed layer mixing ratio: 15.62
              1000 hPa to 500 hPa thickness: 5704.00
Precipitable water [mm] for entire sounding: 45.52


    78866 TNCM Juliana Airport Observations at 12Z 16 Jan 1984

-----------------------------------------------------------------------------
   PRES   HGHT   TEMP   DWPT   RELH   MIXR   DRCT   SKNT   THTA   THTE   THTV
    hPa     m      C      C      %    g/kg    deg   knot     K      K      K 
-----------------------------------------------------------------------------
 1015.0      4   26.2   22.8     82  17.56    100     19  298.1  349.3  301.2
 1000.0    134   24.4   18.4     69  13.50    105     20  297.6  336.9  300.0
  945.0    628   20.0   18.3     90  14.21    103     20  297.9  339.3  300.5
  850.0   1535   14.0    8.0     67   7.98    100     19  300.8  324.7  302.2
  745.0   2640    9.0    3.0     66   6.41     25     17  306.9  326.8  308.1
  727.0   2843    8.4   -2.6     46   4.37     11     17  308.4  322.2  309.2
  712.0   3015    7.4    1.4     66   5.98    360     16  309.1  327.9  310.3
  700.0   3155    7.2   -1.8     53   4.81    350     16  310.4  325.7  311.3
  673.0   3479    7.4  -22.6     10   0.93    345     15  314.2  317.4  314.3
  594.0   4494   -0.3  -30.3      8   0.52    330     13  316.6  318.6  316.7
  552.0   5079   -2.1  -19.1     26   1.54    322     12  321.2  326.6  321.5
  500.0   5860   -7.1  -18.1     41   1.85    310     10  324.3  330.8  324.7
  465.0   6422  -10.7  -40.7      7   0.24    311     10  326.6  327.6  326.7
  400.0   7560  -19.3  -49.3      5   0.11    313     11  329.8  330.3  329.8
  318.0   9218  -33.7  -48.7     21   0.14    316     13  332.2  332.8  332.2
  300.0   9624  -36.7                         317     13  333.5         333.5
  123.0  15323  -72.9                         330     18  364.4         364.4


      Station information and sounding indices

                         Station identifier: TNCM
                             Station number: 78866
                           Observation time: 840116/1200
                           Station latitude: 18.03
                          Station longitude: -63.11
                          Station elevation: 4.0
                            Showalter index: 6.88
                               Lifted index: 0.20
    LIFT computed using virtual temperature: -0.22
                                SWEAT index: 144.00
                                    K index: 20.10
                         Cross totals index: 15.10
                      Vertical totals index: 21.10
                        Totals totals index: 36.20
      Convective Available Potential Energy: 249.50
             CAPE using virtual temperature: 386.02
                      Convective Inhibition: -8.93
             CINS using virtual temperature: -4.64
                           Equilibrum Level: 271.05
 Equilibrum Level using virtual temperature: 268.17
                   Level of Free Convection: 885.89
             LFCT using virtual temperature: 903.13
                     Bulk Richardson Number: 6.90
          Bulk Richardson Number using CAPV: 10.67
  Temp [K] of the Lifted Condensation Level: 291.05
Pres [hPa] of the Lifted Condensation Level: 923.89
   Equivalent potential temp [K] of the LCL: 338.97
     Mean mixed layer potential temperature: 297.73
              Mean mixed layer mixing ratio: 14.23
              1000 hPa to 500 hPa thickness: 5726.00
Precipitable water [mm] for entire sounding: 34.35


    78866 TNCM Juliana Airport Observations at 12Z 21 Jan 1984

-----------------------------------------------------------------------------
   PRES   HGHT   TEMP   DWPT   RELH   MIXR   DRCT   SKNT   THTA   THTE   THTV
    hPa     m      C      C      %    g/kg    deg   knot     K      K      K 
-----------------------------------------------------------------------------
 1016.0      4   25.2   22.1     83  16.79     80     14  297.0  345.7  300.0
 1000.0    142   24.2   20.5     80  15.43     80     15  297.4  342.2  300.1
  981.5    304   22.8   19.6     82  14.81     85     16  297.5  340.6  300.2
  947.5    609   20.1   17.8     86  13.70     90     18  297.8  337.8  300.3
  914.8    914   17.5   16.0     91  12.65     90     22  298.1  335.1  300.4
  890.0   1152   15.4   14.6     95  11.87     98     24  298.3  333.1  300.4
  883.0   1219   15.0   14.1     94  11.57    100     25  298.6  332.5  300.7
  850.0   1542   13.2   11.6     90  10.19    100     29  300.0  330.1  301.8
  821.6   1828   12.4    6.2     66   7.29    100     32  302.1  324.1  303.4
  799.0   2062   11.8    1.8     50   5.48    104     28  303.8  320.7  304.8
  792.3   2133   11.3    6.2     71   7.56    105     27  304.1  327.1  305.5
  790.0   2157   11.2    7.7     79   8.41    105     27  304.2  329.6  305.7
  766.0   2415   10.4   -6.6     30   3.06    100     26  306.0  315.8  306.6
  763.8   2438   10.2   -5.7     32   3.29    100     26  306.1  316.6  306.7
  742.0   2679    8.6    3.8     72   6.82    100     27  306.8  327.9  308.1
  736.3   2743    8.6   -6.3     34   3.25    100     27  307.5  317.9  308.1
  734.0   2769    8.6  -10.4     25   2.37     99     27  307.8  315.5  308.2
  700.0   3160    7.8  -22.2     10   0.93     90     23  311.1  314.3  311.3
  658.0   3657    4.2  -25.8      9   0.71     90     17  312.5  315.1  312.7
  609.9   4267   -0.3  -30.3      8   0.51     70     26  314.3  316.1  314.4
  565.4   4876   -4.7  -34.7      8   0.36     55     24  315.9  317.2  316.0
  562.0   4925   -5.1  -35.1      7   0.35     55     24  316.0  317.3  316.1
  500.0   5840   -6.5  -36.5      7   0.34     55     26  325.1  326.4  325.1
  483.5   6096   -8.5  -38.5      7   0.29     55     27  325.8  326.9  325.8
  400.0   7540  -19.5  -49.5      5   0.10     45     36  329.6  330.0  329.6
  395.6   7620  -20.2  -50.2      5   0.10     40     37  329.7  330.2  329.8
  300.0   9610  -36.7  -66.7      3   0.02     20     30  333.5  333.6  333.5
  282.0  10036  -40.1  -70.1      3   0.01     30     33  334.6  334.6  334.6
  250.0  10850  -44.7                          50     38  339.5         339.5
  200.0  12310  -55.1                          10     22  345.4         345.4
  150.0  14110  -62.7                          35     20  361.9         361.9
  100.0  16540  -75.3                         355     17  382.0         382.0
   79.0  17891  -79.5                          40     10  399.9         399.9
   73.7  18288  -78.3                          40      8  410.4         410.4
   70.0  18580  -77.5                          45     17  418.3         418.3
   56.8  19812  -70.3                          60     18  460.4         460.4
   51.2  20421  -66.7                         100     22  482.6         482.6
   50.0  20560  -65.9                         100     22  487.8         487.8
   44.2  21336  -60.3                         125     21  519.1         519.1
   38.0  22274  -53.5                         125     18  559.1         559.1
   30.0  23780  -57.5                         125     14  587.3         587.3
   27.3  24384  -56.1                         100     17  607.2         607.2
   21.5  25908  -52.6                          85     27  660.4         660.4
   20.0  26380  -51.5                          90     28  677.8         677.8
   17.0  27432  -49.3                          95     30  716.6         716.6
   15.5  28041  -48.0                         100     29  740.0         740.0
   13.5  28961  -46.1                                     776.8         776.8


      Station information and sounding indices

                         Station identifier: TNCM
                             Station number: 78866
                           Observation time: 840121/1200
                           Station latitude: 18.03
                          Station longitude: -63.11
                          Station elevation: 4.0
                            Showalter index: 4.78
                               Lifted index: -0.16
    LIFT computed using virtual temperature: -0.88
                                SWEAT index: 223.19
                                    K index: 1.30
                         Cross totals index: 18.10
                      Vertical totals index: 19.70
                        Totals totals index: 37.80
      Convective Available Potential Energy: 770.12
             CAPE using virtual temperature: 1002.62
                      Convective Inhibition: -2.55
             CINS using virtual temperature: -0.70
                           Equilibrum Level: 242.95
 Equilibrum Level using virtual temperature: 242.82
                   Level of Free Convection: 930.70
             LFCT using virtual temperature: 937.59
                     Bulk Richardson Number: 123.57
          Bulk Richardson Number using CAPV: 160.87
  Temp [K] of the Lifted Condensation Level: 292.35
Pres [hPa] of the Lifted Condensation Level: 941.50
   Equivalent potential temp [K] of the LCL: 341.33
     Mean mixed layer potential temperature: 297.44
              Mean mixed layer mixing ratio: 15.13
              1000 hPa to 500 hPa thickness: 5698.00
Precipitable water [mm] for entire sounding: 31.94


    78866 TNCM Juliana Airport Observations at 12Z 23 Jan 1984

-----------------------------------------------------------------------------
   PRES   HGHT   TEMP   DWPT   RELH   MIXR   DRCT   SKNT   THTA   THTE   THTV
    hPa     m      C      C      %    g/kg    deg   knot     K      K      K 
-----------------------------------------------------------------------------
 1016.0      4   25.8   22.7     83  17.43     75     18  297.6  348.3  300.7
 1000.0    141   24.6   21.4     82  16.33     80     19  297.8  345.3  300.7
  938.0    701   20.0   19.0     94  14.97     78     19  298.6  342.3  301.2
  850.0   1548   15.4   10.6     73   9.53     75     19  302.3  330.8  304.0
  787.0   2198   11.6    2.6     54   5.90     85     17  304.9  323.1  306.0
  700.0   3168    5.4   -6.6     42   3.35    100     13  308.4  319.2  309.1
  646.0   3819    1.2  -10.8     40   2.61     82     16  310.8  319.4  311.3
  621.0   4136    1.2  -28.8      9   0.57     73     17  314.4  316.4  314.5
  538.0   5274   -5.7  -35.7      7   0.34     41     22  319.3  320.6  319.3
  526.0   5451   -3.3  -33.3      8   0.44     36     23  324.2  325.9  324.3
  500.0   5850   -5.9  -35.9      7   0.36     25     25  325.8  327.2  325.9
  400.0   7560  -17.9  -47.9      5   0.13    340     19  331.6  332.2  331.7
  300.0   9640  -35.5  -65.5      3   0.02    350     22  335.2  335.3  335.2
  276.0  10213  -40.1  -70.1      3   0.01    327     27  336.7  336.7  336.7
  250.0  10880  -44.5                         300     34  339.8         339.8
  200.0  12340  -54.5                         275     42  346.3         346.3
  170.0  13362  -62.3                         295     31  349.8         349.8
  150.0  14130  -65.3                         310     23  357.4         357.4
  100.0  16540  -74.5                         345     18  383.5         383.5
   88.0  17277  -76.9                         350     10  393.0         393.0
   70.0  18590  -76.3                          15      8  420.8         420.8
   50.0  20580  -66.1                          80     15  487.3         487.3
   37.0  22438  -58.7                          92     18  550.1         550.1
   30.0  23760  -57.1                         100     20  588.4         588.4
   25.0  24910  -58.1                          80     24  617.0         617.0
   20.0  26340  -49.9                          55     28  682.7         682.7
   14.0  28683  -47.5                                     764.0         764.0
   11.0  30295  -42.3                                     837.4         837.4


      Station information and sounding indices

                         Station identifier: TNCM
                             Station number: 78866
                           Observation time: 840123/1200
                           Station latitude: 18.03
                          Station longitude: -63.11
                          Station elevation: 4.0
                            Showalter index: 5.06
                               Lifted index: -0.97
    LIFT computed using virtual temperature: -1.78
                                SWEAT index: 190.20
                                    K index: 19.90
                         Cross totals index: 16.50
                      Vertical totals index: 21.30
                        Totals totals index: 37.80
      Convective Available Potential Energy: 1097.95
             CAPE using virtual temperature: 1345.85
                      Convective Inhibition: -2.27
             CINS using virtual temperature: -1.28
                           Equilibrum Level: 215.11
 Equilibrum Level using virtual temperature: 214.94
                   Level of Free Convection: 933.13
             LFCT using virtual temperature: 940.82
                     Bulk Richardson Number: 997.35
          Bulk Richardson Number using CAPV: 1222.54
  Temp [K] of the Lifted Condensation Level: 293.54
Pres [hPa] of the Lifted Condensation Level: 949.62
   Equivalent potential temp [K] of the LCL: 344.92
     Mean mixed layer potential temperature: 297.92
              Mean mixed layer mixing ratio: 16.17
              1000 hPa to 500 hPa thickness: 5709.00
Precipitable water [mm] for entire sounding: 35.61


    78866 TNCM Juliana Airport Observations at 12Z 25 Jan 1984

-----------------------------------------------------------------------------
   PRES   HGHT   TEMP   DWPT   RELH   MIXR   DRCT   SKNT   THTA   THTE   THTV
    hPa     m      C      C      %    g/kg    deg   knot     K      K      K 
-----------------------------------------------------------------------------
 1015.0      4   25.0   21.1     79  15.79                296.9  342.7  299.7
 1000.0    132   24.2   20.4     80  15.39                297.4  342.1  300.1
  980.3    304   22.7   19.6     83  14.86     80     16  297.6  340.8  300.2
  946.3    609   20.1   18.1     88  13.97     80     21  297.9  338.6  300.4
  913.5    914   17.4   16.5     94  13.11     80     23  298.2  336.5  300.6
  913.0    919   17.4   16.5     94  13.10     80     23  298.2  336.5  300.6
  903.0   1013   14.4    4.4     51   5.84     78     23  296.1  313.4  297.1
  893.0   1107   17.0    6.0     48   6.61     77     22  299.7  319.5  300.9
  881.3   1219   16.5                          75     22  300.3         300.3
  850.0   1526   15.0                          75     22  301.9         301.9
  819.9   1828   13.5                          75     21  303.4         303.4
  790.5   2133   12.0                          80     23  305.0         305.0
  762.2   2438   10.5                          75     13  306.5         306.5
  742.0   2663    9.4                          71     13  307.7         307.7
  734.8   2743    8.9                          70     13  308.0         308.0
  656.9   3657    2.9                          75     20  311.3         311.3
  634.0   3947    1.0                          68     20  312.3         312.3
  609.3   4267    1.4                          60     20  316.3         316.3
  609.0   4270    1.4                          60     20  316.3         316.3
  563.2   4876   -3.6                          40     24  317.6         317.6
  481.1   6096  -13.8                          30     27  319.7         319.7
  440.0   6787  -19.5                          28     34  320.7         320.7
  424.0   7063  -19.5                          27     38  324.1         324.1
  392.6   7620  -23.0                          25     44  326.8         326.8
  321.0   9080  -32.1                                     333.5         333.5
  300.0   9559  -31.5                                     340.9         340.9
  260.0  10556  -39.5                                     343.3         343.3
  169.0  13373  -60.5                                     353.4         353.4
   89.0  17195  -79.1                         340     20  387.3         387.3
   70.0  18590  -70.9                         350     23  432.4         432.4
   50.0  20620  -64.3                          50     22  491.5         491.5
   30.0  23830  -54.7                          85     24  594.9         594.9
   20.0  26480  -48.1                          70     36  688.2         688.2


      Station information and sounding indices

                         Station identifier: TNCM
                             Station number: 78866
                           Observation time: 840125/1200
                           Station latitude: 18.03
                          Station longitude: -63.11
                          Station elevation: 4.0
                               Lifted index: -4.84
    LIFT computed using virtual temperature: -5.60
                      Vertical totals index: 26.28
      Convective Available Potential Energy: 929.09
             CAPE using virtual temperature: 1243.71
                      Convective Inhibition: -3.04
             CINS using virtual temperature: -1.50
                           Equilibrum Level: 308.80
 Equilibrum Level using virtual temperature: 308.84
                   Level of Free Convection: 927.68
             LFCT using virtual temperature: 933.02
                     Bulk Richardson Number: 262.92
          Bulk Richardson Number using CAPV: 351.95
  Temp [K] of the Lifted Condensation Level: 292.23
Pres [hPa] of the Lifted Condensation Level: 940.04
   Equivalent potential temp [K] of the LCL: 341.06
     Mean mixed layer potential temperature: 297.45
              Mean mixed layer mixing ratio: 15.03
              1000 hPa to 500 hPa thickness: 5665.34
Precipitable water [mm] for entire sounding: 16.62


    78866 TNCM Juliana Airport Observations at 12Z 26 Jan 1984

-----------------------------------------------------------------------------
   PRES   HGHT   TEMP   DWPT   RELH   MIXR   DRCT   SKNT   THTA   THTE   THTV
    hPa     m      C      C      %    g/kg    deg   knot     K      K      K 
-----------------------------------------------------------------------------
 1016.0      4   25.2   21.2     79  15.87     90     13  297.0  343.1  299.8
 1000.0    142   24.0   18.0     69  13.16     90     13  297.1  335.4  299.5
  981.6    304   22.5   17.9     75  13.29     85     17  297.2  335.9  299.6
  947.8    609   19.6   17.6     88  13.54     90     20  297.3  336.7  299.7
  936.0    718   18.6   17.5     93  13.63     90     20  297.3  336.9  299.8
  914.9    914   17.7   14.9     84  11.79     90     19  298.3  332.8  300.4
  887.0   1180   16.4   11.4     72   9.63     94     21  299.6  328.1  301.4
  883.0   1219   16.4    9.5     64   8.48     95     21  300.0  325.2  301.5
  868.0   1365   16.2    2.2     39   5.19     95     21  301.3  317.2  302.2
  850.0   1543   15.2    1.2     39   4.93     95     22  302.1  317.2  303.0
  821.5   1828   13.8   -3.0     31   3.74     85     17  303.5  315.3  304.2
  792.1   2133   12.3   -7.5     24   2.76     75     18  305.1  313.9  305.6
  763.8   2438   10.8  -12.0     19   2.00     75     21  306.7  313.2  307.0
  736.4   2743    9.3  -16.5     14   1.43     75     18  308.2  313.1  308.5
  700.0   3167    7.2  -22.8     10   0.88     80     13  310.4  313.5  310.6
  658.9   3657    4.8  -25.1      9   0.76     75     14  313.2  315.9  313.3
  611.0   4267    1.9  -28.1      9   0.62     70     15  316.6  318.9  316.8
  566.8   4876   -1.0  -31.0      8   0.51     65     21  320.1  322.0  320.2
  545.0   5193   -2.5  -32.5      8   0.46     68     22  321.9  323.6  322.0
  500.0   5870   -8.7  -38.7      7   0.27     75     25  322.4  323.4  322.4
  485.2   6096  -10.6  -40.6      7   0.23     65     26  322.8  323.7  322.9
  406.0   7440  -21.9  -51.9      5   0.08     33     30  325.1  325.4  325.1
  400.0   7550  -20.9  -50.9      5   0.09     30     30  327.7  328.1  327.8
  396.1   7620  -21.4  -51.4      5   0.09     30     31  328.0  328.4  328.1
  300.0   9620  -34.9  -64.9      3   0.02     15     50  336.1  336.2  336.1
  264.0  10501  -40.1  -70.1      3   0.01    354     47  341.0  341.0  341.0
  250.0  10870  -42.7                         345     45  342.4         342.4
  200.0  12350  -51.5                         310     26  351.1         351.1
  150.0  14160  -65.7                         335     29  356.7         356.7
  100.0  16550  -75.3                         340     22  382.0         382.0
   85.0  17480  -80.7                         355     22  389.2         389.2
   70.0  18600  -72.1                           5     16  429.8         429.8
   60.3  19507  -66.3                           5     15  461.5         461.5
   50.0  20640  -59.1                          70     19  503.8         503.8
   44.8  21336  -58.1                          90     17  522.2         522.2
   36.9  22555  -56.5                         130     13  556.0         556.0
   33.0  23267  -55.5                         122     15  576.8         576.8
   30.0  23880  -51.5                         115     17  603.6         603.6
   27.8  24384  -50.0                         100     20  621.3         621.3
   24.0  25343  -47.1                         102     24  656.1         656.1
   20.0  26550  -46.9                         105     29  691.8         691.8
   17.5  27432  -46.4                         110     30  720.4         720.4
   15.0  28460  -45.7                         100     29  755.1         755.1
   12.7  29565  -41.7                          90     28  805.2         805.2
   12.5  29686  -41.3                                     810.9         810.9


      Station information and sounding indices

                         Station identifier: TNCM
                             Station number: 78866
                           Observation time: 840126/1200
                           Station latitude: 18.03
                          Station longitude: -63.11
                          Station elevation: 4.0
                            Showalter index: 9.33
                               Lifted index: -0.44
    LIFT computed using virtual temperature: -1.06
                                SWEAT index: 83.42
                                    K index: -4.90
                         Cross totals index: 9.90
                      Vertical totals index: 23.90
                        Totals totals index: 33.80
      Convective Available Potential Energy: 158.05
             CAPE using virtual temperature: 244.09
                      Convective Inhibition: -168.57
             CINS using virtual temperature: -5.74
                           Equilibrum Level: 335.26
 Equilibrum Level using virtual temperature: 336.67
                   Level of Free Convection: 508.59
             LFCT using virtual temperature: 875.73
                     Bulk Richardson Number: 104.96
          Bulk Richardson Number using CAPV: 162.09
  Temp [K] of the Lifted Condensation Level: 290.40
Pres [hPa] of the Lifted Condensation Level: 922.66
   Equivalent potential temp [K] of the LCL: 336.71
     Mean mixed layer potential temperature: 297.17
              Mean mixed layer mixing ratio: 13.64
              1000 hPa to 500 hPa thickness: 5728.00
Precipitable water [mm] for entire sounding: 24.51


    78866 TNCM Juliana Airport Observations at 12Z 29 Jan 1984

-----------------------------------------------------------------------------
   PRES   HGHT   TEMP   DWPT   RELH   MIXR   DRCT   SKNT   THTA   THTE   THTV
    hPa     m      C      C      %    g/kg    deg   knot     K      K      K 
-----------------------------------------------------------------------------
 1014.0      4   26.0   21.5     76  16.20     90     15  298.0  345.2  300.9
 1000.0    124   23.8   17.8     69  12.99     90     16  296.9  334.7  299.3
  979.4    304   22.6   16.1     67  11.92     90     16  297.5  332.2  299.6
  945.6    609   20.4   13.3     64  10.28     95     16  298.3  328.5  300.2
  912.9    914   18.3   10.6     61   8.83     95     15  299.2  325.3  300.8
  902.0   1018   17.6    9.6     59   8.38     97     16  299.4  324.4  301.0
  880.9   1219   15.7    9.7     67   8.63    100     17  299.5  325.1  301.1
  850.0   1522   12.8    9.8     82   9.02    100     19  299.5  326.3  301.2
  819.5   1828   11.4    1.8     52   5.36    105     18  301.2  317.5  302.2
  795.0   2083   10.2   -4.8     34   3.38     97     16  302.5  313.2  303.2
  790.2   2133   10.7   -5.9     31   3.13     95     16  303.6  313.5  304.2
  774.0   2306   12.4   -9.6     21   2.40     84     16  307.2  315.1  307.7
  761.9   2438   11.9  -11.4     18   2.12     75     16  308.1  315.1  308.5
  734.5   2743   10.7  -15.4     14   1.57     65     15  310.1  315.4  310.3
  700.0   3144    9.2  -20.8     10   1.05     70     17  312.6  316.3  312.8
  657.4   3657    6.9  -23.1     10   0.91     85     17  315.7  318.9  315.8
  610.0   4267    4.1  -25.9      9   0.76     65     17  319.3  322.0  319.4
  571.0   4807    1.6  -28.4      9   0.65     39     14  322.5  324.9  322.6
  566.0   4876    1.1  -28.9      9   0.62     35     14  322.6  325.0  322.8
  500.0   5860   -6.5  -36.5      7   0.34     30     17  325.1  326.4  325.1
  485.0   6096   -7.6  -37.6      7   0.31     30     15  326.6  327.8  326.6
  452.0   6643  -10.1  -40.1      7   0.26     26     14  330.0  331.1  330.1
  400.0   7570  -18.7  -48.7      5   0.11     20     12  330.6  331.1  330.6
  397.2   7620  -19.1  -49.1      5   0.11     25     12  330.7  331.2  330.8
  300.0   9640  -35.5  -65.5      3   0.02     90     11  335.2  335.3  335.2
  271.0  10343  -40.1  -70.1      3   0.01     12      9  338.4  338.5  338.4
  250.0  10890  -44.1                         310      8  340.4         340.4
  200.0  12350  -54.1                         280     23  346.9         346.9
  185.0  12849  -55.5                         287     25  352.5         352.5
  150.0  14160  -64.1                         305     31  359.5         359.5
  118.0  15600  -73.3                         341     39  368.0         368.0
  100.0  16560  -77.5                           5     44  377.7         377.7
   88.0  17290  -77.9                           1     44  391.0         391.0
   74.0  18288  -74.4                         355     43  418.1         418.1
   70.0  18610  -73.3                         360     40  427.2         427.2
   66.7  18897  -71.2                          25     31  437.6         437.6
   63.5  19202  -69.0                          40     26  448.9         448.9
   57.3  19812  -64.5                          85     25  472.2         472.2
   55.0  20063  -62.7                          60     24  482.0         482.0
   51.9  20421  -63.4                          25     23  488.4         488.4
   50.0  20650  -63.9                          95     23  492.5         492.5
   41.0  21885  -57.3                                     537.6         537.6


      Station information and sounding indices

                         Station identifier: TNCM
                             Station number: 78866
                           Observation time: 840129/1200
                           Station latitude: 18.03
                          Station longitude: -63.11
                          Station elevation: 4.0
                            Showalter index: 6.66
                               Lifted index: 3.05
    LIFT computed using virtual temperature: 2.51
                                SWEAT index: 172.59
                                    K index: -0.90
                         Cross totals index: 16.30
                      Vertical totals index: 19.30
                        Totals totals index: 35.60
      Convective Available Potential Energy: 10.41
             CAPE using virtual temperature: 32.42
                      Convective Inhibition: -34.76
             CINS using virtual temperature: -19.02
                           Equilibrum Level: 791.81
 Equilibrum Level using virtual temperature: 783.87
                   Level of Free Convection: 860.40
             LFCT using virtual temperature: 871.51
                     Bulk Richardson Number: 5.76
          Bulk Richardson Number using CAPV: 17.95
  Temp [K] of the Lifted Condensation Level: 288.67
Pres [hPa] of the Lifted Condensation Level: 900.30
   Equivalent potential temp [K] of the LCL: 333.79
     Mean mixed layer potential temperature: 297.48
              Mean mixed layer mixing ratio: 12.56
              1000 hPa to 500 hPa thickness: 5736.00
Precipitable water [mm] for entire sounding: 24.26


    78866 TNCM Juliana Airport Observations at 12Z 30 Jan 1984

-----------------------------------------------------------------------------
   PRES   HGHT   TEMP   DWPT   RELH   MIXR   DRCT   SKNT   THTA   THTE   THTV
    hPa     m      C      C      %    g/kg    deg   knot     K      K      K 
-----------------------------------------------------------------------------
 1015.0      4   25.8   21.3     76  15.99     65     16  297.7  344.2  300.5
 1000.0    133   23.6   17.6     69  12.82     65     16  296.8  334.0  299.0
  980.5    304   22.1   17.5     75  12.98     70     16  296.9  334.6  299.2
  946.7    609   19.3   17.3     88  13.27     70     15  297.1  335.6  299.4
  936.0    708   18.4   17.2     93  13.37     70     15  297.1  335.9  299.5
  913.7    914   17.2   15.3     88  12.08     70     14  298.0  333.3  300.1
  881.6   1219   15.5   12.4     82  10.37     70     15  299.3  329.9  301.1
  850.0   1531   13.8    9.5     75   8.84     70     15  300.6  326.9  302.2
  822.0   1813   11.4    8.6     83   8.60     79     15  300.9  326.6  302.5
  820.5   1828   11.4    8.0     80   8.29     80     15  301.1  325.9  302.6
  791.1   2133   11.2   -3.4     36   3.79     95     14  304.1  316.0  304.8
  785.0   2198   11.2   -5.8     30   3.17     97     14  304.7  314.8  305.3
  762.8   2438   11.1  -11.4     19   2.10    105     12  307.1  314.0  307.5
  735.4   2743   11.0  -18.6     11   1.20    100     13  310.2  314.4  310.5
  734.0   2759   11.0  -19.0     10   1.17     99     13  310.4  314.4  310.6
  700.0   3152    8.2  -21.8     10   0.96     70     11  311.5  314.9  311.7
  657.9   3657    5.4  -24.6      9   0.80     70     14  314.0  316.8  314.1
  610.4   4267    2.0  -28.0      9   0.63     65     10  316.9  319.2  317.0
  599.0   4420    1.2  -28.8      9   0.60     65     10  317.6  319.8  317.7
  586.0   4597    2.6  -27.4      9   0.69     65      9  321.2  323.8  321.4
  565.8   4876    0.8  -29.1      9   0.61     65      9  322.4  324.7  322.5
  500.0   5860   -5.3  -35.3      7   0.38     65      6  326.5  328.0  326.6
  484.8   6096   -7.1  -37.1      7   0.33     20      5  327.2  328.5  327.3
  400.0   7570  -18.3  -48.3      5   0.12     65      5  331.1  331.6  331.1
  397.2   7620  -18.7  -48.7      5   0.12     70      5  331.2  331.7  331.2
  300.0   9640  -35.9  -65.9      3   0.02     50      8  334.7  334.7  334.7
  277.0  10188  -40.1  -70.1      3   0.01    353      8  336.3  336.4  336.3
  250.0  10880  -43.9                         280      8  340.7         340.7
  200.0  12350  -53.7                         270     14  347.6         347.6
  159.0  13793  -62.9                                     355.6         355.6


      Station information and sounding indices

                         Station identifier: TNCM
                             Station number: 78866
                           Observation time: 840130/1200
                           Station latitude: 18.03
                          Station longitude: -63.11
                          Station elevation: 4.0
                            Showalter index: 7.53
                               Lifted index: 3.42
    LIFT computed using virtual temperature: 2.85
                                SWEAT index: 149.99
                                    K index: -1.40
                         Cross totals index: 14.80
                      Vertical totals index: 19.10
                        Totals totals index: 33.90
      Convective Available Potential Energy: 11.56
             CAPE using virtual temperature: 33.63
                      Convective Inhibition: -10.24
             CINS using virtual temperature: -5.35
                           Equilibrum Level: 794.91
 Equilibrum Level using virtual temperature: 765.96
                   Level of Free Convection: 854.99
             LFCT using virtual temperature: 886.41
                     Bulk Richardson Number: 5.54
          Bulk Richardson Number using CAPV: 16.12
  Temp [K] of the Lifted Condensation Level: 290.05
Pres [hPa] of the Lifted Condensation Level: 920.96
   Equivalent potential temp [K] of the LCL: 335.65
     Mean mixed layer potential temperature: 296.96
              Mean mixed layer mixing ratio: 13.37
              1000 hPa to 500 hPa thickness: 5727.00
Precipitable water [mm] for entire sounding: 28.17


    78866 TNCM Juliana Airport Observations at 12Z 31 Jan 1984

-----------------------------------------------------------------------------
   PRES   HGHT   TEMP   DWPT   RELH   MIXR   DRCT   SKNT   THTA   THTE   THTV
    hPa     m      C      C      %    g/kg    deg   knot     K      K      K 
-----------------------------------------------------------------------------
 1016.0      4   22.4   21.2     93  15.87    100     15  294.2  339.7  297.0
 1000.0    139   22.0   21.0     94  15.93    100     15  295.1  341.0  298.0
  981.0    304   20.9   19.9     94  15.17    100     16  295.7  339.4  298.4
  946.7    609   18.9   17.9     94  13.85    100     15  296.7  336.8  299.1
  913.7    914   16.9   15.9     94  12.63     95     18  297.6  334.4  299.9
  881.8   1219   14.9   13.9     94  11.49     95     19  298.6  332.2  300.6
  850.0   1534   12.8   11.9     94  10.40     95     16  299.5  330.2  301.4
  820.5   1828   11.3   10.2     93   9.62     95     14  301.0  329.7  302.8
  791.0   2133    9.8    8.5     91   8.86     95     14  302.6  329.2  304.2
  762.6   2438    8.3    6.7     90   8.15    100     12  304.1  328.8  305.6
  735.2   2743    6.8    5.0     88   7.48     90     13  305.7  328.6  307.1
  731.0   2791    6.6    4.7     88   7.38     90     13  305.9  328.6  307.3
  700.0   3146    4.8  -25.2      9   0.71     90     14  307.8  310.2  307.9
  657.5   3657    5.1  -24.9      9   0.78    140     13  313.7  316.4  313.8
  618.0   4162    5.4  -24.6      9   0.85    124     11  319.6  322.7  319.8
  609.9   4267    4.6  -25.4      9   0.80    120     10  319.9  322.8  320.0
  565.0   4876   -0.2  -30.2      8   0.55     90      3  321.3  323.3  321.4
  500.0   5850   -7.9  -37.9      7   0.29                323.3  324.5  323.4
  274.0  10237  -40.1  -70.1      3   0.01                337.4  337.4  337.4
  227.0  11496  -48.9                                     342.6         342.6


      Station information and sounding indices

                         Station identifier: TNCM
                             Station number: 78866
                           Observation time: 840131/1200
                           Station latitude: 18.03
                          Station longitude: -63.11
                          Station elevation: 4.0
                            Showalter index: 3.33
                               Lifted index: -0.82
    LIFT computed using virtual temperature: -1.50
                                    K index: 2.60
                         Cross totals index: 19.80
                      Vertical totals index: 20.70
                        Totals totals index: 40.50
      Convective Available Potential Energy: 420.63
             CAPE using virtual temperature: 555.89
                      Convective Inhibition: -0.28
             CINS using virtual temperature: -0.03
                           Equilibrum Level: 268.38
 Equilibrum Level using virtual temperature: 267.53
                   Level of Free Convection: 948.99
             LFCT using virtual temperature: 955.34
                     Bulk Richardson Number: 728.38
          Bulk Richardson Number using CAPV: 962.61
  Temp [K] of the Lifted Condensation Level: 293.08
Pres [hPa] of the Lifted Condensation Level: 972.45
   Equivalent potential temp [K] of the LCL: 339.54
     Mean mixed layer potential temperature: 295.44
              Mean mixed layer mixing ratio: 15.33
              1000 hPa to 500 hPa thickness: 5711.00
Precipitable water [mm] for entire sounding: 36.30

Description of the data columns
<http://weather.uwyo.edu/upperair/columns.html> or sounding indices
<http://weather.uwyo.edu/upperair/indices.html>.

------------------------------------------------------------------------
/Interested in graduate studies in atmospheric science? Check out our
program at the University of Wyoming
<http://www.uwyo.edu/atsc/howtoapply/>/
------------------------------------------------------------------------
Questions about the weather data provided by this site can be addressed
to Larry Oolman (ldoolman@uwyo.edu) <mailto:ldoolman@uwyo.edu>
------------------------------------------------------------------------
