nbdates	date	aot_440_daily	angstrom440_870	angstrom440_675
22	2007-08-29	0.0954007273	0.3308631364	0.3405299091
21	2007-08-30	0.1593826190	0.2389166667	0.2391376667
25	2007-09-02	0.1699067600	0.3137945600	0.3372791600
49	2007-09-03	0.0871273673	0.5216589796	0.5485172041
28	2007-09-04	0.0793055000	0.4852811071	0.4807794643
27	2007-09-05	0.1008415926	0.3963928519	0.4139142963
44	2007-09-06	0.1411082727	0.3441727045	0.3793462955
35	2007-09-07	0.0798027429	0.5082043429	0.5415930000
15	2007-09-09	0.0634913333	0.5112464667	0.4714338000
17	2007-09-10	0.2841559412	0.3312235882	0.3486441765
16	2007-09-11	0.3701354375	0.2694113750	0.2865480625
24	2007-09-13	0.1389621667	0.3591391667	0.3775762083
28	2007-09-16	0.0836787143	0.7679096786	0.8616632857
27	2007-09-17	0.1004318889	0.8515500741	0.8911325185
30	2007-09-18	0.0869039000	0.8784883667	0.9112357333
34	2007-09-19	0.1660868529	0.2838127941	0.2993416765
14	2007-09-20	0.1326920000	0.8103803571	0.8349552143
20	2007-09-21	0.0846293000	0.9596334500	0.9632078000
13	2007-09-22	0.0786770000	0.8861737692	0.8808045385
16	2007-09-26	0.0838804375	0.3202096875	0.3584730000
14	2007-09-28	0.1308185000	0.2675420714	0.2768057143
14	2007-09-30	0.1516434286	0.9740880000	1.0145957857
26	2007-10-03	0.0859459231	0.5322183077	0.5516531154
24	2007-10-04	0.0619232500	0.5651073750	0.6076456250
15	2007-10-05	0.0560568667	0.4225974667	0.4253898667
18	2007-10-06	0.0734775556	0.3484779444	0.3716227222
21	2007-10-08	0.0582471905	0.9535186667	0.9456047143
21	2007-10-09	0.1149200000	0.3799051429	0.4135716190
24	2007-10-16	0.1192062500	0.1896314167	0.2231514583
28	2007-10-17	0.0918359286	0.2816289643	0.3261908571
15	2007-10-22	0.0608841333	0.4370840667	0.4755374000
14	2007-11-03	0.0969866429	0.4246557857	0.4805872143
29	2007-11-04	0.1361744483	0.5054012069	0.5284279310
30	2007-11-05	0.1064327333	0.6467580667	0.6757854000
38	2007-11-06	0.0537093158	0.6641930526	0.7079793947
18	2007-11-09	0.0675619444	0.4624558889	0.5157755556
17	2007-11-10	0.1196792941	0.2939224706	0.3248610588
21	2007-11-20	0.1199316190	0.5612149048	0.5652842857
18	2007-11-21	0.0558227222	0.5014028889	0.4914177222
33	2007-11-28	0.0653318788	0.2664388788	0.3055223333
39	2007-11-29	0.0502837179	0.3966548462	0.4569780256
53	2007-11-30	0.0492705660	0.8161596226	0.9153531698
38	2007-12-01	0.0524626316	0.9217800000	1.0127689474
40	2007-12-02	0.0323313750	0.8526190000	0.9336476000
44	2007-12-03	0.0544961364	0.3482956818	0.4310161818
29	2007-12-07	0.0743708276	0.3919823448	0.4421367241
20	2007-12-08	0.0939958000	0.3386662000	0.3702596000
47	2007-12-09	0.0931657872	0.4435983830	0.4781843830
23	2007-12-25	0.0553281304	0.3777864783	0.3749009565
17	2007-12-29	0.0669487647	0.2750497647	0.2916460588
24	2008-01-15	0.0967124583	0.2454932500	0.2896515000
13	2008-01-17	0.1034455385	0.1175752308	0.1290363077
39	2008-01-26	0.0628684615	0.2164225897	0.2338009487
27	2008-01-27	0.0538070000	0.2268713333	0.2629361852
19	2008-01-28	0.0487126842	0.2834112632	0.3547024211
22	2008-01-30	0.0681076364	0.1787250455	0.1898104091
35	2008-02-01	0.0822971714	0.6055081714	0.6768104857
35	2008-02-17	0.0430753429	0.3364998286	0.3086842857
15	2008-02-18	0.0728962000	0.2346486000	0.2528082667
23	2008-02-23	0.0661881304	0.1309887826	0.1436398696
18	2008-02-27	0.0623559444	0.1826661111	0.2355016667
26	2008-03-09	0.0708104615	0.3721624231	0.4089963462
24	2008-03-10	0.0475837500	0.3876337083	0.3870340833
29	2008-03-11	0.0551481379	0.4106385862	0.4098986207
20	2008-03-14	0.2774875000	0.2564728000	0.2738451500
20	2008-03-15	0.1251397000	0.2451772000	0.2673831500
36	2008-03-16	0.0679789444	0.4570996667	0.5234053889
24	2008-03-17	0.0461422083	0.4377802917	0.5204292500
23	2008-03-18	0.0320843913	0.6568646957	0.7878736522
34	2008-03-19	0.0461793235	0.9218806176	1.0217833529
25	2008-03-25	0.1258975600	0.1611786400	0.1947737600
32	2008-04-08	0.0739945938	0.3103668750	0.3831348750
12	2008-04-09	0.0879201667	0.2568095833	0.3154458333
19	2008-04-16	0.1245926316	0.1611437895	0.2088886316
12	2008-04-18	0.1005666667	0.1771786667	0.2335407500
13	2008-04-20	0.2419706154	0.1642170000	0.1703532308
32	2008-04-21	0.2179146563	0.2259789375	0.2441500000
20	2008-04-22	0.1885502500	0.1613885500	0.1868146000
40	2008-04-27	0.2342970000	0.2316738000	0.2561850500
27	2008-04-28	0.1279287037	0.2543520741	0.3074140000
47	2008-04-29	0.2341145957	0.2850628511	0.3098574894
39	2008-04-30	0.2178288718	0.3172052051	0.3439658718
51	2008-05-01	0.1598116667	0.4098454314	0.4538104118
33	2008-05-02	0.1120193636	0.2940940606	0.3604291818
36	2008-05-03	0.0664638056	0.6287692222	0.7397962500
14	2008-05-04	0.1029003571	0.3718037857	0.4523947143
14	2008-05-08	0.6380556429	0.0650850000	0.0514247857
17	2008-05-09	0.3447719412	0.1133442353	0.1065982353
49	2008-05-11	0.1584854286	0.2539728776	0.2886755102
35	2008-05-12	0.1284014857	0.3322369143	0.3754380000
46	2008-05-13	0.1088678261	0.2670143261	0.3400583261
17	2008-05-14	0.1131941176	0.2130941176	0.2692162941
46	2008-05-15	0.1196836957	0.2818318043	0.3516603696
38	2008-05-20	0.0836385789	0.5227284211	0.6021870789
30	2008-05-21	0.1075334333	0.4472791667	0.5319347000
33	2008-05-22	0.1201490606	0.3023514242	0.3741940303
42	2008-05-23	0.0987946905	0.3799540952	0.4559075952
29	2008-05-24	0.0901867586	0.3647941379	0.4493805517
40	2008-05-25	0.0946645250	0.4206511250	0.5064564250
25	2008-05-26	0.1807803600	0.2992810400	0.3657735600
25	2008-05-27	0.1497068000	0.2965728400	0.3621712400
13	2008-05-29	0.1833143077	0.3109919231	0.3564505385
30	2008-05-30	0.1385228333	0.4712429333	0.5615613667
27	2008-05-31	0.1246006296	0.2752786296	0.3261150000
22	2008-06-01	0.1459875909	0.2170466818	0.2761639545
17	2008-06-06	0.1091836471	0.2777407647	0.3481312353
19	2008-06-08	0.3517184211	0.1849525789	0.1969638947
31	2008-06-09	0.3361627097	0.1359264516	0.1425048065
14	2008-06-10	0.3786142143	0.1232159286	0.1371137143
12	2008-06-14	0.3213315833	0.2422804167	0.2581863333
14	2008-06-16	0.1316158571	0.1886342143	0.2217454286
35	2008-07-04	0.1529330857	0.3733609714	0.4154687143
29	2008-07-05	0.1316435517	0.2375695862	0.2555417931
35	2008-07-07	0.1035110000	0.2211684000	0.2778272571
53	2008-07-08	0.1458047736	0.2284592642	0.2535076415
37	2008-07-09	0.1197546486	0.3030962973	0.3685425946
17	2008-07-15	0.1876562353	0.2952044706	0.3383871176
24	2008-07-20	0.4784958333	0.1823047083	0.1695689583
40	2008-07-22	0.1626963000	0.4205483750	0.4615547500
33	2008-07-23	0.1123846970	0.3897001818	0.4611780000
15	2008-07-24	0.0655047333	0.3734348000	0.4658162667
36	2008-07-25	0.2071594167	0.1663904444	0.1923751667
12	2008-07-26	0.2932664167	0.1318607500	0.1500537500
37	2008-07-27	0.1457001351	0.1825578919	0.2113455676
18	2008-07-29	0.3588198333	0.2578561111	0.2572633889
36	2008-07-31	0.1439562222	0.4781370278	0.5297644444
28	2008-08-03	0.3567572143	0.2415894286	0.2483613929
13	2008-08-06	0.8732368462	0.1261003846	0.1132378462
18	2008-08-07	0.1991052222	0.2512335556	0.3001113333
19	2008-08-11	0.1588330000	0.3651150000	0.4170503684
24	2008-08-12	0.2786354167	0.2421719167	0.2661158750
21	2008-08-13	0.1822900000	0.4181689524	0.4850076667
36	2008-08-14	0.1109024444	0.5099119444	0.5957159444
34	2008-08-15	0.2910729706	0.1857080294	0.2023494706
16	2008-08-17	0.1587075625	0.4603578125	0.5141703125
40	2008-08-18	0.1713247750	0.5085757500	0.5411721000
19	2008-08-26	0.1852430000	0.6349153684	0.6730655789
20	2008-08-27	0.1971850000	0.6040015500	0.6397940000
42	2008-08-30	0.1994293095	0.2003135476	0.2213398810
32	2008-08-31	0.2039706250	0.1621097500	0.1756642813
39	2008-09-04	0.0573866923	0.4696356667	0.4938797179
18	2008-09-08	0.0985114444	0.8167220556	0.8661533333
30	2008-09-09	0.0789597000	0.6854916000	0.7325769000
23	2008-09-10	0.0394890870	0.6778061739	0.7617707826
25	2008-09-11	0.0635297200	0.7130552400	0.8053033200
13	2008-09-12	0.1841945385	0.3765065385	0.4277822308
13	2008-09-13	0.1324133846	0.5366276923	0.5926133077
38	2008-09-14	0.1609620789	0.6403309474	0.6868957895
23	2008-09-15	0.0916275652	0.3823094348	0.4477639130
17	2008-09-16	0.1027630000	0.4468641765	0.5126132941
15	2008-09-17	0.0976081333	0.4389166000	0.4686699333
23	2008-09-21	0.2703162609	1.1121674348	1.0990860435
32	2008-09-22	0.0337014063	0.7702749375	0.8488954375
14	2008-09-23	0.0640692143	0.2436922857	0.3289757143
25	2008-09-27	0.0979726400	0.1904648000	0.2635091200
21	2008-10-01	0.0849145238	0.6573409524	0.7159494762
16	2008-10-02	0.0520038750	0.5900601875	0.6995693750
27	2008-10-05	0.0355438519	0.3890235556	0.4464507037
35	2008-10-06	0.0736696286	1.1438702286	1.1996212857
21	2008-10-07	0.0795995714	1.1894054762	1.2138810952
23	2008-10-08	0.0661444783	0.9685433913	1.0531789130
27	2008-10-17	0.1183405926	0.3751798148	0.4294063704
20	2008-10-18	0.0822164500	0.7217526000	0.8009328000
13	2008-10-25	0.0328636923	0.5619839231	0.7054537692
38	2008-10-27	0.0299240000	0.7600470263	0.9214917368
18	2008-10-28	0.0347846667	0.4465256111	0.5990761111
29	2008-10-29	0.1286250000	0.0976973103	0.1404220690
13	2008-10-30	0.0905522308	0.0535481538	0.0986200769
23	2008-10-31	0.0634940000	0.1672143913	0.2369284783
24	2008-11-01	0.0786121667	0.1280653750	0.1984364167
36	2008-11-02	0.0663589722	0.1748118611	0.2535744722
38	2008-11-03	0.0312275263	0.4063968947	0.5060188421
22	2008-11-04	0.0475224545	0.4266729091	0.5517400455
14	2008-11-05	0.0451635000	0.2065668571	0.3139209286
31	2008-11-06	0.0417685484	0.4610049677	0.5779750645
23	2008-11-07	0.0419848261	0.3511061739	0.4576531304
17	2008-11-08	0.0355573529	0.4054338824	0.5503292941
15	2008-11-09	0.0560533333	0.8162359333	0.9433755333
25	2008-11-10	0.0366718000	0.5658861600	0.6891132400
33	2008-11-11	0.0348996364	0.8603908485	0.9921189091
16	2008-11-12	0.0743338750	0.7000949375	0.8135017500
26	2008-11-22	0.0375617692	0.4682360769	0.5637784231
15	2008-11-23	0.0500848667	0.5273976000	0.6687948000
14	2008-11-24	0.0500257857	0.3907545000	0.4724032857
12	2008-11-25	0.0542395000	0.4790316667	0.6114345833
29	2008-11-26	0.0970667241	0.2077970345	0.2846170690
26	2008-11-27	0.0632855000	0.4489309615	0.5163581538
39	2008-12-02	0.0644868205	0.2738496667	0.3113473846
37	2008-12-03	0.0516147297	0.3222672162	0.3534500000
28	2008-12-04	0.0409218214	0.5214171429	0.5607773214
13	2008-12-07	0.0488955385	0.6379207692	0.7083208462
40	2008-12-08	0.0318441000	0.7864535250	0.8765815000
49	2008-12-09	0.0305160204	0.6781555306	0.7497042653
26	2008-12-10	0.0641720000	0.2984191154	0.3696510385
22	2008-12-11	0.0799481364	0.1625459545	0.2117079545
18	2008-12-12	0.0869043889	0.1193600000	0.1410222222
19	2008-12-13	0.0585525789	0.2327013158	0.2765168421
26	2008-12-16	0.0519972308	0.4095257308	0.4739564231
25	2008-12-21	0.0609121200	0.3077110000	0.3718894800
42	2008-12-22	0.0588571429	0.1749604524	0.2302547619
30	2008-12-30	0.0554238333	0.3154237000	0.3859774333
12	2009-01-08	0.0821437500	0.1250419167	0.1646196667
20	2009-01-11	0.0687812000	0.0876529000	0.1219815500
16	2009-02-07	0.0595745625	0.1780169375	0.2164910000
13	2009-02-08	0.1038467692	0.0930480000	0.1458882308
18	2009-02-14	0.0804135556	0.1351051111	0.1667636667
25	2009-02-17	0.2690482800	0.4034881200	0.4357215600
15	2009-02-18	0.1060974667	0.3839508667	0.4385452667
15	2009-02-26	0.0814038667	0.2239972667	0.2715138667
24	2009-02-28	0.0709135833	0.2685184167	0.3247080417
16	2009-03-04	0.0861910625	0.1199221250	0.1897652500
19	2009-03-07	0.0538001579	0.4471705263	0.5536648421
28	2009-03-08	0.0748102500	0.2513647857	0.3024239286
12	2009-03-09	0.1324646667	0.3308998333	0.4059855833
31	2009-03-12	0.0750157419	0.6752566452	0.8025446452
28	2009-03-15	0.0683808571	0.2193217500	0.2776552143
21	2009-03-16	0.0553853333	0.2880801905	0.3626480476
23	2009-03-21	0.0763441739	0.3217188696	0.4167333478
18	2009-03-22	0.0711008889	0.3454472222	0.4562682778
23	2009-03-23	0.0661030000	0.6349006087	0.7819357826
21	2009-03-30	0.0781223333	0.3160285714	0.3865061429
14	2009-04-01	0.1130125000	0.1770450714	0.2259048571
23	2009-04-02	0.0672299130	0.3510946957	0.4083740870
19	2009-04-03	0.0673573684	0.3127064211	0.3788154737
55	2009-04-04	0.0420504545	0.7268537455	0.8022900000
41	2009-04-05	0.0657422439	0.8462509024	0.9148140732
14	2009-04-09	0.0872571429	0.2622748571	0.3643470714
20	2009-04-11	0.0929509500	0.1976152500	0.2649659000
31	2009-04-13	0.0739473871	0.3472380645	0.4476038065
14	2009-04-14	0.0919727857	0.3083957143	0.3970695714
16	2009-04-15	0.0806910625	0.2694908125	0.3437349375
23	2009-04-16	0.0882793478	0.1912001739	0.2530146957
20	2009-04-17	0.0789430000	0.2170590500	0.2974048000
19	2009-04-23	0.0936572105	0.1901591579	0.2568429474
19	2009-04-24	0.0804383684	0.2507443158	0.3246625263
14	2009-04-26	0.0740087143	0.3256987857	0.3908625000
15	2009-04-28	0.0936520000	0.2229683333	0.2964357333
12	2009-05-03	0.1977277500	0.1140309167	0.1594270000
21	2009-05-11	0.1943031429	0.2521882381	0.2770516190
20	2009-05-12	0.2153406000	0.1679446000	0.1798194000
41	2009-05-13	0.1317410976	0.1470756341	0.1722537073
13	2009-05-25	0.1659073077	0.2442205385	0.3021880769
12	2009-05-26	0.4094193333	0.0990564167	0.0987783333
25	2009-05-27	0.4454002800	0.1037826000	0.0970692400
25	2009-05-28	0.2996066800	0.1793503600	0.1723705200
19	2009-05-29	0.2420865789	0.1634494737	0.1687911053
25	2009-06-04	0.1583339600	0.2261840000	0.2625038800
14	2009-06-05	0.0891881429	0.2342137857	0.2784277143
13	2009-06-06	0.2030234615	0.1703393846	0.2175859231
19	2009-06-09	0.2710621053	0.1998038947	0.2034862632
47	2009-06-10	0.1757797447	0.1966710426	0.1947629787
27	2009-06-11	0.1032657037	0.1884548148	0.2278927037
14	2009-06-14	0.1597305000	0.2197650000	0.2648970714
25	2009-06-17	0.0826480400	0.2078732800	0.2844797200
15	2009-06-19	0.0405208000	0.4321327333	0.5206741333
35	2009-06-28	0.3324356286	0.1322986000	0.1072650571
31	2009-06-29	0.1969846452	0.1728351290	0.1851677742
17	2009-06-30	0.1587327059	0.1371100588	0.1702263529
26	2009-07-06	0.4342565769	0.0878175000	0.0736472308
26	2009-07-08	0.2609485000	0.1719110769	0.1798892308
26	2009-07-12	0.2393528462	0.1658324231	0.1730598077
27	2009-07-13	0.2014058519	0.1177001852	0.1220532222
13	2009-07-14	0.3571160000	0.1243125385	0.1133829231
18	2009-07-24	0.2873289444	0.1484373333	0.1293094444
19	2009-07-25	0.0656073684	0.3153655789	0.3527474211
19	2009-08-01	0.2627311579	0.1590455789	0.1552003158
26	2009-08-02	0.1287690385	0.2918352308	0.3119643077
20	2009-08-03	0.1603839000	0.1836090000	0.2125001500
19	2009-08-04	0.2814585789	0.1982713684	0.2133732105
16	2009-08-11	0.1222615625	0.4422950625	0.4798665000
18	2009-08-13	0.0725157222	0.6293348889	0.6892222778
20	2009-08-14	0.0766816500	0.2580716000	0.3378304000
13	2009-08-15	-3.7368176923	-3.7251314615	-3.7159990769
43	2009-08-16	-9.2930012093	-9.2852600465	-9.2816936512
16	2009-08-17	-9.9999990000	-9.9999990000	-9.9999990000
23	2009-08-19	-0.5906159565	-0.8261509130	-0.8085258261
14	2009-08-20	-3.4697348571	-3.4864002857	-3.4556976429
18	2009-08-25	-7.7186940556	-7.6933595000	-7.6986403333
29	2009-08-26	0.3809368966	0.1399754483	0.1318609655
33	2009-08-27	0.2899822424	0.1835936364	0.1840539394
43	2009-08-28	0.1938093488	0.1970272093	0.2137621395
23	2009-08-29	0.1343469565	0.3545687391	0.4082897391
17	2009-08-30	0.1669672353	0.3948557647	0.4517095294
12	2009-08-31	0.2510828333	0.1700525833	0.2090386667
17	2009-09-01	0.0991502353	0.3302348824	0.4176295294
36	2009-09-06	0.2796053333	0.1988121944	0.2067502778
32	2009-09-07	0.0445674688	0.5976342500	0.7284913750
13	2009-09-08	0.1601915385	0.7393693077	0.7905730000
23	2009-09-09	0.1928502174	1.0165741739	1.0309126087
19	2009-09-10	0.1285625789	0.3437056842	0.3943397895
16	2009-09-11	0.1757136875	0.2498030625	0.2817066250
13	2009-09-12	0.1149392308	0.3439959231	0.3954331538
31	2009-09-17	0.0593614516	0.5927658710	0.6752630645
40	2009-09-18	0.0382534500	0.9821846250	1.0934291000
26	2009-09-19	0.0521307308	0.8188077692	0.9417630769
37	2009-09-21	0.1165490270	0.8111741081	0.8401079459
41	2009-09-22	0.0864960488	0.9524906098	0.9824925366
48	2009-09-23	0.0472992292	0.6294852917	0.7067996250
30	2009-09-24	0.0404380000	1.1051494333	1.1472766667
12	2009-09-29	0.1436939167	0.2075072500	0.2201019167
25	2009-09-30	0.0428833600	0.4950413600	0.5676554400
30	2009-10-01	0.0709741333	0.3715411000	0.4032864333
34	2009-10-02	0.0591223529	0.6707096765	0.7313026176
51	2009-10-03	0.0790448627	1.1144092353	1.1482868235
27	2009-10-04	0.0727527407	0.8449342593	0.8992318889
18	2009-10-06	0.1038674444	0.1799176667	0.2042270556
20	2009-10-07	0.1325479000	0.4684150500	0.5465513500
17	2009-10-08	0.1503388824	0.3936490588	0.4418162941
25	2009-10-10	0.2874573200	0.1649358800	0.1562525200
27	2009-10-11	0.1628278889	0.2666625556	0.2658121852
31	2009-10-12	0.1849397419	0.2954856452	0.2797663548
30	2009-10-13	0.1479162000	0.3181629667	0.2946693333
20	2009-10-15	0.1376686000	0.1332307500	0.3333827500
17	2009-10-17	0.2040764118	0.1109687059	0.2374301765
27	2009-10-18	0.1538614815	0.1457944815	0.2908129259
36	2009-10-19	0.0616366667	0.3940398333	0.7915337500
21	2009-10-20	0.0554089048	0.3820320476	0.9262697143
38	2009-10-21	0.0660529211	0.5135453947	0.9565329737
47	2009-10-22	0.0769075957	0.3030856809	0.5757003617
39	2009-10-23	0.0842761795	0.1225103846	0.3520187692
25	2009-10-24	0.0797201200	0.2252327200	0.5218222400
21	2009-10-25	0.0968447143	0.2560950000	0.5331162857
14	2009-10-26	0.0876073571	0.1796815000	0.4115768571
24	2009-10-27	0.0671171667	0.2271074583	0.5532619167
20	2009-10-30	0.1193909000	0.3034437500	0.5323223000
48	2009-11-06	0.0599005208	0.4139041042	0.8123476667
50	2009-11-07	0.0516208000	0.4360551600	0.9042363800
45	2009-11-08	0.0599955556	0.5050451556	0.9810986000
35	2009-11-09	0.0447586000	0.5818716000	1.0987001429
17	2009-11-10	0.0677172941	0.2564044706	0.5904738235
36	2009-11-12	0.1065471111	0.1604751944	0.3486446111
32	2009-11-13	0.0965917813	0.1800447813	0.4078364063
21	2009-11-15	0.1248162381	0.2338005714	0.4052461429
22	2009-11-16	0.1090015455	0.2523776364	0.4796735909
13	2009-11-18	0.1404362308	0.1129867692	0.3228476154
18	2009-11-22	0.1052038889	0.0838797778	0.2771001111
13	2009-11-23	0.0829279231	0.1624506923	0.3507528462
22	2009-11-24	0.2043807273	0.1916639545	0.2916578636
25	2009-11-25	0.2054499200	0.1545951200	0.2467816000
28	2009-11-26	0.1711313571	0.1011588929	0.2031802857
30	2009-11-27	0.1392035667	0.1085584333	0.2300736333
31	2009-11-28	0.0573536129	0.1825600323	0.5139688065
15	2009-11-29	0.1017704000	0.1020614000	0.3124138667
21	2009-11-30	0.1159048095	0.2009925714	0.3670406190
32	2009-12-01	0.1210472813	0.2034602500	0.3722597188
26	2009-12-02	0.0976101154	0.2029821538	0.4115542308
22	2009-12-03	0.1327163636	0.1433383182	0.3003646818
26	2009-12-04	0.1157144231	0.1483458846	0.3136713077
12	2009-12-05	0.1081120000	0.1663692500	0.3164170833
16	2009-12-06	0.1157313125	0.1559331875	0.3355360625
39	2009-12-09	0.0781542564	0.1439711282	0.3729452821
16	2009-12-14	0.0470922500	0.1621171875	0.5628855000
54	2009-12-16	0.0423769444	0.3587615370	0.7995055370
31	2009-12-17	0.0421710323	0.4463660000	0.9455092581
27	2009-12-18	0.0612040741	0.3539103704	0.6963533704
43	2009-12-19	0.0489962791	0.3182893256	0.7278466512
23	2009-12-20	0.0652271304	0.1764468261	0.4451955652
28	2009-12-21	0.0797890357	0.1352484286	0.3922475357
12	2009-12-22	0.1021502500	0.4297826667	0.6295900000
26	2009-12-26	0.1535459615	0.6757194231	0.8443606538
33	2009-12-27	0.1568223030	0.6461050303	0.7990155152
18	2010-01-02	0.0631602778	0.2200725000	0.4973931667
38	2010-01-03	0.0652136842	0.3054776316	0.5871855000
28	2010-01-04	0.1651014286	0.4891305357	0.6419643571
23	2010-01-07	0.1054146957	0.1569363913	0.3469210000
33	2010-01-09	0.0481161212	0.2182996667	0.5147141212
22	2010-01-10	0.0738101364	0.1636655909	0.4008115455
18	2010-01-11	0.0444795556	0.2649049444	0.6177450000
23	2010-01-12	0.1244003913	0.0603745652	0.2125661304
13	2010-01-13	0.1105069231	0.1811980769	0.3700571538
43	2010-01-15	0.1140777907	0.4628779302	0.6524346512
25	2010-01-16	0.1708234800	0.5713966800	0.6961454000
14	2010-01-17	0.1275642857	0.4278946429	0.6164514286
17	2010-01-19	0.1200299412	0.3789915294	0.5822828235
25	2010-01-20	0.2380869200	0.6598646800	0.7766559600
17	2010-01-21	0.1786589412	0.6973713529	0.8239625294
44	2010-01-22	0.1281009545	0.3893194091	0.5517845682
27	2010-01-23	0.1425052963	0.2750785185	0.4340095185
43	2010-01-24	0.1154542558	0.2328210465	0.3746770233
37	2010-01-25	0.0845006486	0.2841570811	0.4823950811
12	2010-01-26	0.0878346667	0.2910767500	0.5270282500
18	2010-01-30	0.0618017222	0.2637904444	0.5770691111
21	2010-01-31	0.0949193333	0.1839441905	0.4097613810
15	2010-02-01	0.0934950667	0.1856162667	0.4050042667
16	2010-02-02	0.1582598125	0.1038663750	0.2224375000
28	2010-02-03	0.1054397857	0.1241403214	0.2676171786
23	2010-02-04	0.1355880870	0.2419719565	0.4007995652
16	2010-02-05	0.1166978750	0.1970779375	0.3823698750
22	2010-02-06	0.1129765000	0.0436001364	0.2192621818
29	2010-02-07	0.0982117931	0.4967691379	0.7147901379
18	2010-02-09	0.2775924444	0.5025798333	0.5954465000
20	2010-02-10	0.2376645500	0.5141268000	0.6355298500
34	2010-02-11	0.1844988235	0.6494166471	0.7866685000
54	2010-02-12	0.1286276111	0.5946425741	0.7576821852
12	2010-02-13	0.1160321667	0.5616254167	0.7053471667
13	2010-02-15	0.1058006923	0.4721784615	0.7289612308
12	2010-02-16	0.1033525000	0.3880832500	0.6276207500
40	2010-02-17	0.0935790750	0.3672712250	0.6128791750
15	2010-02-18	0.1176335333	0.3619496000	0.5807842667
22	2010-02-19	0.1176336364	0.6196765000	0.9033886818
24	2010-02-20	0.0977070000	0.2470861667	0.4835578333
53	2010-02-21	0.0851369623	0.3487625283	0.6150512642
13	2010-02-22	0.0955227692	0.4818228462	0.7388565385
36	2010-02-23	0.0884948611	0.3423875833	0.5856148889
24	2010-02-24	0.1401114583	0.4203092917	0.6407575000
37	2010-02-25	0.1781374595	0.5499646486	0.7143754865
22	2010-02-26	0.2233239091	0.6660810455	0.8465022727
27	2010-03-01	0.2530802963	0.4282472963	0.5068475926
17	2010-03-02	0.2687447647	0.3418358235	0.4363452941
34	2010-03-03	0.2171725588	0.2586544118	0.3588894118
20	2010-03-04	0.1569697500	0.2433167500	0.3910447500
18	2010-03-05	0.1386405556	0.3138314444	0.4558190556
19	2010-03-07	0.1365585263	0.3155334737	0.4758490526
17	2010-03-08	0.1093584118	0.2124457059	0.3897978824
27	2010-03-09	0.2010321481	0.2346196296	0.3314305185
23	2010-03-10	0.3177353478	0.1449742174	0.1969337826
41	2010-03-11	0.2174937317	0.2107502683	0.2916913902
29	2010-03-12	0.2332574483	0.3904318276	0.4961225862
30	2010-03-13	0.1343703333	0.5597740333	0.7607658667
38	2010-03-14	0.1586290526	0.2623623421	0.3945466579
26	2010-03-16	0.1959003077	0.1411068846	0.2353092692
21	2010-03-17	0.3490082857	0.1580878095	0.2072903333
20	2010-03-18	0.2270695000	0.1866321500	0.2569875500
32	2010-03-19	0.1592370625	0.1815425625	0.3049216250
25	2010-03-20	0.1349697200	0.1457316400	0.2798658400
42	2010-03-21	0.1380700952	0.1816509286	0.3202536667
28	2010-03-24	0.1245971786	0.2434789643	0.3932207500
29	2010-03-25	0.3421482069	0.2464877241	0.2731908621
24	2010-03-26	0.2645535417	0.2677508333	0.3076575833
46	2010-03-27	0.0616159130	0.4566205435	0.7792370000
26	2010-03-28	0.0747205385	0.2849032308	0.5792275385
24	2010-03-29	0.0973167917	0.2335939167	0.4207867500
26	2010-03-30	0.2728019615	0.0880525769	0.1231554615
24	2010-03-31	0.3030760833	0.1003105833	0.1257835833
53	2010-04-01	0.5932783208	0.1072917925	0.1033154340
21	2010-04-12	0.1677295238	0.1735400952	0.2751230000
12	2010-05-13	0.1025468333	0.3069436667	0.5565617500
24	2010-05-19	0.1222800417	0.3448708333	0.5178337083
19	2010-05-21	0.1643594211	0.1516507895	0.2533374737
20	2010-05-22	0.2768394000	0.1726472000	0.2349313500
14	2010-06-01	0.8827172143	0.1139906429	0.0907057857
37	2010-06-02	0.5909631892	0.1680267568	0.1527768649
30	2010-06-03	0.5190561000	0.1323834333	0.1285770667
32	2010-06-04	0.1624085000	0.1432482188	0.2435784688
36	2010-06-05	0.2328648333	0.1883560278	0.2248025833
13	2010-06-07	0.1100313846	0.2097330000	0.3447270769
22	2010-06-10	0.3217410909	0.1270155909	0.1531215455
20	2010-06-11	0.1502709000	0.2053761500	0.3011326500
34	2010-06-12	0.1735084118	0.1850611176	0.2502026176
24	2010-06-13	0.1001960000	0.4138694583	0.6222712917
12	2010-06-15	0.0983802500	0.2989817500	0.4616159167
29	2010-08-05	0.2632044828	0.1337448966	0.1204905862
28	2010-08-06	0.3619666071	0.0991542500	0.0940083929
52	2010-08-10	0.0322757115	0.6838548846	0.8125460192
41	2010-08-11	0.1723594634	0.1439120000	0.1451926341
43	2010-08-12	0.1088920233	0.1625127442	0.1830388372
44	2010-08-13	0.0680483864	0.5115958182	0.6088227273
18	2010-08-15	0.1539611667	0.1610155000	0.1684772778
36	2010-08-18	0.3914926944	0.0602062778	0.0552589722
35	2010-08-19	0.2406214571	0.1207146286	0.1274254571
42	2010-08-20	0.0817051905	0.2570048095	0.3191555238
25	2010-08-21	0.1073150400	0.1498935600	0.1681286400
35	2010-08-22	0.0650358000	0.1837955714	0.2135298286
19	2010-08-23	0.0986496316	0.2533375789	0.2673886842
43	2010-08-25	0.1408544419	0.1229769535	0.1276822791
29	2010-08-26	0.0899330345	0.2189548966	0.2306580345
31	2010-08-27	0.0735361613	0.3558114194	0.4057955806
17	2010-08-31	0.1791349412	0.3235130588	0.3324480000
30	2010-09-02	0.3956943333	0.1574373000	0.1569940667
27	2010-09-03	0.4159776296	0.1939051481	0.1957563333
32	2010-09-04	0.1634274375	0.4005238438	0.4636772813
30	2010-09-05	0.1632693333	0.2654069333	0.3079077667
52	2010-09-06	0.0673976731	0.4132843654	0.4614649423
27	2010-09-07	0.0855881111	0.2837465185	0.3059293704
22	2010-09-08	0.0570770455	0.2910550909	0.3502935909
12	2010-09-11	0.0558480000	0.8859825000	1.0587340833
42	2010-09-12	0.0254598810	0.3213537857	0.4926577857
29	2010-09-13	0.0642962759	0.3225864483	0.4558438621
46	2010-09-14	0.0592565435	0.3605335000	0.4681056304
33	2010-09-15	0.1040282424	0.3170725455	0.4085749091
31	2010-09-16	0.1986728710	-0.0544518710	0.0080605484
12	2010-09-17	0.3582555833	0.2518689167	0.3275851667
16	2010-09-19	0.1467677500	0.5055418750	0.6594726250
20	2010-09-23	0.1048859000	0.1969433500	0.3645573000
18	2010-09-24	0.0727554444	0.4142474444	0.6036424444
35	2010-09-25	0.0713008571	0.6441461714	0.8903158571
15	2010-09-26	0.1188688667	0.6605961333	0.8474209333
29	2010-09-28	0.0293101379	0.0903626897	0.4583407931
22	2010-09-29	0.0675103182	0.0337336818	0.2421280000
12	2010-10-01	0.1524085833	-0.1889380000	-0.0964724167
38	2010-10-07	0.1276885000	0.3808701053	0.5168690526
15	2010-10-08	0.0992583333	-0.1654698000	-0.0429830000
29	2010-10-09	0.1022036552	0.4041928276	0.5348687586
32	2010-10-10	0.2409617813	1.0270348438	1.0979620313
46	2010-10-11	0.1178967174	0.8631196087	1.0001873696
29	2010-10-12	0.0801704483	0.1094882759	0.2325116897
38	2010-10-13	0.0873403421	0.2206280263	0.3394755000
35	2010-10-14	0.1203723143	0.0993569143	0.1476667143
34	2010-10-15	0.0609292647	-0.0063326176	0.1616957353
37	2010-10-16	0.0468185676	0.0742739730	0.2854638919
22	2010-10-17	0.0451674091	0.1679821818	0.4005462273
25	2010-10-18	0.0481636000	0.1182246400	0.3839773600
20	2010-10-19	0.0350302500	-0.0301145000	0.1982558000
24	2010-10-22	0.0517247917	-0.1769253333	-0.0177510417
25	2010-10-24	0.0640714800	-0.1870070400	-0.0579942800
12	2010-10-25	0.0548659167	-0.1750320000	0.0668483333
34	2010-10-27	0.0291183529	0.0408140000	0.3579635882
18	2010-10-28	0.0280475556	-0.1260992778	0.2119166111
14	2010-11-06	0.0404555714	-0.4029297857	-0.2216480000
16	2010-11-08	0.0726440000	0.3070593125	0.5357583125
24	2010-11-09	0.0703256250	-0.1000019167	0.0466567917
23	2010-11-10	0.0380530435	-0.0274987391	0.0997860870
18	2010-11-13	0.0895778889	-0.0308225000	0.0443256111
28	2010-11-14	0.0597127143	-0.0333184286	0.1231637857
16	2010-11-15	0.0529687500	0.0146386875	0.1843721875
17	2010-11-17	0.0435971765	-0.0036662353	0.1606210588
12	2010-11-30	0.1385054167	0.0034943333	0.0342326667
14	2010-12-01	0.0745026429	-0.0447822857	-0.0126046429
25	2010-12-06	0.0710582400	0.2167768000	0.2755574400
22	2010-12-07	0.1088784545	0.0528066364	0.0833626818
28	2010-12-11	0.0710399643	0.0037152143	0.0247667857
37	2010-12-12	0.0482142162	0.0181520811	0.0573556486
20	2010-12-13	0.0578967500	0.0740158000	0.1373531000
15	2010-12-14	0.0732545333	-0.0574204667	-0.0237560000
12	2010-12-18	0.0624045833	-0.0456580833	0.0144047500
13	2010-12-19	0.0465113077	0.0999717692	0.1447337692
21	2010-12-20	0.0604183333	0.0247738571	0.0676408095
23	2010-12-28	0.0615225652	0.0625555652	0.0999074348
13	2010-12-29	0.0581156923	-0.0120300769	0.0235534615
13	2010-12-30	0.0743555385	-0.1098202308	-0.0933955385
19	2010-12-31	0.0640525263	0.1957375789	0.2568675263
17	2011-01-02	0.0442192353	0.1436758235	0.1906805294
22	2011-01-03	0.0477595909	0.4423965000	0.5036068636
30	2011-01-04	0.0550935000	0.2985497667	0.3478735667
26	2011-01-05	0.1115174231	0.1842381923	0.2159400000
14	2011-01-10	0.1044712857	-0.0101390000	-0.0010485714
21	2011-01-15	0.1285680476	0.0623278571	0.0442250476
16	2011-01-21	0.0773561250	-0.2353218750	-0.2306797500
18	2011-01-23	0.0988572222	-0.1454496667	-0.1507063333
15	2011-01-30	0.0468987333	-0.2364819333	-0.3609638667
28	2011-02-05	0.0512704286	-0.0510011071	-0.0169505000
12	2011-02-06	0.1098796667	-0.1330179167	-0.1124769167
24	2011-02-18	0.0748216667	-0.2743767083	-0.2461251667
23	2011-02-19	0.0709254348	-0.0904996522	-0.0163800870
12	2011-02-20	0.0570154167	-0.1136655833	-0.0380366667
17	2011-02-21	0.0327462353	-0.5507448235	-0.4427004706
20	2011-03-02	0.0384718500	-0.2601645000	-0.2178318000
32	2011-03-03	0.0481471563	-0.3112705938	-0.2534110938
26	2011-03-04	0.1278786154	-0.0279420385	-0.0044964615
37	2011-03-05	0.1734673784	-0.0023550270	0.0270303243
27	2011-03-10	0.0588025185	-0.1090803704	-0.0054569259
38	2011-03-11	0.0320829737	0.0573769737	0.2125500526
16	2011-03-12	0.0449859375	0.3223440000	0.4816177500
28	2011-03-13	0.0307885357	-0.3628611429	-0.2338178571
12	2011-03-17	0.1028580833	0.2000003333	0.2729705833
23	2011-03-18	0.0431508261	-0.2785984348	-0.1796134783
31	2011-03-21	0.0233735484	-0.2539212258	-0.1143026129
16	2011-03-26	0.3030463125	0.2276341250	0.2726425000
20	2011-03-27	0.0816012500	-0.1591419500	-0.0936875000
13	2011-04-02	0.2430784615	0.2754313846	0.2754313846
24	2011-04-04	0.1718283750	0.3112727500	0.3112727500
13	2011-04-07	0.2061935385	0.2025825385	0.2025825385
22	2011-05-16	0.0782258182	0.5481573182	0.5481573182
24	2011-05-17	0.0647478750	0.6496875000	0.6496875000
36	2011-05-18	0.1315166944	0.2221883889	0.2221883889
20	2011-05-19	0.1037300000	0.3344732500	0.3344732500
18	2011-05-21	0.1301388333	0.2787800000	0.2787800000
23	2011-05-23	0.1838862609	0.2180246522	0.2180246522
44	2011-05-24	0.4377811818	0.1197134545	0.1197134545
28	2011-05-26	0.2902570000	0.1652695714	0.1652695714
20	2011-05-27	0.1733866000	0.2815142000	0.2815142000
19	2011-06-15	0.2875725789	0.2325995789	0.2325995789
22	2011-06-20	0.3080130000	0.1248178636	0.1248178636
26	2011-06-23	0.3331635385	0.1187951538	0.1187951538
36	2011-07-02	0.3643975000	0.5287851389	0.6973373333
14	2011-07-04	0.3482227143	0.2239191429	0.3054837143
18	2011-07-05	0.3239501667	0.2292002778	0.3512603333
22	2011-07-09	0.3503141364	0.3768549091	0.4993033182
23	2011-07-10	0.3009772609	0.5572800000	0.7046773478
33	2011-07-11	0.2509770303	0.4961648485	0.6800213030
13	2011-07-13	0.4253731538	0.3609154615	0.4322306154
26	2011-07-14	0.3842760769	0.2426690769	0.3549457308
29	2011-07-15	0.3422631724	0.3596176897	0.4813362759
28	2011-07-16	0.1643278571	0.5195284286	0.7762543214
16	2011-07-18	0.1405697500	0.3850478125	0.6207595625
28	2011-07-19	0.1430183214	0.2749815000	0.5817135714
33	2011-07-20	0.3834259394	0.2164586364	0.2677842121
29	2011-07-21	0.1969950345	0.4547304483	0.4547304483
21	2011-07-22	0.1061379048	0.7309076667	0.7309076667
20	2011-07-26	0.0952107000	1.0740279000	1.0740279000
26	2011-07-30	0.1747325385	0.2187419615	0.4015251154
23	2011-08-07	0.1591883913	0.3504794348	0.5972169130
31	2011-08-08	0.1165456774	0.5788133871	0.9065401935
29	2011-08-11	0.4023880690	0.1233399655	0.1701250690
38	2011-08-12	0.4511693421	0.1290412895	0.1684347105
41	2011-08-13	0.2802725854	0.1256830000	0.2311195854
21	2011-08-16	0.1296925238	0.2837497619	0.6005438571
16	2011-08-17	0.0870826250	0.1770946250	0.5160764375
18	2011-08-18	0.1392898333	0.2320169444	0.4268285556
29	2011-08-19	0.3252197931	0.1589435862	0.2240044483
20	2011-08-22	0.3582442500	0.0839660000	0.1580382500
26	2011-08-24	0.3351087308	-0.0319515000	0.0407155385
16	2011-08-28	0.1108040625	0.2720921875	0.5067684375
24	2011-08-29	0.1524940833	0.1990387917	0.3704263750
27	2011-08-30	0.0963007778	0.3171166667	0.6447537037
22	2011-08-31	0.1143243636	0.2664971818	0.5398612273
44	2011-09-02	0.1321238182	0.9465681818	1.1489720909
30	2011-09-03	0.1587185667	0.5796249333	0.7660000333
18	2011-09-04	0.1883403889	0.4886192222	0.6469956667
40	2011-09-05	0.1594729250	0.4463284250	0.6346080000
21	2011-09-06	0.1147570952	0.3350047143	0.6173578571
47	2011-09-12	0.1597228936	0.2198366596	0.3978283404
25	2011-09-14	0.2620902400	0.2133322800	0.3115458400
14	2011-09-15	0.3095282143	0.1497532143	0.2515065000
22	2011-09-19	0.0994144091	0.3694901818	0.6319137273
50	2011-09-20	0.0664669800	0.5867646000	1.0023119800
21	2011-09-21	0.1059497143	0.3020795238	0.5366434286
18	2011-09-23	0.2111430556	0.0941370556	0.2141965556
27	2011-09-24	0.0973770000	0.1630070370	0.4052200370
14	2011-09-25	0.1965685000	0.6500010714	0.8309430000
24	2011-09-26	0.1782244583	0.8846370833	1.0709621667
14	2011-09-28	0.1755530714	0.7361069286	0.9213636429
25	2011-09-29	0.1350780000	0.5162606800	0.7502055600
24	2011-09-30	0.1586694583	0.6702617500	0.8917437083
21	2011-10-01	0.0626992381	0.2891556667	0.7437813333
22	2011-10-03	0.1868370909	0.1217415455	0.2540984545
18	2011-10-08	0.0935324444	0.5167668333	0.8037016667
29	2011-10-09	0.0798634828	0.3037013793	0.5989698276
30	2011-10-11	0.1409710000	0.1448367000	0.2952829333
23	2011-10-13	0.2644039565	0.1943210870	0.2524823043
20	2011-10-14	0.2044172500	0.2061990000	0.2852982000
28	2011-10-15	0.2013566071	0.1657862143	0.2633724286
14	2011-10-18	0.2518517143	0.0836407857	0.1802600000
18	2011-10-19	0.3500013889	0.1175331111	0.1808802222
19	2011-10-20	0.3780468947	0.1099322105	0.1762620526
30	2011-10-22	0.0968309667	0.3668853667	0.6663621333
34	2011-10-23	0.0567329706	0.4112727941	0.9052218235
24	2011-10-25	0.0551251667	0.5679178750	0.9786103333
36	2011-10-26	0.0823261111	0.2697656111	0.5184008611
31	2011-10-27	0.0954444516	0.2324333871	0.4272133548
24	2011-10-28	0.0831202917	0.2462292917	0.4822975000
32	2011-10-29	0.0797301250	0.2540087500	0.5357396563
21	2011-11-02	0.2205608571	0.1501982857	0.2463458095
16	2011-11-03	0.3553469375	0.0941881250	0.1373272500
18	2011-11-07	0.2094282222	0.1092972778	0.2257209444
14	2011-11-08	0.1134992143	0.1804385714	0.3691331429
20	2011-11-09	0.2081816500	0.1076288000	0.2284211000
30	2011-11-14	0.0866271333	0.3492262000	0.5789873667
30	2011-11-15	0.0560279667	0.3726347667	0.7155404000
16	2011-11-17	0.0826917500	0.1356136250	0.3391596250
17	2011-11-18	0.0774618235	0.2888587059	0.5105316471
22	2011-11-19	0.0562466364	0.4766138636	0.8390955455
22	2011-11-20	0.0469587727	0.6300828182	1.0804136818
18	2011-11-21	0.0449342778	0.7721076667	1.3068095000
17	2011-11-25	0.1313011176	0.2997502941	0.4860158235
12	2011-12-04	0.1117935000	0.1993955833	0.3601375833
14	2011-12-05	0.0926866429	0.7667430714	1.0599885000
40	2011-12-09	0.0607455500	0.9599101000	1.3997931000
14	2011-12-10	0.0754186429	0.7410661429	1.0721195000
24	2011-12-11	0.0987471667	0.5427287917	0.7957449167
17	2011-12-12	0.1400930588	0.5313222353	0.7190584118
29	2011-12-13	0.1885235862	0.3575869310	0.4870587241
25	2011-12-14	0.2061367600	0.3625381600	0.4748176800
41	2011-12-15	0.1333878049	0.5578811220	0.7363317073
30	2011-12-16	0.1151527000	1.2602952000	1.4008730667
50	2011-12-18	0.0480294200	0.4651880000	0.7826990200
26	2011-12-19	0.0782436923	0.3697514615	0.6174980385
24	2011-12-24	0.0965255000	0.2181755000	0.4166352917
38	2011-12-25	0.0580760526	0.4681304474	0.7814794474
12	2011-12-31	0.1397860000	0.0042126667	0.1054998333
13	2012-01-01	0.1151229231	0.0640712308	0.1907924615
16	2012-01-04	0.1265571250	0.0762876250	0.1942250000
22	2012-01-05	0.0972495455	0.1222240000	0.2732496818
21	2012-01-06	0.1040552381	0.1127141905	0.2740614286
22	2012-01-07	0.0840209091	0.2084238636	0.4284905909
23	2012-01-09	0.0859700000	0.1638928696	0.3413010435
17	2012-01-10	0.0824641176	0.1838088235	0.3674357647
35	2012-01-11	0.0712968000	0.4738296571	0.7384113429
19	2012-01-15	0.1425186316	0.0516072105	0.1715983684
21	2012-01-16	0.0869897619	0.1407250000	0.3080669524
16	2012-01-17	0.0890054375	0.1570713750	0.3385175625
22	2012-01-18	0.0899345909	0.2123509545	0.4057240909
23	2012-01-19	0.0873462609	0.1531898261	0.3359664783
20	2012-01-20	0.1109612000	0.0996983500	0.2627460000
12	2012-01-23	0.0976401667	0.2315477500	0.4399895833
30	2012-01-24	0.0698402667	0.2951428000	0.5545298333
37	2012-01-25	0.0550901081	0.3645190270	0.6712469459
21	2012-01-30	0.1148738095	0.1792350952	0.3079452857
31	2012-01-31	0.0781319355	0.1534466774	0.3019921935
14	2012-02-01	0.0782157857	0.1045452143	0.2771253571
17	2012-02-04	0.0988785882	0.1292598235	0.3029271176
17	2012-02-05	0.1109147647	0.1343558235	0.2962866471
36	2012-02-09	0.0870651389	0.2312840556	0.4355838333
12	2012-02-11	0.0931221667	0.1097409167	0.2678175833
36	2012-02-12	0.0805076389	0.0948273333	0.3122935556
27	2012-02-13	0.0741130370	0.2181610741	0.4325245185
28	2012-02-14	0.0673199286	0.2582330000	0.5099120714
32	2012-02-16	0.1025968125	0.1880553125	0.3322986563
29	2012-02-17	0.0650945862	0.3082547586	0.5145930000
33	2012-02-18	0.0500184848	0.4867782727	0.7411058788
17	2012-02-20	0.0545751765	0.4549177647	0.6492442941
16	2012-02-21	0.0716956875	0.3651306250	0.5604355625
12	2012-03-03	0.3269248333	0.3765057500	0.4314780000
12	2012-03-04	0.1412093333	0.1512662500	0.2560474167
14	2012-03-08	0.3208156429	0.2032325714	0.2292317143
15	2012-03-17	0.1843502667	0.1859199333	0.3397589333
13	2012-03-24	0.4365896923	0.2655580769	0.3219096154
12	2012-03-26	0.5241266667	0.2164656667	0.2289511667
23	2012-03-28	0.4680634348	0.2549602174	0.2859404348
15	2012-03-29	0.3523765333	0.2480671333	0.2856982667
24	2012-03-30	0.2005127500	0.3132821667	0.4063150000
25	2012-03-31	0.0907698400	0.4413079200	0.7310663200
14	2012-04-02	0.0895181429	0.2475563571	0.5266555714
37	2012-04-03	0.1188528649	0.2052283514	0.4133618108
32	2012-04-08	0.1289290313	0.2471600313	0.4445706875
24	2012-04-10	0.1093580417	0.2020711250	0.3816106667
14	2012-04-12	0.1502374286	0.1197170000	0.2573890714
36	2012-04-14	0.0716656944	0.4990933611	0.7816803889
36	2012-04-15	0.0741093056	0.3930530556	0.6411230000
23	2012-04-16	0.0700034783	0.4568103043	0.7464234783
26	2012-04-17	0.0932030769	0.3051085000	0.5500233077
13	2012-04-22	0.1124096923	0.2359480000	0.4169993077
30	2012-04-23	0.1029819667	0.3014575667	0.5497588667
32	2012-04-24	0.1087661875	0.3177298125	0.5609134688
32	2012-04-25	0.1056865625	0.3123503125	0.5552227500
20	2012-04-26	0.1195435000	0.5403198500	0.7977700000
25	2012-04-27	0.1048395200	0.3184708800	0.5542296800
14	2012-05-09	0.1134044286	0.0095546429	0.2585292143
24	2012-05-12	0.5459915000	0.0905436250	0.1003057917
18	2012-05-13	0.4276300556	0.1146161111	0.1501254444
31	2012-05-16	0.1936417419	0.1362575806	0.2737587419
13	2012-05-17	0.2304109231	0.2112854615	0.3188397692
28	2012-05-18	0.2732756786	0.2179756429	0.2985506429
30	2012-05-19	0.2425920000	0.1970003333	0.2970753333
26	2012-05-20	0.2453878462	0.1701429231	0.2495976538
31	2012-05-21	0.2376236774	0.1562353871	0.2555128065
24	2012-05-22	0.3106134583	0.0965742083	0.1629234583
15	2012-05-25	0.4168570667	0.1056629333	0.1353214667
18	2012-05-26	0.3487106111	0.1507071667	0.1887801667
31	2012-05-27	0.3280357097	0.1301774516	0.1578522903
38	2012-05-28	0.2923027105	0.1157887632	0.1533488158
30	2012-06-03	0.3341478333	0.1426179000	0.1740670667
28	2012-06-04	0.1882623929	0.2459462500	0.3130435357
14	2012-06-08	0.1698806429	0.1448877143	0.2705109286
37	2012-06-09	0.2185857568	0.1159007297	0.2022973243
29	2012-06-10	0.0906446897	0.2472681724	0.4497210345
19	2012-06-11	0.3813871579	0.1022204737	0.1385749474
14	2012-06-12	0.4000368571	0.0540845000	0.0900614286
21	2012-06-14	0.2249730952	0.0675207619	0.1558928095
17	2012-06-15	0.5226642941	0.0718128235	0.0932071176
32	2012-06-17	0.4166844375	0.0624495938	0.0999964688
13	2012-06-18	0.1108881538	0.1924121538	0.3597440769
25	2012-06-19	0.2629874000	0.0599380000	0.1419166400
33	2012-06-21	0.4656145758	0.0355727879	0.0674272727
26	2012-06-22	0.1825947692	0.1159498077	0.2396795385
23	2012-06-23	0.1978895652	0.1233625217	0.2196767826
31	2012-06-24	0.1321319355	0.1688260968	0.3250320323
13	2012-06-25	0.3142653846	0.0916139231	0.1376892308
23	2012-06-26	0.5798843913	0.0380395652	0.0482420000
42	2012-06-27	0.5156844524	0.0693516190	0.0858269524
21	2012-06-29	0.1839888095	0.2003173333	0.3195883810
29	2012-06-30	0.0551611724	0.3505924828	0.7563497931
13	2012-07-01	0.3407336154	0.0366276154	0.0672016154
25	2012-07-02	0.4916315200	0.0580198000	0.0699551600
12	2012-07-05	0.4705497500	0.0526298333	0.0721352500
29	2012-07-06	0.3813492069	0.0805253448	0.1149050690
32	2012-07-07	0.1079761563	0.2515742813	0.4272090625
25	2012-07-08	0.0783188000	0.3504356000	0.6030252800
18	2012-07-09	0.2521577222	0.1014355000	0.1536117222
13	2012-07-10	0.4438733846	0.0962463077	0.1162258462
21	2012-07-11	0.3763290476	0.1082123333	0.1336956667
17	2012-07-12	0.2610892353	0.0985209412	0.1596248824
19	2012-07-14	0.4820824211	0.0667038947	0.0917900000
28	2012-07-16	0.4023186429	0.1035021429	0.1268000714
33	2012-07-18	0.0785957576	0.2784479697	0.5249319394
28	2012-07-20	0.3240011429	0.1688389643	0.1955691071
27	2012-07-21	0.2382380741	0.1359222222	0.1905981481
29	2012-07-22	0.5588504483	0.1490205862	0.1541582759
21	2012-07-24	0.4085508095	0.1199051429	0.1499046667
30	2012-07-25	0.3480793667	0.1512278667	0.1776370333
44	2012-07-26	0.3455137045	0.1760731818	0.1966452727
29	2012-07-27	0.2442906207	0.1637292759	0.2203717931
24	2012-07-28	0.0876697500	0.2012681667	0.5600770000
33	2012-07-30	0.1051520303	0.1963620909	0.3721576061
14	2012-07-31	0.1278297857	0.2015462143	0.3211800000
22	2012-08-27	0.1920940455	0.2302340909	0.3026241364
22	2012-08-29	0.1305819091	0.3299759545	0.4484176364
40	2012-08-31	0.1499263500	0.2907783750	0.3575742250
21	2012-09-02	0.1370787619	0.4371668095	0.5136476190
29	2012-09-04	0.2976361724	0.1575246207	0.1835053103
21	2012-09-05	0.3051900476	0.1834318095	0.2104061429
43	2012-09-06	0.1404871163	0.2658188140	0.3449731628
31	2012-09-08	0.1019294194	0.4177681613	0.5497101290
16	2012-09-09	0.1278428125	0.3182661250	0.3810043125
13	2012-09-10	0.1318086154	0.2569123846	0.3343973846
24	2012-10-31	0.0609697500	0.8500310000	1.0396439583
27	2012-11-01	0.1541772963	0.3861431852	0.5135058148
30	2012-11-02	0.1037614667	0.5794383333	0.7159103667
35	2012-11-03	0.0731851714	0.7368882857	0.8798501714
30	2012-11-04	0.0545055000	0.8487243667	1.0234103333
38	2012-11-05	0.0583329211	0.7497341053	0.9288742368
39	2012-11-06	0.0571536154	0.6939969744	0.8612555128
17	2012-11-08	0.0877821765	0.5938135882	0.7470738824
18	2012-11-09	0.0812270556	0.6876287222	0.8371678889
24	2012-11-10	0.0740162917	0.6806802917	0.8438260417
15	2012-11-11	0.0744465333	0.4191420000	0.5744679333
31	2012-11-14	0.0510733548	0.6487577419	0.7921959355
21	2012-11-15	0.0439754762	0.8963246667	1.0703805238
34	2012-11-16	0.0477902059	0.7080455588	0.8650552941
27	2012-11-17	0.0677015556	0.3459902222	0.4824644815
37	2012-11-19	0.0522700000	0.3918933514	0.5110620541
43	2012-11-20	0.0510906279	0.4636398605	0.6017368605
32	2012-11-21	0.0489976875	0.6373971875	0.8112402500
36	2012-11-22	0.0685044444	1.3828344722	1.4991142778
28	2012-11-23	0.0469948214	0.6329205000	0.8254757857
18	2012-11-26	0.0916901667	0.1699657778	0.2700000556
13	2012-11-28	0.0725013077	0.2470608462	0.3596852308
31	2012-11-29	0.0854913871	0.2269722581	0.3313743871
24	2012-12-01	0.0749419583	0.6886530833	0.8524829167
17	2012-12-13	0.0888452941	0.1493420000	0.2328744118
37	2012-12-14	0.0591242973	0.3326936486	0.4196348649
54	2012-12-15	0.0391171296	0.6595931667	0.7700044815
19	2012-12-16	0.0435962632	0.8456077368	1.0601310526
18	2012-12-17	0.0561307222	0.7629210000	0.8860882222
15	2012-12-19	0.0673145333	0.3560985333	0.4837526000
33	2012-12-26	0.2043020909	0.5641749697	0.6178069697
28	2012-12-27	0.1216455714	0.4464126429	0.5227980714
13	2012-12-29	0.0909396923	0.1964607692	0.2845629231
13	2012-12-30	0.1425644615	0.3583283077	0.4272319231
35	2012-12-31	0.0807563429	0.2867658286	0.3911049429
14	2013-01-11	0.0696220000	0.2254388571	0.3464717857
15	2013-01-12	0.0487644667	0.4653962667	0.6127424667
36	2013-01-13	0.0467972778	0.6153785833	0.7898095000
23	2013-01-15	0.0654260435	0.5292600000	0.6630452174
21	2013-01-16	0.0663655714	0.5937899048	0.7356367619
47	2013-01-17	0.0471748298	0.5321629574	0.6626663191
21	2013-01-18	0.0829872857	0.4516349048	0.5399088095
34	2013-01-19	0.0524931176	0.6563793824	0.7902948235
14	2013-01-20	0.0475187143	0.9348449286	1.1742130000
18	2013-01-21	0.1190566667	0.4310750556	0.5306958333
13	2013-01-22	0.1707736154	0.0342111538	0.0805616154
20	2013-01-23	0.1219752000	0.1177353000	0.1713781000
33	2013-01-24	0.0875356970	0.1725587576	0.2447524242
14	2013-01-25	0.0632888571	0.2445815714	0.3326726429
21	2013-01-26	0.0952850476	0.1401665714	0.2096262381
16	2013-01-27	0.1088995625	0.0944577500	0.1564239375
16	2013-01-28	0.0929361875	0.1867066250	0.2653282500
22	2013-01-29	0.0857480455	0.2158269091	0.3086040909
26	2013-02-01	0.0666761154	0.2967846923	0.3877699615
43	2013-02-03	0.0448891860	0.4065925581	0.5191126047
21	2013-02-05	0.0735877143	0.3817836667	0.4858834286
39	2013-02-06	0.0606227692	0.4291804615	0.5482947436
23	2013-02-07	0.1579066957	0.1273069130	0.1611970870
21	2013-02-08	0.0601501905	0.3688279524	0.4608618571
12	2013-02-09	0.0900510000	0.1636418333	0.2548561667
27	2013-02-10	0.0713307407	0.3109197407	0.4128805556
28	2013-02-11	0.1313088929	0.1219375357	0.1575017143
15	2013-02-12	0.1566058667	0.0780164000	0.0964056000
21	2013-02-13	0.0817908571	0.2278651429	0.3007746667
18	2013-02-16	0.0950936111	0.1264407222	0.1860343333
24	2013-02-17	0.1616943750	0.0814160833	0.1021113333
16	2013-02-21	0.1292320000	0.3905310000	0.4789961250
23	2013-02-22	0.0896042609	0.2347845652	0.3216137826
27	2013-02-24	0.0636170000	0.3698281481	0.4717680741
36	2013-02-25	0.0668942778	0.3332038333	0.4202532500
33	2013-02-27	0.1799413333	0.5983292424	0.6627831212
31	2013-03-03	0.1314397742	0.6399576774	0.7191122903
33	2013-03-04	0.1435937273	0.4642353939	0.5371454545
24	2013-03-05	0.1834832917	0.5420764583	0.6045286250
26	2013-03-06	0.2107799615	0.5441038846	0.6123947308
49	2013-03-08	0.0975141020	0.6203201020	0.7167142449
31	2013-03-09	0.1259281935	0.7112199355	0.7971002258
32	2013-03-10	0.1706041563	0.6413591250	0.7296037813
25	2013-03-12	0.2025482800	0.5997045200	0.6755939600
20	2013-03-15	0.1039227500	0.3814266500	0.5034965000
14	2013-03-16	0.0912404286	0.4346180714	0.5644047857
26	2013-03-18	0.0868591154	0.4872446154	0.6034429615
15	2013-03-21	0.1531103333	0.2269227333	0.3065208000
30	2013-03-22	0.1814342667	0.2815129000	0.3528963000
23	2013-03-23	0.1605715652	0.2366736522	0.3207777826
30	2013-03-24	0.1474299333	0.1873664000	0.2661703000
15	2013-03-25	0.1084957333	0.2783398000	0.4002717333
22	2013-03-26	0.0908084545	0.3265664545	0.4204146818
23	2013-03-27	0.1383774783	0.2218517391	0.2978098261
36	2013-03-28	0.1681373333	0.3385345556	0.4197435556
35	2013-03-29	0.1913495143	0.4177734857	0.5006397143
32	2013-03-30	0.1435331875	0.3854511563	0.4698736563
22	2013-03-31	0.1050497273	0.2975179091	0.3769305000
18	2013-04-03	0.1942604444	0.2933907778	0.3497114444
22	2013-04-04	0.1433575000	0.1432814545	0.2102099545
30	2013-04-05	0.1358800333	0.2912153000	0.3613421667
24	2013-04-06	0.1103706250	0.1858684167	0.2494034167
36	2013-04-07	0.1228020278	0.2404727778	0.3125133611
24	2013-04-09	0.1135446250	0.1154157500	0.1716589583
18	2013-04-10	0.0993038889	0.2120857222	0.2877992778
19	2013-04-13	0.1413647895	0.3736990526	0.4672102105
28	2013-04-16	0.2308566071	0.2534774286	0.2963627857
34	2013-04-17	0.2691409412	0.2568747647	0.2708066765
29	2013-04-19	0.2494435172	0.2998054483	0.3410528966
22	2013-04-24	0.0941371818	0.3975052273	0.5033610909
16	2013-05-01	0.1018030625	0.3611801875	0.4486446250
19	2013-05-05	0.2729621053	0.3377576842	0.4009035789
27	2013-05-06	0.2107173333	0.4032722222	0.4583321852
28	2013-05-08	0.1982736429	0.5326462500	0.6135140714
44	2013-05-09	0.1248440682	0.4769354773	0.5502765000
22	2013-05-12	0.1720377727	0.2993756364	0.3554242273
19	2013-05-13	0.1700243684	0.3034878947	0.3700482105
19	2013-05-14	0.2338085263	0.2222120526	0.2515635263
32	2013-05-15	0.2771287500	0.1915534375	0.2202149375
39	2013-05-16	0.2386322564	0.2436785897	0.2618181282
28	2013-05-24	0.1426776429	0.1294237500	0.1882215714
12	2013-05-25	0.1253930000	0.1604364167	0.2260320833
16	2013-05-26	0.2102587500	0.0747558125	0.1144696250
16	2013-05-30	0.4643155000	0.0688856250	0.0579765625
21	2013-06-04	0.5173613810	0.0642224286	0.0418944762
35	2013-06-05	0.6247262000	0.0481586286	0.0314067143
20	2013-06-08	0.2248589500	0.0978023000	0.1052972500
15	2013-06-11	0.4703351333	0.0668052667	0.0580680000
30	2013-06-12	0.3920633000	0.0494141333	0.0512642667
16	2013-06-16	0.4417642500	0.0458855625	0.0421988125
13	2013-06-20	0.4538959231	0.0771822308	0.0634070769
32	2013-06-21	0.1187073438	0.2985427500	0.3399535313
23	2013-06-22	0.2847646522	0.0900123913	0.0813560435
16	2013-06-23	0.2249061250	0.0819791250	0.0926113750
23	2013-06-24	0.2371391304	0.0759570870	0.0837532609
17	2013-06-26	0.3606233529	0.0736094118	0.0577754706
33	2013-06-27	0.2819251818	0.0658911212	0.0655647879
15	2013-06-30	0.4467278667	0.0476906000	0.0392862667
53	2013-07-01	0.3013884528	0.1189670189	0.1067056038
20	2013-07-02	0.1108676500	0.3535312000	0.4017763000
15	2013-07-03	0.1104590000	0.2200387333	0.2434379333
24	2013-07-04	0.3550772500	0.1321061250	0.1384422083
33	2013-07-05	0.1478182727	0.2251121515	0.2531890000
23	2013-07-06	0.1547313478	0.3079880435	0.3650966087
14	2013-07-07	0.0581300000	0.3358575000	0.3709532857
24	2013-07-08	0.3407489583	0.1187806250	0.1175894583
24	2013-07-10	0.4537074583	0.1123851250	0.0974378333
38	2013-07-12	0.3644441053	0.1482065789	0.1345592895
39	2013-07-13	0.2733990256	0.1759861026	0.1585829231
32	2013-07-14	0.1600046875	0.2086970938	0.2251989063
28	2013-07-15	0.2317978571	0.0686431429	0.0842365357
32	2013-07-16	0.2314403125	0.1267036563	0.1355585313
19	2013-07-18	0.3710501053	0.1153303158	0.1228981053
31	2013-07-21	0.1345254839	0.2678212903	0.3084438710
37	2013-07-22	0.4291093514	0.1579775135	0.1385730811
29	2013-07-23	0.4488797931	0.1349126897	0.1305504138
30	2013-07-24	0.4076653667	0.1480162333	0.1488918000
30	2013-07-25	0.1935004667	0.1892883667	0.1886637667
33	2013-07-26	0.1398622727	0.2196033030	0.2290760606
27	2013-07-27	0.0822659259	0.2750408889	0.3122691111
40	2013-07-28	0.1223625500	0.2809820250	0.3060407750
37	2013-07-29	0.1712455676	0.2554281622	0.2567760270
21	2013-07-30	0.2247891905	0.3424967619	0.3686896667
27	2013-07-31	0.0919002963	0.5463349259	0.5913772963
25	2013-08-01	0.1939954800	0.3139712800	0.3287053600
29	2013-08-04	0.7665952759	0.1715891724	0.1253670000
49	2013-08-05	0.1399903265	0.2390374898	0.2578908571
13	2013-08-07	0.0837382308	0.3948410000	0.4553350000
38	2013-08-08	0.1257548684	0.1211442632	0.1115632632
29	2013-08-09	0.1228187241	0.1383160345	0.1349711724
19	2013-08-12	0.2558753684	0.1445912105	0.1233951579
17	2013-08-13	0.2143307059	0.1466533529	0.1569652353
30	2013-08-14	0.2730779000	0.1011923667	0.0965588000
30	2013-08-21	0.1693354000	0.2992725667	0.2992275333
37	2013-08-22	0.2129544865	0.2308703514	0.2293657027
21	2013-08-23	0.2806120000	0.1755283810	0.1838470000
29	2013-09-25	0.0636886552	0.4796741724	0.5244880000
29	2013-09-26	0.0587205517	0.4213011034	0.4730030000
45	2013-09-27	0.0682252000	0.3751732889	0.4118174222
26	2013-09-29	0.1794913077	0.5056772308	0.5329922692
22	2013-10-01	0.1298031818	0.1785770000	0.2082576818
24	2013-10-03	0.0762067083	0.2703518333	0.3597905417
17	2013-10-04	0.0686351765	0.4003778824	0.4576047059
19	2013-10-06	0.0340820526	0.5443854211	0.6229997368
26	2013-10-07	0.1628387308	0.6455484615	0.7118654615
28	2013-10-10	0.0584813571	0.3081400714	0.3815771071
26	2013-10-11	0.0590467308	0.3266579231	0.3978997308
38	2013-10-12	0.0457415789	0.4732058947	0.5523497105
14	2013-10-14	0.1385539286	0.1022765000	0.1182127143
36	2013-10-15	0.1158295833	0.5821770278	0.6718401389
40	2013-10-16	0.0949194750	0.5280486250	0.6125759750
34	2013-10-17	0.0852102941	0.6181560000	0.7176561471
14	2013-10-21	0.2584688571	0.1583232857	0.1841622857
12	2013-10-23	0.1346580833	0.1660337500	0.1999489167
26	2013-10-24	0.1324191923	0.1471984615	0.2083699231
21	2013-10-27	0.1635820476	0.0977866190	0.1272658095
21	2013-10-29	0.2268249524	0.0986448571	0.1155611429
19	2013-10-31	0.1739906316	0.0906199474	0.1237128421
39	2013-11-02	0.1233787436	0.0339803333	0.0917771282
26	2013-11-03	0.1083886538	0.0719635385	0.1311207692
23	2013-11-04	0.0925104783	0.0231373913	0.0672620000
22	2013-11-06	0.0596351818	0.3147939091	0.3708327727
32	2013-11-07	0.0579832188	0.4665482188	0.5635710938
25	2013-11-08	0.0587310400	0.3181298800	0.4171575200
18	2013-11-09	0.1078778333	0.1445548333	0.2064461111
17	2013-11-13	0.1086987059	0.0749296471	0.1124812353
26	2013-11-14	0.1610725769	0.2559354231	0.3108811538
34	2013-11-15	0.0955035294	0.2184431471	0.2734447353
30	2013-11-18	0.0528682333	0.6501660667	0.7742006667
29	2013-11-19	0.0775994483	0.5689655517	0.7048213793
18	2013-11-21	0.0555373333	0.3023258889	0.4083843333
12	2013-11-22	0.1063640833	0.2310341667	0.3195996667
15	2013-11-24	0.0676506667	0.1872624000	0.2613707333
43	2013-11-29	0.0515825116	0.1931750465	0.2456163488
37	2013-11-30	0.0544797027	0.2659310000	0.3256669730
24	2013-12-05	0.0544720000	0.2058391667	0.3037543333
24	2013-12-06	0.0605784583	0.3004559583	0.3945453333
36	2013-12-07	0.0479885000	0.4048970000	0.5780994722
21	2013-12-08	0.0501401429	0.3219000000	0.4330693810
13	2013-12-10	0.1016713077	0.0660576154	0.0984270769
21	2013-12-11	0.1257289524	0.1579220000	0.2300519048
12	2013-12-12	0.1123009167	-0.0138505833	0.0097731667
19	2013-12-13	0.0957808947	0.0036138421	0.0303007368
14	2013-12-18	0.0923290000	-0.0055006429	0.0384675714
13	2013-12-19	0.1169948462	0.0517736154	0.1018631538
16	2013-12-20	0.1076598125	-0.0079856250	0.0333268750
21	2013-12-22	0.1322601905	0.0129400476	0.0240622381
21	2013-12-23	0.0630709524	0.2505997619	0.3602223810
31	2014-01-31	0.0585196452	0.0832920000	0.1409710968
20	2014-02-02	0.0959846000	0.0241613500	0.0664528500
22	2014-02-04	0.0790459545	0.0797595909	0.1196837727
25	2014-02-05	0.0987707600	0.0900443200	0.1273208800
24	2014-02-12	0.4076560000	0.5666922500	0.6040171667
16	2014-02-13	0.3275134375	0.5267561875	0.5657765000
13	2014-02-14	0.1929272308	0.2658543077	0.3099434615
21	2014-02-15	0.3463327143	0.3013152857	0.3376629048
35	2014-02-16	0.1873880571	0.2251644571	0.2541624000
36	2014-02-17	0.1632740278	0.0874315278	0.0924658333
30	2014-02-18	0.1125714000	0.2074181000	0.2520664667
23	2014-02-19	0.0650303913	0.0608723043	0.0955756087
17	2014-02-20	0.0832590588	0.0033338824	0.0165823529
23	2014-02-21	0.1026964783	0.2691701739	0.3119433043
22	2014-02-22	0.0831335000	0.0896128182	0.1356923636
37	2014-02-23	0.0645323514	0.1217214595	0.1596231892
12	2014-02-25	0.0589808333	0.2751937500	0.3707005833
20	2014-02-26	0.0635807000	0.2014873500	0.2709147500
12	2014-02-28	0.1340833333	0.0963510000	0.1362566667
27	2014-03-02	0.2368701852	0.2367974074	0.2694177037
33	2014-03-03	0.2188621515	0.3393031212	0.3575130000
40	2014-03-04	0.2439049500	0.3232965750	0.3411105250
25	2014-03-05	0.2572356000	0.2619135200	0.2685475600
30	2014-03-06	0.1489541000	0.0957650333	0.1024777333
19	2014-03-07	0.1105739474	0.1271474737	0.1595206842
31	2014-03-08	0.0731132258	0.1786263226	0.2372003871
14	2014-03-09	0.0711014286	0.2099248571	0.3212804286
46	2014-03-10	0.0501804565	0.3501387609	0.4312527174
28	2014-03-11	0.0766139643	0.9705611786	1.0493636429
14	2014-03-12	0.0689346429	0.7149545000	0.7858515714
30	2014-03-13	0.0887205333	0.7204080333	0.8287157000
13	2014-03-14	0.0957393846	0.6840816923	0.8268317692
35	2014-03-17	0.0671121714	0.2849201429	0.3616438286
18	2014-03-18	0.0904853333	0.2162252222	0.2650690000
21	2014-03-19	0.0887343810	0.1633288095	0.2206186190
20	2014-03-20	0.2610640000	0.3364121500	0.3696540000
24	2014-03-21	0.3002777083	0.2633560833	0.2848173333
32	2014-03-22	0.2589476250	0.3245974063	0.3539820625
44	2014-03-23	0.2041442500	0.3155218864	0.3572603182
42	2014-03-24	0.1490588571	0.2679585714	0.3340458810
43	2014-03-25	0.1031519535	0.2756685581	0.3288571395
13	2014-03-26	0.1414290000	0.1939530000	0.2427054615
13	2014-03-27	0.0781586923	0.2537731538	0.3501536154
23	2014-03-28	0.0735051304	0.1585430435	0.1983053478
35	2014-03-30	0.0888170571	0.1396238000	0.2008118286
12	2014-03-31	0.2269950000	0.1732402500	0.2209332500
24	2014-04-02	0.1394997083	0.3089009583	0.3925862500
15	2014-04-03	0.1458038000	0.3382026000	0.4379250667
12	2014-04-05	0.0576322500	0.5025733333	0.6049167500
25	2014-04-07	0.1386023200	0.4160355200	0.5034400400
26	2014-04-08	0.1980469231	0.4395002692	0.5047689615
43	2014-04-09	0.1792019535	0.5027982791	0.5663607674
45	2014-04-10	0.1359354889	0.3687050889	0.4404354000
28	2014-04-11	0.0875752857	0.3644005357	0.4575728571
38	2014-04-13	0.0596924211	0.4248471053	0.4845307632
15	2014-04-14	0.0693530000	0.3451955333	0.4067226667
18	2014-04-16	0.1055496111	0.4452468889	0.5494112222
24	2014-04-18	0.0980047917	0.3610335417	0.4420052917
20	2014-04-19	0.1511470000	0.0886396500	0.1483053500
23	2014-04-21	0.2398846087	0.2108924783	0.2531105217
14	2014-04-22	0.2970085000	0.1016021429	0.1466453571
30	2014-04-25	0.2822740667	0.1907671000	0.2026687000
29	2014-04-26	0.2948666552	0.3189344483	0.3468288276
24	2014-04-27	0.1666690417	0.3928292917	0.4429153333
27	2014-04-28	0.2008779630	0.2901365185	0.3221845556
27	2014-04-29	0.3837399259	0.2130963704	0.2208058889
19	2014-05-03	0.2177746316	0.3527806842	0.3814918947
33	2014-05-04	0.2326162424	0.3422692727	0.3633203939
39	2014-05-05	0.2896733077	0.3158587179	0.3190072821
31	2014-05-06	0.2615844839	0.3009851290	0.2955927097
29	2014-05-07	0.1689506897	0.3283995862	0.3610227931
19	2014-05-08	0.0656084211	0.3701400526	0.4273431579
31	2014-05-13	0.1105126452	0.1867314194	0.2159550323
16	2014-05-14	0.1221545625	0.1216230000	0.1641826875
14	2014-05-15	0.1488362143	0.1035427857	0.1242139286
31	2014-05-16	0.1125128065	0.2607251613	0.3134403548
29	2014-05-17	0.1429778276	0.3554093793	0.3952968621
41	2014-05-18	0.1356504146	0.3342052927	0.3557543902
15	2014-05-19	0.0911868000	0.3112518667	0.3380648667
37	2014-05-20	0.2491814595	0.0967924054	0.0999572703
30	2014-05-21	0.1215238667	0.1677568000	0.1952263000
32	2014-05-22	0.0683522813	0.2081131250	0.2540375000
26	2014-05-23	0.0768353077	0.1250307308	0.1286412692
22	2014-05-24	0.0922231818	0.1340943182	0.1717607273
24	2014-05-25	0.1083793750	0.1081915833	0.1659760000
20	2014-05-26	0.1307403500	0.1242770500	0.1743750000
21	2014-05-28	0.1703343810	0.1336070000	0.1587813333
32	2014-05-29	0.2184436875	0.1146168750	0.1211426875
13	2014-05-30	0.1892288462	0.1275623077	0.1470324615
19	2014-06-03	0.4939431053	0.1050290000	0.0846713158
41	2014-06-04	0.1880443171	0.1983688537	0.1979816098
37	2014-06-05	0.2676155405	0.0974224054	0.0830372703
14	2014-06-10	0.4754626429	0.1270372857	0.1055817857
13	2014-06-11	0.3597391538	0.1248820769	0.1128743846
14	2014-06-14	0.4184132143	0.0594834286	0.0581742857
19	2014-06-17	0.2273916842	0.1956455789	0.2038635789
26	2014-06-18	0.1200998846	0.2085480385	0.2204205385
23	2014-06-20	0.4296188261	0.0602143478	0.0537805652
20	2014-06-21	0.2370732000	0.1173315500	0.1346001500
34	2014-06-22	0.1798573824	0.1117955294	0.1120425588
21	2014-06-23	0.1950938095	0.0845193810	0.0858122381
49	2014-06-24	0.1772844694	0.0826032041	0.0882254898
80	2014-06-25	0.6986967000	0.0610068375	0.0403733625
95	2014-06-26	0.1562208842	0.0769832632	0.0875513158
33	2014-06-28	0.2907832727	0.1509518182	0.1605833333
141	2014-07-01	0.4257185603	0.0982599858	0.0748966738
69	2014-07-02	0.1046496377	0.1823081739	0.1803150145
85	2014-07-03	0.3430212706	0.1020819882	0.0856686235
103	2014-07-04	0.3935062427	0.1081854369	0.0845618738
74	2014-07-05	0.1989625541	0.1130524459	0.1165673514
99	2014-07-06	0.4662333333	0.0881147374	0.0634465051
58	2014-07-07	0.2627329655	0.1024540862	0.0862252069
90	2014-07-08	0.2301540000	0.1136206000	0.0979033778
77	2014-07-09	0.1682601039	0.0810572208	0.0671143896
43	2014-07-12	0.4126434884	0.1364779535	0.1109843721
21	2014-07-13	0.3105145238	0.1810073810	0.1605559048
28	2014-07-27	0.2082176786	0.1665222143	0.1363987857
36	2014-07-28	0.1143363056	0.2603547222	0.2675160556
17	2014-08-29	0.1277288235	0.1239216471	0.1669198235
16	2014-09-10	0.1199510000	0.3731073750	0.4201420000
18	2014-10-09	0.0629112778	0.9178945000	1.0203049444
21	2014-10-10	0.0692108571	0.5446717143	0.5948776190
16	2014-10-11	0.0777620000	0.4820385000	0.4972033125
15	2014-10-14	0.0914499333	0.2669257333	0.3482961333
18	2014-10-15	0.0870314444	0.1824445556	0.2536631667
29	2014-10-16	0.0785881379	0.1546212759	0.2519962414
25	2014-11-10	0.1152475200	0.1654827200	0.2650696000
24	2014-11-11	0.0701269167	0.1369264167	0.2891944167
32	2014-11-12	0.0745593750	0.2871041250	0.4498135313
42	2014-11-13	0.0582043095	0.2040135000	0.3837903810
28	2014-11-14	0.1698663929	0.2965660000	0.3844754286
83	2014-11-15	0.1165647952	0.1901641566	0.3253834699
89	2014-11-17	0.0672801124	0.2423043371	0.4765569438
49	2014-11-18	0.0938535306	0.2095581224	0.3944682857
40	2014-11-19	0.1058971000	0.1732540250	0.3274113000
66	2014-11-24	0.0820787424	0.1600273182	0.3729685000
42	2014-11-25	0.1026053333	0.1319361905	0.3085547143
116	2014-11-26	0.0607636897	0.3320234655	0.6474269138
28	2014-11-27	0.0958555000	0.2091075357	0.4175458571
40	2014-11-28	0.1365619000	0.0952169500	0.2405546250
34	2014-11-29	0.1304039118	0.5342065588	0.7103191176
83	2014-11-30	0.0894912048	0.4015350723	0.6351117831
41	2014-12-01	0.0944840244	0.5175375854	0.7249053659
76	2014-12-02	0.0486583816	0.3652142368	0.7487339079
14	2014-12-03	0.0289698571	0.8368562857	1.6488949286
37	2014-12-04	0.0661319459	0.3070320541	0.6148560541
42	2014-12-05	0.0744950000	0.4503092619	0.7426286429
42	2014-12-13	0.0542321429	0.1734920476	0.5281921429
30	2014-12-14	0.0530458000	0.2289572333	0.6160650333
45	2014-12-15	0.0380535111	0.4896842889	1.0704689556
59	2014-12-26	0.0554048475	0.4193266780	0.8326074915
80	2014-12-29	0.0511026625	0.3692049875	0.8193774875
30	2014-12-30	0.1233600333	0.3062004333	0.4910048333
49	2014-12-31	0.1704184286	0.2472342857	0.3590081837
46	2015-01-01	0.1908830000	0.0744219783	0.1551737174
57	2015-01-02	0.1263141228	0.0699815789	0.2202844561
22	2015-01-03	0.0837506818	0.1087827727	0.3258236818
19	2015-01-04	0.0999783684	-0.0166024211	0.1479254737
31	2015-01-05	0.1780161290	-0.0270909032	0.0584229677
44	2015-01-06	0.1320927273	-0.0338173864	0.0895917045
58	2015-01-07	0.1089095862	0.0152926034	0.1562254483
36	2015-01-08	0.1430120278	-0.0004766944	0.1087122778
25	2015-01-09	0.1527020000	0.1441326000	0.2465467600
25	2015-01-10	0.1272422000	0.0397888400	0.1786934800
13	2015-01-11	0.0791919231	0.0695426923	0.2967099231
12	2015-01-13	0.1095010000	-0.0079165833	0.1590200000
61	2015-01-14	0.1313472295	-0.0328788033	0.0801614590
22	2015-01-15	0.0885823636	0.0914448636	0.3083345909
82	2015-01-16	0.1145906707	0.0353763537	0.1837832195
79	2015-01-17	0.1014148734	0.0250612658	0.1978650380
47	2015-01-18	0.1104672128	0.0067833404	0.1721553617
73	2015-01-19	0.0763521233	0.1183684521	0.3667078219
65	2015-01-20	0.0546636615	0.2472262923	0.5982171692
83	2015-01-21	0.0928529639	0.1289742410	0.3180914578
72	2015-01-22	0.1701547222	-0.0061977639	0.0829160278
92	2015-01-23	0.0701623043	0.1579134457	0.4371211522
41	2015-01-24	0.0658496829	0.3730166829	0.7569077073
31	2015-01-25	0.0553750645	0.2593363548	0.6745098065
75	2015-01-26	0.0707848000	0.0690155200	0.3482698267
84	2015-01-27	0.0680259167	0.1223986190	0.4209720595
18	2015-01-28	0.0790383333	0.0790705000	0.2975681667
111	2015-01-29	0.0697885315	0.1783361622	0.5286591081
114	2015-01-30	0.0896587105	0.2152202719	0.4795883421
73	2015-01-31	0.0788438630	0.2819162192	0.5798001918
87	2015-02-01	0.0505931609	0.3024548506	0.8154118046
55	2015-02-02	0.1370610182	0.0720268182	0.2053973455
39	2015-02-03	0.2832005897	0.2615374872	0.3536908718
95	2015-02-04	0.2167771053	0.3996320105	0.5248905263
70	2015-02-05	0.1291287429	0.3538528571	0.5453609429
67	2015-02-07	0.0318336269	1.0214000896	2.2347593433
110	2015-02-08	0.0561015000	0.6158797273	1.1510550273
25	2015-02-09	0.1203506000	0.0745076800	0.2518053600
94	2015-02-10	0.1240530000	0.1268619894	0.3794799681
53	2015-02-11	0.2013159811	0.4152102642	0.5810306981
35	2015-02-12	0.1278499143	0.5209624286	0.7843881143
84	2015-02-13	0.0945524048	0.8417966190	1.2438909167
74	2015-02-14	0.0873052973	0.7134110946	1.1649242162
15	2015-02-26	0.1121413333	0.0796019333	0.2726423333
31	2015-03-17	0.1832941613	0.2095061290	0.2234932258
27	2015-03-19	0.2977055185	0.2179835926	0.2626734444
13	2015-03-20	0.1818531538	0.2914557692	0.3542590000
28	2015-03-21	0.0777048571	0.4838468214	0.6020008929
46	2015-03-22	0.0560978043	0.5745860652	0.7279686739
23	2015-03-23	0.0576788261	0.5908656957	0.7444096087
13	2015-03-26	0.0658860000	0.5757729231	0.7091974615
15	2015-03-27	0.0850998000	0.3768644667	0.4917211333
24	2015-03-28	0.0759201250	0.3262336250	0.4342877500
24	2015-04-01	0.0751392500	0.5355016250	0.6917350417
17	2015-04-02	0.0878212941	0.5299908235	0.6838366471
27	2015-04-04	0.0703552593	0.6623697407	0.8351546667
14	2015-04-05	0.1524231429	0.3321727143	0.4151496429
16	2015-04-06	0.1292694375	0.2633357500	0.3351059375
21	2015-04-09	0.0778579048	0.5203277143	0.6712768571
12	2015-04-14	0.3156092500	0.1717322500	0.2117417500
17	2015-04-20	0.3318727647	0.2442160588	0.2717837059
14	2015-04-21	0.0972010000	0.3547305000	0.4749907857
18	2015-04-23	0.2007047778	0.2869275556	0.3371254444
35	2015-04-24	0.2887820571	0.1711425143	0.2117262286
25	2015-04-25	0.2127326400	0.2264997600	0.2748399600
17	2015-04-26	0.3010116471	0.2090504118	0.2435698824
35	2015-04-27	0.5781507714	0.1939524857	0.1897863143
36	2015-04-28	0.4601963056	0.2219591389	0.2164056667
43	2015-04-29	0.2990075581	0.2311095116	0.2435616047
41	2015-04-30	0.2308880000	0.2191317317	0.2607157805
39	2015-05-01	0.1498539744	0.2500971026	0.3113216410
35	2015-05-02	0.1433853143	0.4721764857	0.5534464571
30	2015-05-03	0.3310486000	0.2634232000	0.2819265667
26	2015-05-04	0.3123938077	0.2328279615	0.2536642308
23	2015-05-05	0.3334118261	0.2151315217	0.2365401739
23	2015-05-06	0.4494081304	0.1909456087	0.2053853913
30	2015-05-07	0.4401815000	0.1724421667	0.1798708333
45	2015-05-08	0.3508398889	0.2069636222	0.2173844444
29	2015-05-09	0.2878662069	0.2203876207	0.2428470000
24	2015-05-10	0.3505370833	0.1971349583	0.2154430417
13	2015-05-11	0.4143316154	0.1706961538	0.1815982308
16	2015-05-12	0.4449042500	0.1639812500	0.1653203750
22	2015-05-13	0.4059058182	0.1782911364	0.1794558182
24	2015-05-15	0.4235818750	0.1307956250	0.1297989583
26	2015-05-20	0.3986464231	0.2234196538	0.2459961154
22	2015-05-21	0.5068925909	0.1567237273	0.1545622273
22	2015-05-22	0.4691831364	0.1436740455	0.1425734091
20	2015-05-23	0.4382958500	0.1664764500	0.1830873500
13	2015-05-24	0.3789433077	0.1624189231	0.1832100000
25	2015-05-26	0.1412448800	0.3066214000	0.3814256000
16	2015-05-27	0.2195201875	0.1520270625	0.2166175625
17	2015-06-03	0.2529993529	0.2649870588	0.3185014118
18	2015-06-05	0.3685631667	0.1686564444	0.2049147222
18	2015-06-06	0.3498782222	0.1682310556	0.2041620000
31	2015-06-07	0.3588293871	0.1663935806	0.1777311290
26	2015-06-10	0.1295326923	0.2647512308	0.3344706154
15	2015-06-11	0.1737084000	0.2496026667	0.3060736000
17	2015-06-12	0.5489842941	0.0904016471	0.0937150588
20	2015-06-17	0.9821575500	0.0552158000	0.0432337500
21	2015-06-18	1.2949584286	0.0666917143	0.0488190952
13	2015-06-19	0.6994603077	0.0960404615	0.0824131538
22	2015-06-20	0.3065205909	0.1855379091	0.1906528636
40	2015-06-24	0.6329303750	0.1046495750	0.0831518000
13	2015-06-25	0.3749861538	0.1553083077	0.1444808462
16	2015-07-01	0.4144262500	0.1089105000	0.1041432500
12	2015-07-04	0.4974534167	0.1226470833	0.1230085833
20	2015-07-05	0.4619786000	0.0870642500	0.0818013000
20	2015-07-09	0.2772373500	0.2028932000	0.2033099500
20	2015-07-10	0.1061044500	0.3510941000	0.4415954000
15	2015-07-12	0.2491086667	0.1869034667	0.2094894000
18	2015-07-13	0.1335842222	0.2395773889	0.3010712778
21	2015-07-14	0.2595800952	0.2073442381	0.2429232381
16	2015-07-15	0.1310034375	0.3233778750	0.3965958750
26	2015-07-17	0.2533771923	0.1986813846	0.2211424615
34	2015-07-18	0.4553578824	0.0910527059	0.1112078235
30	2015-07-19	0.4287520667	0.0555761333	0.0787031667
25	2015-07-23	0.3499726000	0.1069188000	0.1312323200
30	2015-07-24	0.2628922333	0.0910878667	0.1227838000
34	2015-07-28	0.4015118235	0.0535489706	0.0635627353
14	2015-07-29	0.1525870714	0.3268465714	0.4032911429
14	2015-07-30	0.1027060000	0.3011971429	0.3896502143
22	2015-07-31	0.2534562273	0.1878776818	0.2155809091
43	2015-08-01	0.1410749302	0.2832124884	0.3464537442
22	2015-08-04	0.2293664091	0.1874869545	0.2257537727
26	2015-08-05	0.1915593462	0.2340613846	0.2790708846
36	2015-08-06	0.1463596389	0.2877512222	0.3336593611
27	2015-08-07	0.0602291111	0.6119467407	0.7566731481
29	2015-08-09	0.0776775517	0.3761563103	0.5058151724
19	2015-08-10	0.0857154211	0.3530780000	0.4847141579
12	2015-08-12	0.1256734167	0.2661081667	0.3646073333
30	2015-08-13	0.1030019333	0.2824895667	0.3708050333
24	2015-09-15	0.3708396250	0.1448835417	0.1570100000
32	2015-09-16	0.2637295000	0.2210718438	0.2511078125
31	2015-09-17	0.1678211935	0.2793954194	0.3184150645
22	2015-09-18	0.1447638636	0.3814781364	0.4433360000
38	2015-09-19	0.0860923158	0.6206265789	0.7182155000
20	2015-09-20	0.0666847500	0.6982105500	0.8189494000
30	2015-09-21	0.0938258333	0.7908929667	0.9015934000
38	2015-09-22	0.0897844211	0.7196268684	0.8207207895
31	2015-09-23	0.0640159355	0.7092420323	0.8492598710
27	2015-09-24	0.0658806667	0.7739239259	0.9043811111
46	2015-09-25	0.0629523696	0.8998984783	1.0210302391
51	2015-09-26	0.1139236667	1.1436547255	1.2135662745
41	2015-09-27	0.1145448780	1.1532621951	1.2214514390
19	2015-09-28	0.0716115789	1.0929466842	1.2537101579
32	2015-09-29	0.0546454375	0.9532872500	1.1378121250
22	2015-10-05	0.0970555455	0.2236445000	0.3224163182
14	2015-10-09	0.4012742857	0.0838478571	0.0822275000
29	2015-10-12	0.1840200000	0.0962781724	0.1383658621
21	2015-10-13	0.0806526667	0.4476774762	0.5712676190
17	2015-10-14	0.0704021765	0.3448959412	0.4478398824
35	2015-10-15	0.0954175429	0.3155205143	0.3786544286
26	2015-10-16	0.0447675769	0.5560454615	0.7076914231
35	2015-10-17	0.0738518857	0.7635958571	0.9012420000
47	2015-10-18	0.0703860638	0.9361759574	1.0842629362
53	2015-10-19	0.0582184151	0.8567854717	1.0089008491
26	2015-10-20	0.0603177308	0.5716958846	0.7110505769
20	2015-10-21	0.0730708500	0.5022839000	0.6379659500
30	2015-10-22	0.0711480333	0.4841415333	0.6360698333
34	2015-10-23	0.0734960294	0.3900745294	0.5139383824
15	2015-10-26	0.1017113333	0.2476397333	0.3350090667
22	2015-10-27	0.0813111818	0.1851448182	0.2819442273
31	2015-10-28	0.0612183871	0.3956230968	0.5234088065
15	2015-10-29	0.1167758000	0.1663828000	0.2341040000
33	2015-10-30	0.1067852121	0.2004634545	0.2804647576
14	2015-10-31	0.0963848571	0.2093160714	0.2838565714
15	2015-11-04	0.1217806000	0.1053186667	0.1627754667
13	2015-11-07	0.0653713846	0.4560806154	0.5846288462
20	2015-11-12	0.1332274500	0.1590190500	0.2141133000
27	2015-11-13	0.0659505185	0.3322916667	0.4492512222
32	2015-11-14	0.0568732813	0.3134688438	0.4347399688
33	2015-11-15	0.0943666061	0.2226905758	0.3097733030
24	2015-11-16	0.1209135417	0.1105941250	0.1554831667
15	2015-11-17	0.1196965333	0.0821092000	0.1309038000
35	2015-11-18	0.1231511143	0.1007064000	0.1466410000
15	2015-11-20	0.0676104000	0.3831229333	0.4809298000
21	2015-11-21	0.0626376190	0.4766130476	0.5872859524
18	2015-11-22	0.0892514444	0.5377020556	0.6556410556
29	2015-11-23	0.1063757241	0.3980496897	0.5099562414
23	2015-11-25	0.1989450870	0.0771890000	0.1053843478
23	2015-11-26	0.1081383913	0.1432327826	0.2091893478
20	2015-11-27	0.1421005000	0.1342599500	0.1880960000
15	2015-11-30	0.0919113333	0.4060528667	0.5342536000
15	2015-12-02	0.1121493333	0.1270967333	0.2130168667
12	2015-12-04	0.1973223333	0.3456875000	0.4188234167
18	2015-12-05	0.1741563889	0.4080704444	0.4856892778
33	2015-12-06	0.0826845758	0.1038880909	0.1809090000
20	2015-12-07	0.1172237500	0.1214183500	0.1932901500
26	2015-12-09	0.0875005385	0.1766077692	0.2677000385
24	2015-12-11	0.1668583750	0.0482678750	0.0677128750
23	2015-12-12	0.1442571304	0.0552644348	0.0882355652
13	2015-12-13	0.1210091538	0.1245120000	0.1920120769
33	2015-12-15	0.0744371212	0.2542776364	0.3580143636
23	2015-12-16	0.0718898261	0.3254560435	0.4372601739
19	2015-12-17	0.0892116842	0.3300147368	0.4328259474
13	2015-12-20	0.2222109231	0.2204226923	0.2713601538
13	2015-12-22	0.1144621538	0.0905374615	0.1481319231
32	2015-12-28	0.1059303125	0.1057929375	0.1675147813
13	2015-12-29	0.1282903077	0.1189635385	0.1796759231
18	2015-12-30	0.1938082222	0.2025788333	0.2430421667
20	2015-12-31	0.1201540000	0.1467293500	0.2161952000
15	2016-01-01	0.1768699333	0.1035867333	0.1545209333
20	2016-01-02	0.1052367000	0.0751474000	0.1389044500
17	2016-01-04	0.1802764706	0.2199057059	0.2870414118
32	2016-01-07	0.1633562500	0.2135452813	0.2875148438
36	2016-01-09	0.1397771944	0.2704895278	0.3420744167
46	2016-01-10	0.0504818696	0.4647915652	0.6120661739
40	2016-01-11	0.0514668750	0.4577001000	0.6357691500
14	2016-01-12	0.0492397857	0.4079594286	0.5941557857
17	2016-01-18	0.0582599412	0.3088398824	0.4781876471
22	2016-01-19	0.0867861364	0.2058834091	0.3368198636
20	2016-01-20	0.0968313500	0.1458810500	0.2404450500
17	2016-01-21	0.2170083529	0.1488928824	0.1941612941
19	2016-01-22	0.1491352105	0.2261391053	0.3016527368
12	2016-01-23	0.0989575000	0.1208302500	0.2007850833
22	2016-01-24	0.0879203636	0.1198229545	0.2098961364
33	2016-01-25	0.1539697273	0.1485722424	0.1921687273
17	2016-01-26	0.2824431176	0.1403351176	0.1650768824
12	2016-01-27	0.1723520000	0.1493680833	0.1959861667
14	2016-01-28	0.1294803571	0.0416818571	0.0990733571
40	2016-01-29	0.0801183500	0.1447258000	0.2367168000
37	2016-01-30	0.1406482973	0.2183938108	0.2771191351
39	2016-01-31	0.2861648974	0.1946162564	0.2197706923
18	2016-02-02	0.1959199444	0.1743551667	0.2044184444
47	2016-02-03	0.1554503830	0.1699401064	0.1976745532
30	2016-02-04	0.1289123000	0.2461663667	0.2856505333
20	2016-02-07	0.1870159000	0.0732510000	0.0945003500
12	2016-02-08	0.1565979167	0.0549369167	0.0964132500
17	2016-02-09	0.1229292941	0.1521967059	0.2387905882
23	2016-02-11	0.4014653043	0.3424012174	0.3651416522
20	2016-02-12	0.4126272500	0.2697695500	0.2882303000
30	2016-02-13	0.2992174333	0.1501509333	0.1648846667
23	2016-02-15	0.2674073913	0.2112629130	0.2598208261
14	2016-02-16	0.2164974286	0.2698526429	0.3380661429
26	2016-02-17	0.1733104231	0.1587658462	0.2116839231
38	2016-02-18	0.1767650789	0.1754844211	0.2233561316
42	2016-02-19	0.1545536905	0.1259585952	0.1760554524
24	2016-02-20	0.0894122500	0.1272590417	0.2171311667
34	2016-02-21	0.0822316471	0.1477127059	0.2400741471
40	2016-02-22	0.0872093750	0.1038427000	0.1864302750
19	2016-02-23	0.1498642632	0.0815507368	0.1472846316
41	2016-02-24	0.0811413659	0.0866671707	0.1805081463
29	2016-02-26	0.0807737241	0.0782886552	0.1847241724
17	2016-02-27	0.1180441176	0.1478147059	0.2368968824
24	2016-02-28	0.3140135833	0.1477615833	0.1869067083
25	2016-02-29	0.2519730000	0.1273281200	0.1720911600
30	2016-03-01	0.2070943667	0.1530667000	0.2013821667
20	2016-03-02	0.2287572500	0.1148494000	0.1640362500
39	2016-03-03	0.1323286667	0.2294962821	0.3296593846
16	2016-03-04	0.1947698125	0.6830371250	0.8160186875
28	2016-03-05	0.1105944643	0.3175152500	0.4084657500
20	2016-03-06	0.1979509500	0.3497182500	0.4013353500
34	2016-03-09	0.0757010294	0.6274135294	0.7957060882
20	2016-03-11	0.0561521500	0.4398281000	0.6174527000
31	2016-03-13	0.2378397742	0.6304676452	0.7431702258
20	2016-03-14	0.1372627500	0.6855750500	0.8328828000
28	2016-03-15	0.1089157857	0.8098840714	0.9852016786
34	2016-03-16	0.1381825294	1.1042985882	1.2674252059
24	2016-03-17	0.0826949583	0.6720804167	0.8794832500
24	2016-03-18	0.0423956250	0.7548245417	1.0885256667
21	2016-03-19	0.0536710952	0.3984613333	0.6423690476
36	2016-03-20	0.1063676944	0.3501069722	0.5129940556
17	2016-03-21	0.1245321765	0.2835350588	0.4227270588
14	2016-03-22	0.1197557143	0.3108032857	0.4488407143
23	2016-03-24	0.1128226957	0.2028346957	0.3088616957
40	2016-03-26	0.0860334000	0.1467445500	0.2698515750
34	2016-03-27	0.1233656765	0.1513956176	0.2501287941
18	2016-03-28	0.0975646667	0.2698302778	0.4013092778
29	2016-03-29	0.0909983793	0.2261432069	0.3534315172
34	2016-04-03	0.0773756176	0.3814092647	0.5525658235
17	2016-04-04	0.0998139412	0.1089160588	0.2230692941
26	2016-04-05	0.0821964231	0.2703051538	0.4219603846
25	2016-04-06	0.1402684000	0.7074811600	0.8704286000
21	2016-04-07	0.1496139524	0.8312981905	0.9949684286
23	2016-04-08	0.0709416522	0.3747266957	0.5757863478
26	2016-04-09	0.0628777692	0.2214043846	0.4024509615
33	2016-04-10	0.0493847879	0.2612526970	0.4854053636
16	2016-04-11	0.0831796875	0.1851929375	0.3441574375
17	2016-04-12	0.0817098235	0.2225781176	0.3842331176
42	2016-04-14	0.0658549048	0.5818463810	0.8551875952
40	2016-04-15	0.0905268250	1.0855342000	1.3555190500
14	2016-04-21	0.2626345000	0.1970934286	0.2487362143
14	2016-04-23	0.3396142143	0.2379984286	0.3003678571
36	2016-04-24	0.2997827222	0.1605033056	0.2133591111
39	2016-04-25	0.3010406667	0.2466647692	0.3090393846
21	2016-04-26	0.2192084762	0.2063815714	0.2895286190
25	2016-04-27	0.2117409600	0.1818009200	0.2560214400
34	2016-04-28	0.2922043824	0.1331240882	0.1751947647
19	2016-05-05	0.0876836842	0.4997337368	0.6607600526
35	2016-05-06	0.1461771143	0.4854302000	0.6074159429
34	2016-05-07	0.1757462647	0.2951528235	0.3955027353
13	2016-05-08	0.1853986154	0.2954916923	0.3983219231
39	2016-05-09	0.0936948205	0.1640253333	0.2980277179
14	2016-05-11	0.0947615714	0.1086230000	0.2350278571
16	2016-05-14	0.1092851875	0.1063983750	0.2330660000
22	2016-05-15	0.1195730909	0.3563123636	0.5010528636
35	2016-05-16	0.1074988857	0.1756364286	0.3107388571
23	2016-05-18	0.3166187826	0.1371706957	0.1633261739
19	2016-05-19	0.2924722105	0.1279817895	0.1448968421
22	2016-05-22	0.2511369545	0.1471336818	0.2000252727
28	2016-05-23	0.2678482143	0.1090542857	0.1352427143
13	2016-05-24	0.1434976154	0.1495327692	0.2459176154
16	2016-05-25	0.0854586250	0.2771872500	0.4419911250
12	2016-06-02	0.6958947500	0.0764238333	0.0715780833
15	2016-06-03	0.3942762667	0.0801894667	0.0822699333
15	2016-06-04	0.1581106667	0.1639822667	0.2225022667
21	2016-06-08	0.3814433810	0.0449894762	0.0716939524
30	2016-06-09	0.1658067667	0.2301087333	0.2875422000
26	2016-06-10	0.1844326923	0.2383746154	0.2926591154
13	2016-06-11	0.1830390769	0.1821410000	0.2528414615
21	2016-06-13	0.3376841429	0.1034204762	0.1295517143
23	2016-06-14	0.3994458261	0.1056785652	0.1195848261
27	2016-06-15	0.0718032593	0.4448028889	0.6490825185
27	2016-06-16	0.1728335556	0.2012150370	0.2536332963
31	2016-06-17	0.1978963871	0.1204861935	0.1695636774
31	2016-06-22	0.1735449355	0.0798130645	0.1352380000
21	2016-06-23	0.3672342857	0.0724940000	0.0764138095
12	2016-06-24	0.7049805000	0.0150715833	0.0042090000
13	2016-06-26	0.2233844615	0.2293760000	0.2484154615
31	2016-06-27	0.0771912581	0.3711543548	0.5084634194
16	2016-06-28	0.1573369375	0.0611061250	0.1221483125
26	2016-06-29	0.2145326923	0.0688512692	0.1083611538
28	2016-06-30	0.1541376071	0.1696428571	0.2401642143
18	2016-07-02	0.2380879444	0.0600105000	0.0834690556
22	2016-07-19	0.1450716818	0.1768771364	0.2221272727
19	2016-07-21	0.3347147368	0.0622704211	0.0770233158
25	2016-07-22	0.2157917200	0.1353240800	0.1731435600
41	2016-07-23	0.1428504390	0.1631720976	0.2186336585
19	2016-07-24	0.1401225263	0.1682662632	0.2208776842
28	2016-07-25	0.2644371071	0.1714221786	0.1765274286
35	2016-07-26	0.3969707429	0.1135528857	0.1154350571
28	2016-07-27	0.3462369286	0.1134606071	0.1232805714
19	2016-07-28	0.1456444211	0.1681667895	0.2154481579
24	2016-07-29	0.1574551250	0.1232995417	0.1590987917
19	2016-07-30	0.1283880526	0.1909867368	0.2700083158
23	2016-07-31	0.1014134348	0.2283447391	0.3143390435
12	2016-08-01	0.3485711667	0.0698540833	0.0844950833
18	2016-08-02	0.2091900556	0.1678191111	0.1976384444
13	2016-08-03	0.2013386154	0.1691878462	0.1801759231
30	2016-08-04	0.1253436000	0.2240595000	0.3164337333
28	2016-08-05	0.0700434286	0.3840298571	0.5150303571
31	2016-08-06	0.0478954839	1.0117088387	1.2051737742
25	2016-08-07	0.1474231200	0.2411170400	0.2829472400
32	2016-08-08	0.2454850938	0.1489576875	0.1688301563
25	2016-08-09	0.2025454800	0.1901954000	0.2274348000
35	2016-08-13	0.2154442286	0.1783505714	0.1985166571
29	2016-08-15	0.1605625172	0.2912943793	0.3738339655
27	2016-08-16	0.1237229259	0.2094313704	0.2773982593
27	2016-08-18	0.2063163333	0.2166831481	0.2865143704
16	2016-08-19	0.2212143750	0.2277690000	0.3025321875
39	2016-08-20	0.1093054615	0.3361329231	0.4084588462
42	2016-08-21	0.1754464286	0.2589357381	0.3065351429
33	2016-08-22	0.1953871212	0.2424045455	0.2721469697
25	2016-08-24	0.0374984000	0.4002127200	0.6269002400
37	2016-08-25	0.1583938378	0.3172398919	0.3946058919
32	2016-08-26	0.1052102500	0.3546286250	0.4408257188
34	2016-08-27	0.1513915882	0.4006260588	0.4554565882
28	2016-08-28	0.2932158214	0.1241606429	0.1214628929
20	2016-08-30	0.0648088500	0.2549102500	0.3693826000
22	2016-08-31	0.0594205455	0.3782673182	0.5106865455
12	2016-09-02	0.4998340000	0.0646233333	0.0583824167
40	2016-09-06	0.3253535000	0.0540555250	0.0541364000
23	2016-09-07	0.0656348261	0.3493023043	0.4700466522
39	2016-09-08	0.0638555897	0.2406265641	0.3652136154
27	2016-09-09	0.2040632963	0.2611248889	0.3022296667
25	2016-09-10	0.3623444000	0.1116203600	0.1226664800
33	2016-09-11	0.2605829091	0.1860716061	0.2224337273
27	2016-09-12	0.2271483704	0.2013875556	0.2405026667
42	2016-09-13	0.1669815714	0.2600910000	0.2993140714
13	2016-09-14	0.0764573077	0.4975539231	0.6122097692
19	2016-09-15	0.1484322105	0.3801609474	0.4684596316
24	2016-09-16	0.1524609583	0.3292578333	0.3916835000
34	2016-09-18	0.0698522647	0.6370811471	0.7722637059
19	2016-09-19	0.1418496842	0.1962795789	0.2696907895
34	2016-09-20	0.1429572941	0.3705660588	0.4411995000
37	2016-09-21	0.1067733514	0.4049433514	0.4780784595
34	2016-09-23	0.0800067941	0.3494600294	0.4085838529
21	2016-09-24	0.0617622857	0.3053280000	0.4112785238
45	2016-09-26	0.0461687111	0.5659994444	0.7387287778
20	2016-09-27	0.1777944500	0.1448109000	0.1693387000
31	2016-09-30	0.3181591290	0.0800157742	0.0717606129
18	2016-10-01	0.1764607222	0.1102717778	0.1409636667
25	2016-10-09	0.0910664800	0.4801969600	0.5964580000
21	2016-10-12	0.0389787619	0.3826171429	0.5780616190
31	2016-10-13	0.1050608387	0.2478898710	0.3254418710
37	2016-10-14	0.0444514054	0.7248298108	0.9072515946
37	2016-10-15	0.0420601892	1.0722940811	1.2334603784
33	2016-10-16	0.0646821515	0.9590833030	1.0907667273
23	2016-10-17	0.0633916522	0.8205878696	0.9752485217
31	2016-10-18	0.1485100645	0.8235438387	0.9416763226
35	2016-10-19	0.1224388000	0.7122660000	0.8569033143
19	2016-10-20	0.0970384211	0.1607492632	0.2505876316
21	2016-10-21	0.0649341429	0.4220465714	0.5731623333
27	2016-10-22	0.1622918519	0.2347575556	0.3191900370
25	2016-10-23	0.1577821600	0.2717296000	0.3117884400
15	2016-10-24	0.0441872000	0.6659474000	0.8146892000
27	2016-10-25	0.0546402222	0.9411322593	1.1146223333
36	2016-10-27	0.0455668333	1.5327238611	1.6224140833
33	2016-10-28	0.0282866667	1.8604116061	1.9895038485
36	2016-10-29	0.0661856111	0.4555770833	0.6017016389
19	2016-10-30	0.0398648947	1.1458507368	1.3360126316
30	2016-10-31	0.0615613000	1.1092658667	1.2586955000
18	2016-11-01	0.1792799444	0.8389970000	0.9679333333
16	2016-11-03	0.1406471250	1.0315540000	1.1417372500
13	2016-11-07	0.1455742308	0.2887627692	0.3455777692
13	2016-11-13	0.0531495385	0.2547520769	0.4438300769
13	2016-11-17	0.1531377692	0.3159720769	0.4064291538
22	2016-11-19	0.0949878636	0.2209938182	0.3776979545
29	2016-11-20	0.0590157586	0.4799935862	0.7271748966
24	2016-11-21	0.0595255000	0.3672782500	0.5941813333
12	2016-11-22	0.0685119167	0.6559903333	0.9336846667
18	2016-11-26	0.0506386111	0.5434359444	0.8679342778
18	2016-11-27	0.0711792778	0.4196607222	0.6607933333
32	2016-12-02	0.0797376875	0.5169581250	0.7385008750
25	2016-12-03	0.0635960400	0.5159919200	0.7557298000
36	2016-12-04	0.0603055833	0.6706211944	0.9561719444
15	2016-12-05	0.0526998000	0.6771114667	0.9808990000
20	2016-12-06	0.0569931500	0.5492198000	0.8134859000
16	2016-12-07	0.1057342500	0.4562526250	0.6277885625
15	2016-12-10	0.1874837333	0.4412063333	0.5519451333
