
    78866 TNCM Juliana Airport Observations at 12Z 04 Apr 1974

-----------------------------------------------------------------------------
   PRES   HGHT   TEMP   DWPT   RELH   MIXR   DRCT   SKNT   THTA   THTE   THTV
    hPa     m      C      C      %    g/kg    deg   knot     K      K      K 
-----------------------------------------------------------------------------
 1017.0      4   24.6   19.6     74  14.33     65     17  296.3  337.8  298.9
 1000.0    154   24.0   19.5     76  14.48     70     17  297.1  339.2  299.7
  982.9    304   22.6   19.0     80  14.29     70     18  297.2  338.8  299.8
  949.1    609   19.9   18.0     89  13.89     75     18  297.4  337.8  299.9
  932.0    767   18.4   17.5     94  13.69     75     19  297.5  337.3  299.9
  916.2    914   17.7   13.9     78  10.98     75     19  298.2  330.4  300.2
  910.0    973   17.4   12.4     72  10.03     74     19  298.5  328.0  300.3
  884.1   1219   15.9   11.1     73   9.46     70     20  299.4  327.4  301.1
  850.0   1554   13.8    9.3     74   8.72     65     22  300.6  326.6  302.2
  822.7   1828   11.6    6.9     73   7.65     70     21  301.1  324.0  302.5
  808.0   1980   10.4    5.6     72   7.11     70     21  301.4  322.8  302.6
  793.3   2133    9.9    0.5     52   5.04     70     20  302.5  317.9  303.4
  782.0   2252    9.6   -3.4     40   3.82     70     20  303.3  315.3  304.0
  764.6   2438    8.6   -8.8     28   2.59     70     20  304.2  312.5  304.7
  736.8   2743    6.9  -17.6     16   1.31     70     21  305.6  310.0  305.8
  716.0   2979    5.6  -24.4      9   0.75     73     18  306.7  309.3  306.8
  700.0   3164    6.8  -23.2     10   0.85     75     16  310.0  312.9  310.1
  658.9   3657    4.2  -25.8      9   0.71     65     18  312.4  315.0  312.6
  647.0   3805    3.4  -26.6      9   0.68     64     17  313.2  315.6  313.3
  611.0   4267    2.2  -27.8      9   0.64     60     12  317.0  319.4  317.1
  592.0   4521    1.6  -28.4      9   0.63     54     10  319.1  321.4  319.3
  566.1   4876   -0.4  -30.4      8   0.54     45      8  320.9  322.9  321.0
  500.0   5860   -6.1  -36.1      7   0.35     10     18  325.5  326.9  325.6
  484.9   6096   -8.1  -38.1      7   0.30      5     19  326.0  327.1  326.0
  432.0   6989  -15.5  -45.5      6   0.15    359     19  327.5  328.1  327.5
  400.0   7570  -18.1  -48.1      5   0.12    355     19  331.4  331.9  331.4
  397.2   7620  -18.5  -48.5      5   0.12    355     19  331.5  332.0  331.5
  321.4   9144  -31.0  -61.0      4   0.03    345     25  334.9  335.0  334.9
  300.0   9640  -35.1  -65.1      3   0.02    335     28  335.8  335.9  335.8
  272.0  10318  -40.1  -70.1      3   0.01    325     33  338.1  338.1  338.1
  258.3  10668  -43.2                         320     36  338.6         338.6
  250.0  10890  -45.1                         320     33  338.9         338.9
  214.4  11887  -52.7                         320     31  342.3         342.3
  200.0  12340  -56.1                         320     21  343.8         343.8
  150.0  14130  -66.7                         290     27  355.0         355.0
  144.0  14378  -65.9                         290     26  360.6         360.6
  124.5  15240  -70.0                         290     22  368.3         368.3
  106.7  16154  -74.4                         270     22  376.6         376.6
  100.0  16540  -76.3                         285     23  380.1         380.1
   92.0  17019  -77.3                         310     21  387.2         387.2
   89.0  17211  -74.9                         320     20  395.7         395.7
   82.1  17678  -75.4                         345     18  404.0         404.0
   70.0  18600  -76.3                          40     10  420.8         420.8
   64.0  19123  -73.7                          39      9  437.4         437.4
   62.0  19312  -68.9                          38      8  452.1         452.1
   57.0  19822  -64.9                          37      7  472.1         472.1
   50.0  20630  -62.9                          35      5  494.8         494.8
   49.0  20754  -63.7                          38      5  495.8         495.8
   32.0  23442  -51.5                         105     15  592.6         592.6
   30.0  23860  -52.3                         115     16  601.5         601.5
   23.0  25587  -49.9                                     656.0         656.0


      Station information and sounding indices

                         Station identifier: TNCM
                             Station number: 78866
                           Observation time: 740404/1200
                           Station latitude: 18.03
                          Station longitude: -63.11
                          Station elevation: 4.0
                            Showalter index: 6.91
                               Lifted index: 1.37
    LIFT computed using virtual temperature: 0.72
                                SWEAT index: 173.62
                                    K index: -0.80
                         Cross totals index: 15.40
                      Vertical totals index: 19.90
                        Totals totals index: 35.30
      Convective Available Potential Energy: 145.56
             CAPE using virtual temperature: 295.75
                      Convective Inhibition: -4.51
             CINS using virtual temperature: -2.16
                           Equilibrum Level: 294.71
 Equilibrum Level using virtual temperature: 292.39
                   Level of Free Convection: 900.48
             LFCT using virtual temperature: 926.38
                     Bulk Richardson Number: 247.17
          Bulk Richardson Number using CAPV: 502.18
  Temp [K] of the Lifted Condensation Level: 291.36
Pres [hPa] of the Lifted Condensation Level: 934.13
   Equivalent potential temp [K] of the LCL: 338.57
     Mean mixed layer potential temperature: 297.10
              Mean mixed layer mixing ratio: 14.30
              1000 hPa to 500 hPa thickness: 5706.00
Precipitable water [mm] for entire sounding: 28.45


    78866 TNCM Juliana Airport Observations at 12Z 09 Apr 1974

-----------------------------------------------------------------------------
   PRES   HGHT   TEMP   DWPT   RELH   MIXR   DRCT   SKNT   THTA   THTE   THTV
    hPa     m      C      C      %    g/kg    deg   knot     K      K      K 
-----------------------------------------------------------------------------
 1017.0      4   25.0   20.0     74  14.70     65     23  296.7  339.3  299.3
 1000.0    154   23.8   18.8     74  13.85     65     24  296.9  337.2  299.4
  983.0    304   22.4   18.7     79  13.98     70     25  297.0  337.6  299.5
  959.0    519   20.4   18.5     89  14.18     74     24  297.1  338.2  299.6
  949.1    609   20.0   16.9     82  12.89     75     24  297.5  335.1  299.8
  916.2    914   18.5   11.3     63   9.24     75     19  299.0  326.3  300.7
  910.0    972   18.2   10.2     60   8.65     75     18  299.3  325.0  300.9
  884.0   1219   16.0   10.3     69   8.99     75     16  299.5  326.1  301.1
  850.0   1553   13.0   10.5     85   9.46     75     14  299.8  327.8  301.5
  822.6   1828   11.6    8.2     80   8.36     80     15  301.1  326.1  302.6
  819.0   1865   11.4    7.9     79   8.22     80     15  301.3  325.9  302.8
  792.8   2133    9.7    6.8     82   7.88     80     17  302.2  326.0  303.7
  764.0   2438    7.8    5.5     86   7.49     75     14  303.4  326.1  304.8
  736.2   2743    5.8    4.3     90   7.12     80     15  304.5  326.2  305.8
  700.0   3159    3.2    2.6     96   6.64     85     13  306.0  326.4  307.2
  693.0   3240    0.9  -29.1      9   0.50     83     12  304.3  306.1  304.4
  688.0   3298    0.7  -29.3      8   0.49     81     12  304.7  306.5  304.8
  679.0   3404    4.4  -25.6      9   0.71     78     11  310.0  312.5  310.1
  658.2   3657    4.7  -25.3      9   0.75     70      8  313.1  315.8  313.3
  640.0   3886    5.0  -25.0      9   0.79     64      8  316.0  318.8  316.1
  637.0   3924    4.4                          64      8  315.7         315.7
  610.2   4267    2.4                          55      8  317.3         317.3
  565.5   4876   -1.2                          70      7  320.1         320.1
  527.0   5439   -4.5                         353     10  322.6         322.6
  500.0   5850   -8.1                         295     13  323.1         323.1
  484.0   6096  -10.0                         295     14  323.8         323.8
  400.0   7540  -20.9                         270     28  327.7         327.7
  395.6   7620  -21.3                         270     28  328.2         328.2
  324.0   9073  -28.7                         289     41  337.3         337.3
  320.8   9144  -29.2                         290     42  337.6         337.6
  300.0   9620  -32.7                         290     30  339.2         339.2
  262.0  10561  -40.1                         290     44  341.7         341.7
  257.9  10668  -41.0                         290     46  342.0         342.0
  250.0  10880  -42.7                         285     50  342.4         342.4
  235.4  11277  -45.8                         285     56  343.7         343.7
  206.0  12159  -52.7                          31     47  346.2         346.2
  205.0  12192  -52.8                          35     47  346.6         346.6
  200.0  12350  -53.3                         275     49  348.2         348.2
  160.8  13716  -62.6                         280     37  355.0         355.0
  150.0  14150  -65.5                         280     45  357.1         357.1
  145.7  14325  -66.6                         280     46  358.1         358.1
  131.0  14965  -70.7                         280     40  361.9         361.9
  125.0  15240  -71.6                         280     37  365.1         365.1
  107.0  16154  -74.5                         280     30  376.3         376.3
  100.0  16550  -75.7                         275     22  381.2         381.2
   77.0  18052  -78.7                         275     13  404.5         404.5
   70.0  18600  -75.7                         295     13  422.1         422.1
   50.0  20620  -62.5                          80     10  495.8         495.8


      Station information and sounding indices

                         Station identifier: TNCM
                             Station number: 78866
                           Observation time: 740409/1200
                           Station latitude: 18.03
                          Station longitude: -63.11
                          Station elevation: 4.0
                            Showalter index: 4.31
                               Lifted index: -0.30
    LIFT computed using virtual temperature: -0.99
                                SWEAT index: 167.01
                                    K index: 31.00
                         Cross totals index: 18.60
                      Vertical totals index: 21.10
                        Totals totals index: 39.70
      Convective Available Potential Energy: 292.63
             CAPE using virtual temperature: 398.98
                      Convective Inhibition: -19.35
             CINS using virtual temperature: -7.61
                           Equilibrum Level: 360.08
 Equilibrum Level using virtual temperature: 362.20
                   Level of Free Convection: 882.96
             LFCT using virtual temperature: 901.82
                     Bulk Richardson Number: 16.92
          Bulk Richardson Number using CAPV: 23.06
  Temp [K] of the Lifted Condensation Level: 291.10
Pres [hPa] of the Lifted Condensation Level: 932.67
   Equivalent potential temp [K] of the LCL: 337.79
     Mean mixed layer potential temperature: 296.96
              Mean mixed layer mixing ratio: 14.09
              1000 hPa to 500 hPa thickness: 5696.00
Precipitable water [mm] for entire sounding: 31.96


    78866 TNCM Juliana Airport Observations at 12Z 12 Apr 1974

-----------------------------------------------------------------------------
   PRES   HGHT   TEMP   DWPT   RELH   MIXR   DRCT   SKNT   THTA   THTE   THTV
    hPa     m      C      C      %    g/kg    deg   knot     K      K      K 
-----------------------------------------------------------------------------
 1018.0      4   24.6   18.6     69  13.43     60     18  296.2  335.1  298.6
 1000.0    162   23.0   17.0     69  12.34     60     18  296.1  331.9  298.3
  983.6    304   21.9   16.4     71  12.05     65     24  296.4  331.4  298.6
  949.4    609   19.5   15.1     76  11.45     65     24  297.0  330.4  299.1
  916.3    914   17.1   13.7     81  10.88     55     19  297.6  329.4  299.5
  884.4   1219   14.7   12.4     86  10.32     55     19  298.1  328.4  300.0
  873.0   1331   13.8   11.9     88  10.12     57     20  298.3  328.0  300.1
  850.0   1556   12.8    8.5     75   8.26     60     21  299.5  324.1  301.0
  822.7   1828   10.6    6.6     76   7.48     70     17  300.0  322.4  301.4
  793.1   2133    8.1    4.5     78   6.68     85     11  300.5  320.6  301.7
  767.0   2412    5.8    2.5     79   6.01     71     18  300.9  319.1  302.0
  764.6   2438    6.0    1.1     71   5.45     70     19  301.4  317.9  302.3
  736.8   2743    7.7  -15.1     18   1.61     75     18  306.5  311.8  306.8
  726.0   2865    8.4  -21.6     10   0.94     53     17  308.5  311.8  308.7
  700.0   3166    7.6  -22.4     10   0.91      0     15  310.9  314.1  311.0
  658.2   3657    4.3  -25.7      9   0.72     55     13  312.7  315.3  312.8
  609.8   4267    0.3  -29.7      8   0.54     45     11  314.9  316.9  315.0
  564.9   4876   -3.8  -33.8      8   0.39     25     10  317.1  318.6  317.1
  500.0   5850  -10.3  -40.3      7   0.23    360      3  320.4  321.3  320.5
  400.0   7530  -21.9  -36.9     24   0.41    265     21  326.4  328.0  326.5
  395.0   7620  -22.8  -37.1     26   0.40    360      3  326.5  328.1  326.6
  327.0   8971  -35.5  -40.5     60   0.34    267     34  327.1  328.4  327.1
  319.0   9144  -35.0  -62.2      5   0.03    255     38  330.1  330.3  330.1
  318.0   9166  -34.9  -64.9      3   0.02    255     38  330.5  330.6  330.5
  300.0   9570  -37.1  -67.1      3   0.02    250     41  333.0  333.0  333.0
  282.0   9996  -40.1  -70.1      3   0.01    250     43  334.6  334.6  334.6
  255.3  10668  -44.1                         250     46  338.4         338.4
  250.0  10810  -44.9                         250     53  339.2         339.2
  232.8  11277  -48.0                         245     65  341.4         341.4
  202.4  12192  -54.2                         245     71  345.6         345.6
  200.0  12270  -54.7                         245     72  346.0         346.0
  175.0  13106  -59.4                         250     61  351.6         351.6
  151.2  14020  -64.6                         260     50  357.8         357.8
  150.0  14070  -64.9                         260     48  358.1         358.1
  123.2  15240  -71.1                         225     66  367.4         367.4
  113.0  15756  -73.9                         255     50  371.5         371.5
  111.2  15849  -73.7                         260     47  373.5         373.5
  100.2  16459  -72.7                         255     33  386.8         386.8
  100.0  16470  -72.7                         255     32  387.0         387.0
   91.0  17021  -76.5                         255     27  390.0         390.0
   70.0  18550  -74.1                         260     26  425.5         425.5
   59.0  19557  -70.3                         313     17  455.4         455.4
   50.0  20570  -58.5                           5      8  505.2         505.2
   42.0  21657  -61.9                          27      9  522.6         522.6
   30.0  23780  -53.5                          70     12  598.2         598.2
   28.0  24251  -53.3                          73     14  610.6         610.6
   24.0  25246  -77.1                          78     19  569.1         569.1
   20.0  26440  -47.3                          85     24  690.6         690.6


      Station information and sounding indices

                         Station identifier: TNCM
                             Station number: 78866
                           Observation time: 740412/1200
                           Station latitude: 18.03
                          Station longitude: -63.11
                          Station elevation: 4.0
                            Showalter index: 3.98
                               Lifted index: 0.10
    LIFT computed using virtual temperature: -0.42
                                SWEAT index: 146.99
                                    K index: 1.60
                         Cross totals index: 18.80
                      Vertical totals index: 23.10
                        Totals totals index: 41.90
      Convective Available Potential Energy: 106.41
             CAPE using virtual temperature: 165.04
                      Convective Inhibition: -20.82
             CINS using virtual temperature: -15.08
                           Equilibrum Level: 320.38
 Equilibrum Level using virtual temperature: 320.07
                   Level of Free Convection: 848.68
             LFCT using virtual temperature: 879.82
                     Bulk Richardson Number: 15.03
          Bulk Richardson Number using CAPV: 23.31
  Temp [K] of the Lifted Condensation Level: 288.60
Pres [hPa] of the Lifted Condensation Level: 911.08
   Equivalent potential temp [K] of the LCL: 331.92
     Mean mixed layer potential temperature: 296.39
              Mean mixed layer mixing ratio: 12.28
              1000 hPa to 500 hPa thickness: 5688.00
Precipitable water [mm] for entire sounding: 28.31


    78866 TNCM Juliana Airport Observations at 12Z 13 Apr 1974

-----------------------------------------------------------------------------
   PRES   HGHT   TEMP   DWPT   RELH   MIXR   DRCT   SKNT   THTA   THTE   THTV
    hPa     m      C      C      %    g/kg    deg   knot     K      K      K 
-----------------------------------------------------------------------------
 1019.0      4   24.4   17.4     65  12.42     55     18  295.9  331.9  298.2
 1000.0    167   23.0   17.0     69  12.34     55     18  296.1  331.9  298.3
  984.3    304   21.9   16.9     73  12.45     50     18  296.4  332.5  298.6
  950.4    609   19.5   16.6     83  12.69     50     20  297.0  333.9  299.2
  932.0    778   18.2   16.5     90  12.83     50     21  297.3  334.6  299.6
  917.3    914   16.9   13.6     81  10.81     50     21  297.3  328.9  299.3
  893.0   1144   14.8    8.8     67   8.02     57     22  297.4  321.1  298.9
  850.0   1561   12.4   11.4     94  10.05     70     23  299.1  328.8  300.9
  782.0   2257    7.8    6.0     88   7.55     68     22  301.4  324.1  302.8
  758.0   2514    5.6  -24.4      9   0.70     67     21  301.7  304.1  301.8
  700.0   3168    8.4  -21.6     10   0.98     65     20  311.8  315.2  311.9
  500.0   5860   -9.5  -39.5      7   0.25     40     16  321.4  322.4  321.4
  400.0   7540  -22.5  -52.5      5   0.07    360     14  325.7  326.0  325.7
  300.0   9590  -37.5  -67.5      3   0.01    314     21  332.4  332.5  332.4
  250.0  10820  -46.5                         285     26  336.8         336.8
  200.0  12230  -53.5                         270     38  347.9         347.9
  150.0  14080  -63.7                         275     50  360.1         360.1
  110.0  15942  -73.5                         290     45  375.1         375.1
  100.0  16500  -73.9                         280     43  384.7         384.7


      Station information and sounding indices

                         Station identifier: TNCM
                             Station number: 78866
                           Observation time: 740413/1200
                           Station latitude: 18.03
                          Station longitude: -63.11
                          Station elevation: 4.0
                            Showalter index: 2.43
                               Lifted index: 0.71
    LIFT computed using virtual temperature: 0.19
                                SWEAT index: 198.80
                                    K index: 3.30
                         Cross totals index: 20.90
                      Vertical totals index: 21.90
                        Totals totals index: 42.80
      Convective Available Potential Energy: 87.64
             CAPE using virtual temperature: 150.24
                      Convective Inhibition: -15.01
             CINS using virtual temperature: -12.16
                           Equilibrum Level: 354.77
 Equilibrum Level using virtual temperature: 356.45
                   Level of Free Convection: 892.67
             LFCT using virtual temperature: 904.04
                     Bulk Richardson Number: 127.37
          Bulk Richardson Number using CAPV: 218.33
  Temp [K] of the Lifted Condensation Level: 288.87
Pres [hPa] of the Lifted Condensation Level: 914.82
   Equivalent potential temp [K] of the LCL: 332.34
     Mean mixed layer potential temperature: 296.33
              Mean mixed layer mixing ratio: 12.44
              1000 hPa to 500 hPa thickness: 5693.00
Precipitable water [mm] for entire sounding: 28.26


    78866 TNCM Juliana Airport Observations at 12Z 17 Apr 1974

-----------------------------------------------------------------------------
   PRES   HGHT   TEMP   DWPT   RELH   MIXR   DRCT   SKNT   THTA   THTE   THTV
    hPa     m      C      C      %    g/kg    deg   knot     K      K      K 
-----------------------------------------------------------------------------
 1019.0      4   24.8   18.8     69  13.59     85     13  296.4  335.7  298.8
 1000.0    168   23.8   17.8     69  12.99     85     14  296.9  334.7  299.3
  984.4    304   22.7   17.0     70  12.56     95     14  297.2  333.8  299.4
  950.4    609   20.2   15.3     73  11.64     90     17  297.7  331.7  299.8
  897.0   1109   16.2   12.5     79  10.25     82     18  298.5  328.6  300.3
  860.0   1468   15.0    3.0     44   5.55     77     18  300.8  317.7  301.9
  850.0   1567   14.2    1.2     41   4.93     75     18  301.0  316.1  301.9
  813.0   1940   11.4   -2.6     37   3.90     72     16  301.9  314.0  302.6
  794.4   2133    9.7    3.5     65   6.22     70     15  302.1  321.0  303.2
  791.0   2169    9.4    4.6     72   6.77     69     15  302.1  322.6  303.4
  765.6   2438    8.1   -7.3     33   2.91     60     16  303.5  312.7  304.1
  757.0   2532    7.6  -11.4     25   2.12     57     16  304.0  310.9  304.4
  747.0   2641    6.8   -6.2     39   3.24     53     16  304.3  314.5  304.9
  737.8   2743    7.0   -9.3     30   2.58     50     16  305.5  313.8  306.0
  700.0   3175    7.6  -22.4     10   0.91     70     15  310.9  314.1  311.0
  660.3   3657    7.4  -22.6     10   0.95     80     14  315.9  319.3  316.1
  656.0   3710    7.4  -22.6     10   0.95     79     14  316.5  319.9  316.6
  612.2   4267    4.3  -25.7      9   0.77     70     11  319.2  322.0  319.3
  567.7   4876    0.8  -29.1      9   0.61     35      9  322.1  324.4  322.2
  500.0   5900   -4.9  -34.9      7   0.40     35      9  327.0  328.5  327.1
  487.5   6096   -5.9  -35.9      7   0.37     30      6  328.2  329.6  328.3
  455.0   6633   -8.5  -38.5      7   0.30     20      7  331.4  332.6  331.5
  400.0   7610  -17.5  -47.5      5   0.13    360      9  332.2  332.7  332.2
  399.4   7620  -17.6  -47.6      5   0.13    360      9  332.2  332.7  332.2
  323.9   9144  -29.2  -59.2      4   0.04    330      9  336.6  336.8  336.6
  300.0   9700  -33.5  -63.5      3   0.02    330     11  338.0  338.2  338.1
  266.0  10537  -40.1  -70.1      3   0.01    321     17  340.2  340.3  340.2
  260.9  10668  -41.1                         320     18  340.6         340.6
  250.0  10960  -43.3                         315     23  341.6         341.6
  215.0  11954  -51.1                         298     26  344.5         344.5
  200.0  12420  -53.7                         290     28  347.6         347.6
  179.2  13106  -57.8                         295     33  351.9         351.9
  150.0  14220  -64.5                         305     19  358.8         358.8
  147.4  14325  -64.8                         305     18  360.1         360.1
  134.0  14908  -66.3                         337     19  367.3         367.3
  126.8  15240  -68.5                         355     20  369.2         369.2
  109.0  16139  -74.5                           5     23  374.2         374.2
  108.7  16154  -74.5                           5     23  374.4         374.4
  100.0  16640  -75.7                           5     23  381.2         381.2
   74.0  18371  -78.9                          30     10  408.7         408.7
   70.0  18690  -75.7                          20      7  422.1         422.1
   57.0  19911  -66.3                          41      9  468.9         468.9
   54.0  20239  -66.5                          47      9  475.8         475.8
   50.0  20710  -63.5                          55     10  493.4         493.4
   42.0  21804  -54.1                                     541.9         541.9
   33.0  23356  -52.5                                     584.8         584.8


      Station information and sounding indices

                         Station identifier: TNCM
                             Station number: 78866
                           Observation time: 740417/1200
                           Station latitude: 18.03
                          Station longitude: -63.11
                          Station elevation: 4.0
                            Showalter index: 13.78
                               Lifted index: 4.55
    LIFT computed using virtual temperature: 4.01
                                SWEAT index: 59.41
                                    K index: -9.70
                         Cross totals index: 6.10
                      Vertical totals index: 19.10
                        Totals totals index: 25.20
      Convective Available Potential Energy: 31.41
             CAPE using virtual temperature: 78.60
                      Convective Inhibition: -36.89
             CINS using virtual temperature: -14.83
                           Equilibrum Level: 726.61
 Equilibrum Level using virtual temperature: 710.48
                   Level of Free Convection: 821.31
             LFCT using virtual temperature: 857.43
                     Bulk Richardson Number: 11.33
          Bulk Richardson Number using CAPV: 28.36
  Temp [K] of the Lifted Condensation Level: 289.15
Pres [hPa] of the Lifted Condensation Level: 910.26
   Equivalent potential temp [K] of the LCL: 334.01
     Mean mixed layer potential temperature: 297.04
              Mean mixed layer mixing ratio: 12.74
              1000 hPa to 500 hPa thickness: 5732.00
Precipitable water [mm] for entire sounding: 25.65


    78866 TNCM Juliana Airport Observations at 12Z 18 Apr 1974

-----------------------------------------------------------------------------
   PRES   HGHT   TEMP   DWPT   RELH   MIXR   DRCT   SKNT   THTA   THTE   THTV
    hPa     m      C      C      %    g/kg    deg   knot     K      K      K 
-----------------------------------------------------------------------------
 1017.0      4   24.8   19.8     74  14.51    105     20  296.5  338.6  299.1
 1000.0    154   24.0   20.0     78  14.95    105     21  297.1  340.6  299.8
  982.7    304   22.8   19.1     80  14.36    105     21  297.4  339.1  299.9
  948.5    609   20.2   17.2     83  13.22    105     19  297.8  336.4  300.2
  915.4    914   17.7   15.4     86  12.14    105     21  298.3  333.8  300.4
  883.5   1219   15.2   13.5     90  11.14    110     23  298.7  331.4  300.7
  850.0   1552   12.4   11.5     94  10.12    110     20  299.1  329.0  300.9
  833.0   1736    9.0   -2.0     46   3.98    103     18  297.3  309.4  298.0
  824.5   1828    9.6   -0.4     50   4.53    100     17  298.7  312.5  299.6
  809.0   2000   10.6    2.6     58   5.74     94     15  301.5  318.9  302.5
  797.2   2133   10.8   -2.0     41   4.17     90     13  303.0  315.9  303.8
  780.0   2331   11.2   -8.8     24   2.53     90     13  305.3  313.4  305.7
  770.8   2438    9.0    1.0     57   5.36     90     13  303.9  320.4  304.9
  766.0   2495    7.8    6.2     90   7.82     88     13  303.2  326.8  304.6
  743.0   2722  -88.5 -103.5      5   0.00     81     12  201.0  201.0  201.0
  740.9   2743  -83.7  -99.4      5   0.00     80     12  206.4  206.4  206.4
  700.0   3168   12.0  -18.0     11   1.33    130      6  315.7  320.4  316.0
  658.9   3657    8.9  -21.1     10   1.08    120      4  317.7  321.6  317.9
  611.1   4267    5.0  -25.0      9   0.83    120     10  320.2  323.2  320.4
  566.8   4876    1.1  -28.9      9   0.63    105      7  322.6  324.9  322.7
  500.0   5890   -5.3  -35.3      7   0.38     50      8  326.5  328.0  326.6
  400.0   7610  -18.5  -48.5      5   0.12     40      7  330.9  331.4  330.9
  323.2   9144  -30.6  -60.6      4   0.03    310     18  334.9  335.0  334.9
  300.0   9680  -34.9  -64.9      3   0.02    320     17  336.1  336.2  336.1
  259.7  10668  -41.1                         310     22  341.1         341.1
  250.0  10930  -42.7                         315     22  342.4         342.4
  200.0  12410  -52.3                         315     30  349.8         349.8
  150.0  14220  -63.1                         280     17  361.2         361.2
  139.9  14630  -65.5                         275     15  364.2         364.2
  126.2  15240  -69.1                         310      7  368.7         368.7
  108.0  16154  -74.4                          65      8  375.3         375.3
  100.0  16610  -77.1                          70     13  378.5         378.5
   78.0  18037  -80.3                          60     12  399.7         399.7
   70.0  18660  -76.1                          80     12  421.3         421.3
   62.0  19366  -73.5                          73     13  441.9         441.9
   50.0  20660  -62.3                          60     15  496.2         496.2
   33.0  23295  -51.3                          76     27  588.0         588.0
   30.0  23910  -54.3                          80     30  596.0         596.0
   20.0  26530  -51.1                          60     34  679.0         679.0
   11.0  30566  -33.9                                     867.9         867.9


      Station information and sounding indices

                         Station identifier: TNCM
                             Station number: 78866
                           Observation time: 740418/1200
                           Station latitude: 18.03
                          Station longitude: -63.11
                          Station elevation: 4.0
                            Showalter index: 6.53
                               Lifted index: 1.97
    LIFT computed using virtual temperature: 1.32
                                SWEAT index: 186.02
                                    K index: -0.80
                         Cross totals index: 16.80
                      Vertical totals index: 17.70
                        Totals totals index: 34.50
      Convective Available Potential Energy: 1579.73
             CAPE using virtual temperature: 1693.14
                      Convective Inhibition: -7.41
             CINS using virtual temperature: -4.11
                           Equilibrum Level: 295.77
 Equilibrum Level using virtual temperature: 294.59
                   Level of Free Convection: 912.46
             LFCT using virtual temperature: 920.81
                     Bulk Richardson Number: 191.52
          Bulk Richardson Number using CAPV: 205.27
  Temp [K] of the Lifted Condensation Level: 291.46
Pres [hPa] of the Lifted Condensation Level: 933.68
   Equivalent potential temp [K] of the LCL: 339.04
     Mean mixed layer potential temperature: 297.24
              Mean mixed layer mixing ratio: 14.41
              1000 hPa to 500 hPa thickness: 5736.00
Precipitable water [mm] for entire sounding: 29.09


    78866 TNCM Juliana Airport Observations at 12Z 23 Apr 1974

-----------------------------------------------------------------------------
   PRES   HGHT   TEMP   DWPT   RELH   MIXR   DRCT   SKNT   THTA   THTE   THTV
    hPa     m      C      C      %    g/kg    deg   knot     K      K      K 
-----------------------------------------------------------------------------
 1016.0      4   24.8   18.8     69  13.63     90     14  296.6  336.1  299.0
 1000.0    143   26.0   21.0     74  15.93     85     15  299.1  345.8  302.0
  981.8    304   23.9   19.9     78  15.11     85     15  298.6  342.8  301.3
  948.1    609   19.9   17.7     87  13.64     90     20  297.5  337.2  300.0
  931.0    768   17.8   16.6     93  12.93     90     21  296.9  334.5  299.3
  915.3    914   17.8   14.4     80  11.36     90     22  298.4  331.7  300.4
  908.0    983   17.8   13.3     75  10.68     89     23  299.1  330.5  301.0
  891.0   1145   15.8   12.7     82  10.46     86     25  298.6  329.4  300.5
  883.3   1219   15.4   12.2     81  10.19     85     26  299.0  329.0  300.8
  850.0   1546   13.6    9.9     78   9.08     85     25  300.4  327.4  302.0
  822.0   1828   12.7   -0.4     40   4.54     80     25  302.3  316.3  303.1
  802.0   2035   12.0   -8.0     24   2.62     80     21  303.7  312.1  304.2
  792.6   2133   11.5   -9.3     22   2.39     80     19  304.2  311.9  304.7
  764.0   2438   10.1  -13.5     18   1.78     85     15  305.9  311.7  306.2
  736.4   2743    8.6  -17.7     14   1.30     90     17  307.5  311.9  307.7
  700.0   3164    6.6  -23.4     10   0.83     90     15  309.8  312.7  309.9
  658.8   3657    3.9  -26.1      9   0.69    105     13  312.1  314.6  312.3
  620.0   4150    1.2  -28.8      9   0.58     97     10  314.5  316.6  314.6
  611.0   4267    0.1  -29.9      8   0.53     95      9  314.6  316.5  314.7
  565.9   4876   -5.4  -35.4      7   0.33    135      2  315.1  316.3  315.1
  565.0   4888   -5.5  -35.5      7   0.33    137      2  315.1  316.3  315.1
  500.0   5840   -9.7  -39.7      7   0.24    305      6  321.1  322.1  321.2
  483.6   6096  -10.7  -40.7      6   0.23    260      9  322.9  323.8  323.0
  472.0   6282  -11.5  -41.5      6   0.21    258     11  324.2  325.1  324.3
  449.0   6662  -14.7  -31.7     22   0.60    254     16  324.9  327.2  325.0
  442.0   6781  -14.1  -44.1      6   0.17    253     18  327.1  327.8  327.1
  400.0   7530  -19.1  -49.1      5   0.11    245     28  330.1  330.5  330.1
  395.1   7620  -19.7  -49.7      5   0.10    245     28  330.4  330.9  330.5
  338.0   8759  -27.5  -57.5      4   0.05    256     32  334.9  335.1  334.9
  320.0   9144  -31.2  -61.2      4   0.03    260     34  335.1  335.2  335.1
  300.0   9600  -35.5  -65.5      3   0.02    250     42  335.2  335.3  335.2
  278.0  10128  -37.7  -67.7      3   0.02    248     52  339.4  339.5  339.4
  268.0  10379  -40.1  -70.1      3   0.01    246     57  339.5  339.6  339.5
  256.8  10668  -42.4                         245     62  340.2         340.2
  250.0  10850  -43.9                         245     63  340.7         340.7
  217.0  11783  -50.9                         245     65  343.9         343.9
  213.6  11887  -51.7                         250     64  344.3         344.3
  200.0  12320  -54.9                         245     63  345.7         345.7
  174.0  13198  -60.3                         247     59  350.8         350.8
  161.0  13681  -60.3                         249     57  358.7         358.7
  150.0  14120  -62.3                         250     55  362.6         362.6
  124.5  15240  -69.3                         260     44  369.6         369.6
  114.0  15773  -72.7                         263     41  372.8         372.8
  106.8  16154  -73.4                         265     39  378.5         378.5
  100.0  16540  -74.1                         265     34  384.3         384.3
   93.0  16961  -75.7                         260     30  389.2         389.2
   82.0  17690  -75.1                         269     20  404.7         404.7
   79.0  17908  -71.5                         271     17  416.4         416.4
   70.0  18620  -72.5                         280      7  428.9         428.9
   55.0  20079  -62.1                         176      8  483.4         483.4
   50.0  20670  -62.1                         135      8  496.7         496.7
   30.0  23890  -54.3                          75     20  596.0         596.0
   23.0  25619  -47.3                                     663.6         663.6


      Station information and sounding indices

                         Station identifier: TNCM
                             Station number: 78866
                           Observation time: 740423/1200
                           Station latitude: 18.03
                          Station longitude: -63.11
                          Station elevation: 4.0
                            Showalter index: 2.90
                               Lifted index: -3.59
    LIFT computed using virtual temperature: -4.34
                                SWEAT index: 174.80
                                    K index: 3.20
                         Cross totals index: 19.60
                      Vertical totals index: 23.30
                        Totals totals index: 42.90
      Convective Available Potential Energy: 791.87
             CAPE using virtual temperature: 1059.53
                      Convective Inhibition: 0.00
             CINS using virtual temperature: 0.00
                           Equilibrum Level: 251.81
 Equilibrum Level using virtual temperature: 251.91
                   Level of Free Convection: 926.48
             LFCT using virtual temperature: 926.48
                     Bulk Richardson Number: 2618.79
          Bulk Richardson Number using CAPV: 3503.97
  Temp [K] of the Lifted Condensation Level: 291.90
Pres [hPa] of the Lifted Condensation Level: 926.48
   Equivalent potential temp [K] of the LCL: 341.88
     Mean mixed layer potential temperature: 298.35
              Mean mixed layer mixing ratio: 14.95
              1000 hPa to 500 hPa thickness: 5697.00
Precipitable water [mm] for entire sounding: 26.91


    78866 TNCM Juliana Airport Observations at 12Z 24 Apr 1974

-----------------------------------------------------------------------------
   PRES   HGHT   TEMP   DWPT   RELH   MIXR   DRCT   SKNT   THTA   THTE   THTV
    hPa     m      C      C      %    g/kg    deg   knot     K      K      K 
-----------------------------------------------------------------------------
 1017.0      4   25.2   18.2     65  13.10     85     16  296.9  335.0  299.2
 1000.0    150   24.0   18.0     69  13.16     85     16  297.1  335.4  299.5
  982.5    304   22.2   17.0     73  12.59     80     17  296.8  333.4  299.1
  971.0    407   21.0   16.4     75  12.23     80     16  296.6  332.2  298.8
  948.3    609   19.6   14.4     72  11.02     80     15  297.3  329.4  299.2
  915.1    914   17.6   11.5     67   9.39     90     15  298.2  325.9  299.9
  883.0   1219   15.6    8.6     63   7.97     95     18  299.2  322.9  300.6
  850.0   1545   13.4    5.4     58   6.66     95     18  300.2  320.2  301.4
  821.6   1828   11.9    3.6     57   6.05     90     16  301.5  319.8  302.6
  792.1   2133   10.2    1.6     55   5.45     80     12  302.9  319.6  303.9
  758.0   2500    8.2   -0.8     53   4.78     74     12  304.5  319.4  305.4
  735.9   2743    7.4   -9.4     29   2.56     70     12  306.2  314.5  306.7
  700.0   3154    6.0  -24.0      9   0.79     85      8  309.1  311.9  309.2
  676.0   3439    4.8   -8.2     38   3.06     31      5  310.9  320.8  311.4
  659.0   3647    4.4  -25.6      9   0.73    352      2  312.7  315.3  312.8
  658.1   3657    4.3  -25.7      9   0.72    350      2  312.7  315.2  312.8
  610.0   4267   -1.3  -31.3      8   0.46    315      3  313.1  314.8  313.2
  600.0   4400   -2.5  -32.5      8   0.42    331      3  313.2  314.7  313.3
  569.0   4821   -2.3  -32.3      8   0.45     23      5  318.2  319.9  318.3
  565.0   4876   -2.9  -32.0      9   0.47     30      5  318.2  319.9  318.3
  520.0   5526   -9.5  -28.5     20   0.71    359      6  317.8  320.4  317.9
  500.0   5830   -8.7  -38.7      7   0.27    345      7  322.4  323.4  322.4
  482.7   6096  -10.7  -40.7      7   0.23    355     10  323.2  324.1  323.2
  400.0   7520  -21.3  -51.3      5   0.09    295     17  327.2  327.6  327.2
  394.5   7620  -21.9  -51.9      5   0.08    295     17  327.7  328.1  327.7
  319.2   9144  -31.3  -61.3      4   0.03    270     29  335.1  335.2  335.1
  300.0   9590  -34.1  -64.1      3   0.02    270     33  337.2  337.3  337.2
  276.0  10164  -40.1  -70.1      3   0.01    270     36  336.7  336.7  336.7
  256.1  10668  -43.9                         270     39  338.4         338.4
  250.0  10830  -45.1                         270     40  338.9         338.9
  223.0  11582  -49.1                         265     48  344.0         344.0
  200.0  12300  -52.9                         255     57  348.8         348.8
  159.7  13716  -61.2                         260     58  358.0         358.0
  150.0  14110  -63.5                         265     53  360.5         360.5
  137.5  14630  -66.4                         265     46  364.4         364.4
  124.1  15240  -69.9                         265     44  368.9         368.9
  107.0  16127  -74.9                         260     41  375.4         375.4
  100.0  16520  -74.3                         260     36  383.9         383.9
   95.9  16764  -74.3                         260     34  388.6         388.6
   86.4  17373  -74.2                         260     24  400.6         400.6
   79.0  17891  -74.1                                     411.1         411.1
   75.0  18198  -69.1                                     427.7         427.7
   70.0  18610  -68.5                                     437.5         437.5


      Station information and sounding indices

                         Station identifier: TNCM
                             Station number: 78866
                           Observation time: 740424/1200
                           Station latitude: 18.03
                          Station longitude: -63.11
                          Station elevation: 4.0
                            Showalter index: 7.67
                               Lifted index: 0.90
    LIFT computed using virtual temperature: 0.35
                                SWEAT index: 107.81
                                    K index: -2.50
                         Cross totals index: 14.10
                      Vertical totals index: 22.10
                        Totals totals index: 36.20
      Convective Available Potential Energy: 47.00
             CAPE using virtual temperature: 156.50
                      Convective Inhibition: -26.45
             CINS using virtual temperature: -9.34
                           Equilibrum Level: 396.15
 Equilibrum Level using virtual temperature: 388.92
                   Level of Free Convection: 834.29
             LFCT using virtual temperature: 878.40
                     Bulk Richardson Number: 6.76
          Bulk Richardson Number using CAPV: 22.51
  Temp [K] of the Lifted Condensation Level: 289.08
Pres [hPa] of the Lifted Condensation Level: 910.76
   Equivalent potential temp [K] of the LCL: 333.68
     Mean mixed layer potential temperature: 296.92
              Mean mixed layer mixing ratio: 12.67
              1000 hPa to 500 hPa thickness: 5680.00
Precipitable water [mm] for entire sounding: 26.16


    78866 TNCM Juliana Airport Observations at 12Z 26 Apr 1974

-----------------------------------------------------------------------------
   PRES   HGHT   TEMP   DWPT   RELH   MIXR   DRCT   SKNT   THTA   THTE   THTV
    hPa     m      C      C      %    g/kg    deg   knot     K      K      K 
-----------------------------------------------------------------------------
 1015.0      4   26.4   21.4     74  16.09    110     18  298.3  345.2  301.1
 1000.0    134   24.4   19.4     74  14.39    110     19  297.6  339.4  300.1
  980.7    304   22.8   18.7     78  14.05    110     19  297.6  338.5  300.1
  946.9    609   19.8   17.5     86  13.46    105     18  297.6  336.8  300.0
  931.0    756   18.4   16.9     91  13.18    103     17  297.6  335.9  299.9
  914.1    914   18.6   11.0     61   9.08    100     16  299.3  326.2  301.0
  913.0    924   18.6   10.6     60   8.86    100     16  299.4  325.7  301.0
  882.0   1219   16.4   10.4     68   9.06    100     12  300.1  327.0  301.7
  850.0   1534   14.0   10.2     78   9.27     90      9  300.8  328.4  302.5
  820.6   1828   12.3    7.9     75   8.21     20      3  302.0  326.7  303.5
  791.1   2133   10.4    5.5     72   7.22    345      2  303.2  325.1  304.6
  762.8   2438    8.6    3.1     68   6.33    275      6  304.4  323.9  305.6
  738.0   2714    7.0    1.0     66   5.61    270     11  305.6  322.9  306.6
  735.4   2743    7.0    0.3     62   5.33    270     11  305.8  322.4  306.8
  700.0   3148    6.2   -9.8     31   2.61    295      7  309.3  317.9  309.8
  683.0   3349    6.0  -24.0      9   0.81    301      7  311.3  314.1  311.4
  657.4   3657    3.4  -26.6      9   0.66    310      8  311.7  314.1  311.8
  613.0   4221   -1.5  -31.5      8   0.45    292     10  312.4  314.1  312.5
  609.5   4267   -0.8  -30.8      8   0.49    290     10  313.8  315.5  313.9
  602.0   4366    0.8  -29.2      9   0.57    287     10  316.7  318.8  316.8
  564.8   4876   -0.8  -30.8      8   0.52    270     10  320.6  322.6  320.8
  549.0   5103   -1.5  -31.5      8   0.50    265     10  322.4  324.3  322.5
  500.0   5840   -6.1  -36.1      7   0.35    250     10  325.5  326.9  325.6
  483.7   6096   -7.5  -37.5      7   0.32    235     11  326.9  328.2  327.0
  400.0   7560  -15.5  -45.5      6   0.16    240     32  334.8  335.4  334.8
  396.7   7620  -16.0  -45.5      6   0.17    240     34  334.9  335.6  335.0
  300.0   9660  -32.1  -44.1     29   0.26    235     54  340.0  341.1  340.1
  261.0  10628  -40.1  -49.1     38   0.17    230     56  342.1  342.8  342.1
  259.5  10668  -40.5                         230     56  342.1         342.1
  250.0  10920  -43.1                         230     55  341.9         341.9
  200.0  12390  -54.7                         250     49  346.0         346.0
  178.3  13106  -59.1                         250     49  350.4         350.4
  161.6  13716  -62.9                         245     40  354.0         354.0
  150.0  14180  -65.7                         270     52  356.7         356.7
  125.5  15240  -70.1                         245     39  367.4         367.4
  100.0  16590  -75.7                         255     34  381.2         381.2
   92.0  17068  -77.7                         250     30  386.4         386.4
   87.0  17388  -79.1                         245     28  389.9         389.9
   82.7  17678  -77.9                         245     24  397.9         397.9
   70.0  18640  -74.1                         245      4  425.5         425.5
   60.0  19558  -67.9                         163      5  458.6         458.6
   56.0  19975  -67.9                         126      5  467.7         467.7
   50.0  20670  -61.8                          65      6  497.4         497.4
   47.0  21053  -61.3                                     507.5         507.5


      Station information and sounding indices

                         Station identifier: TNCM
                             Station number: 78866
                           Observation time: 740426/1200
                           Station latitude: 18.03
                          Station longitude: -63.11
                          Station elevation: 4.0
                            Showalter index: 6.01
                               Lifted index: 1.05
    LIFT computed using virtual temperature: 0.38
                                SWEAT index: 150.39
                                    K index: 14.30
                         Cross totals index: 16.30
                      Vertical totals index: 20.10
                        Totals totals index: 36.40
      Convective Available Potential Energy: 175.99
             CAPE using virtual temperature: 295.47
                      Convective Inhibition: -8.90
             CINS using virtual temperature: -0.25
                           Equilibrum Level: 591.59
 Equilibrum Level using virtual temperature: 563.57
                   Level of Free Convection: 878.65
             LFCT using virtual temperature: 907.76
                     Bulk Richardson Number: 4.00
          Bulk Richardson Number using CAPV: 6.72
  Temp [K] of the Lifted Condensation Level: 291.27
Pres [hPa] of the Lifted Condensation Level: 927.00
   Equivalent potential temp [K] of the LCL: 339.33
     Mean mixed layer potential temperature: 297.66
              Mean mixed layer mixing ratio: 14.35
              1000 hPa to 500 hPa thickness: 5706.00
Precipitable water [mm] for entire sounding: 31.72


    78866 TNCM Juliana Airport Observations at 12Z 27 Apr 1974

-----------------------------------------------------------------------------
   PRES   HGHT   TEMP   DWPT   RELH   MIXR   DRCT   SKNT   THTA   THTE   THTV
    hPa     m      C      C      %    g/kg    deg   knot     K      K      K 
-----------------------------------------------------------------------------
 1015.0      4   25.8   18.8     65  13.64    105      9  297.7  337.4  300.1
 1000.0    131   24.0   18.0     69  13.16    105     10  297.1  335.4  299.5
  980.4    304   22.5   18.4     77  13.75    105     10  297.4  337.3  299.8
  958.0    507   20.8   18.8     88  14.47    105     11  297.6  339.7  300.2
  946.8    609   19.9   17.8     88  13.70    105     11  297.7  337.6  300.1
  931.0    755   18.6   16.3     86  12.68    103     11  297.8  334.8  300.0
  913.9    914   18.0   12.1     68   9.80    100     10  298.8  327.7  300.5
  895.0   1094   17.4    7.4     52   7.27    100      8  299.9  321.6  301.2
  881.9   1219   16.3    7.1     55   7.23    100      7  300.0  321.6  301.3
  850.0   1533   13.4    6.4     63   7.14    100      8  300.2  321.6  301.5
  836.0   1673   13.2    1.2     44   5.02    100      8  301.4  316.7  302.3
  820.5   1828   12.6   -0.2     41   4.60    100      9  302.4  316.6  303.2
  791.0   2133   11.4   -3.1     36   3.86     65      8  304.3  316.4  305.0
  762.5   2438   10.2   -6.0     32   3.23    340      6  306.2  316.5  306.8
  735.0   2743    9.0   -8.8     27   2.69    290      5  308.1  316.8  308.6
  700.0   3149    7.4  -12.6     23   2.08    270     10  310.6  317.6  311.0
  657.7   3657    3.1  -10.6     36   2.61    245     16  311.4  320.0  311.9
  634.0   3956    0.6   -9.4     47   2.97    262     15  311.8  321.6  312.4
  620.0   4135    0.5   -4.5     69   4.44    272     14  313.7  328.1  314.5
  609.9   4267   -0.3  -10.1     48   2.93    280     13  314.2  323.9  314.8
  595.0   4465   -1.5  -18.5     26   1.50    277     13  315.1  320.3  315.4
  565.1   4876   -2.0  -30.1     10   0.56    270     14  319.2  321.2  319.3
  560.0   4948   -2.1  -32.1      8   0.47    269     15  319.9  321.6  320.0
  500.0   5840   -7.9  -37.9      7   0.29    250     21  323.3  324.5  323.4
  483.6   6096   -9.2  -39.2      7   0.27    245     21  324.9  325.9  324.9
  422.0   7138  -14.3  -44.3      6   0.18    238     33  331.2  331.9  331.2
  400.0   7540  -18.1  -48.1      5   0.12    235     38  331.4  331.9  331.4
  395.6   7620  -18.7  -48.7      5   0.12    235     37  331.7  332.2  331.7
  320.8   9144  -29.6  -59.6      4   0.04    220     49  337.0  337.2  337.0
  300.0   9630  -33.1  -63.1      3   0.03    230     48  338.6  338.7  338.6
  258.2  10668  -41.0  -64.8      6   0.02    240     58  341.8  341.9  341.8
  250.0  10890  -42.7  -65.2      7   0.02    240     59  342.4  342.6  342.4
  200.0  12360  -53.7  -67.8     16   0.02    250     65  347.6  347.7  347.6
  177.6  13106  -45.6  -69.2      5   0.02    240     72  372.9  373.0  372.9
  164.0  13606  -40.1  -70.1      3   0.02    242     69  390.6  390.7  390.6
  150.0  14150  -66.7                         245     66  355.0         355.0
  124.7  15240  -71.6                         250     59  365.3         365.3
  118.4  15544  -73.0                         250     40  368.2         368.2
  101.3  16459  -77.1                         230     28  377.0         377.0
  100.0  16538  -77.5                         245     28  377.7         377.7
   96.0  16773  -77.7                         240     26  381.8         381.8
   77.0  18043  -77.5                         216     18  407.0         407.0
   70.0  18600  -72.3                         205     14  429.4         429.4
   50.0  20630  -62.9                         110      7  494.8         494.8
   42.0  21722  -56.5                         100      8  535.9         535.9
   30.0  23880  -52.9                          80     10  599.8         599.8
   25.0  25070  -47.5                          78     14  647.4         647.4
   22.0  25911  -49.7                          76     17  664.9         664.9
   20.0  26540  -45.5                          75     19  696.1         696.1
   15.0  28461  -44.5                                     759.1         759.1


      Station information and sounding indices

                         Station identifier: TNCM
                             Station number: 78866
                           Observation time: 740427/1200
                           Station latitude: 18.03
                          Station longitude: -63.11
                          Station elevation: 4.0
                            Showalter index: 7.71
                               Lifted index: 0.18
    LIFT computed using virtual temperature: -0.44
                                SWEAT index: 113.80
                                    K index: 7.70
                         Cross totals index: 14.30
                      Vertical totals index: 21.30
                        Totals totals index: 35.60
      Convective Available Potential Energy: 61.68
             CAPE using virtual temperature: 182.87
                      Convective Inhibition: -18.43
             CINS using virtual temperature: -6.09
                           Equilibrum Level: 572.56
 Equilibrum Level using virtual temperature: 482.72
                   Level of Free Convection: 869.05
             LFCT using virtual temperature: 891.57
                     Bulk Richardson Number: 3.04
          Bulk Richardson Number using CAPV: 9.02
  Temp [K] of the Lifted Condensation Level: 290.45
Pres [hPa] of the Lifted Condensation Level: 920.91
   Equivalent potential temp [K] of the LCL: 337.13
     Mean mixed layer potential temperature: 297.38
              Mean mixed layer mixing ratio: 13.69
              1000 hPa to 500 hPa thickness: 5709.00
Precipitable water [mm] for entire sounding: 28.05


    78866 TNCM Juliana Airport Observations at 12Z 28 Apr 1974

-----------------------------------------------------------------------------
   PRES   HGHT   TEMP   DWPT   RELH   MIXR   DRCT   SKNT   THTA   THTE   THTV
    hPa     m      C      C      %    g/kg    deg   knot     K      K      K 
-----------------------------------------------------------------------------
 1014.0      4   25.8   21.7     78  16.41    210      6  297.8  345.5  300.7
 1000.0    122   23.8   19.8     78  14.76    210      7  296.9  339.8  299.6
  979.1    304   22.7   18.5     78  13.91    215      8  297.6  338.1  300.1
  945.1    609   20.7   16.4     76  12.56    240     10  298.7  335.5  300.9
  912.3    914   18.8   14.3     75  11.33    265     15  299.7  333.1  301.8
  880.6   1219   16.9   12.1     73  10.19    275     16  300.8  331.1  302.6
  850.0   1524   15.0   10.0     72   9.15    280     14  301.9  329.2  303.5
  819.6   1828   13.3    8.4     72   8.49    280     12  303.2  328.8  304.8
  790.3   2133   11.6    6.7     72   7.87    280     12  304.6  328.5  306.0
  762.0   2438    9.9    5.1     72   7.28    280     15  305.9  328.3  307.3
  734.7   2743    8.2    3.5     72   6.73    270     15  307.3  328.1  308.6
  700.0   3147    6.0    1.3     72   6.04    260     18  309.1  328.0  310.2
  656.6   3657    3.0   -1.5     72   5.24    250     20  311.4  328.1  312.4
  608.3   4267   -0.6   -4.9     73   4.40    250     19  314.1  328.4  314.9
  563.5   4876   -4.2   -8.2     74   3.66    255     30  316.8  328.9  317.5
  500.0   5830   -9.9  -13.5     75   2.71    240     25  320.9  330.1  321.4
  482.8   6096  -11.1  -18.8     53   1.80    240     28  322.7  329.0  323.0
  400.0   7530  -17.5  -47.5      5   0.13    240     46  332.2  332.7  332.2
  395.1   7620  -18.0  -48.0      5   0.13    240     46  332.6  333.1  332.6
  320.6   9144  -27.2  -57.2      4   0.05    240     56  340.4  340.6  340.4
  300.0   9630  -30.1  -60.1      4   0.04    245     63  342.8  343.0  342.9
  285.0   9987  -33.4                         250     66  343.1         343.1
  258.5  10668  -39.7                         240     52  343.6         343.6
  250.0  10900  -41.9                         240     51  343.6         343.6
  200.0  12370  -55.3                         235     57  345.0         345.0
  150.0  14150  -67.7                         240     51  353.3         353.3
  124.8  15240  -71.7                         240     48  365.1         365.1
  100.0  16550  -76.5                         245     39  379.7         379.7
   86.6  17373  -77.2                         220     37  394.1         394.1
   85.0  17482  -77.3                         222     35  396.1         396.1
   78.0  17983  -74.5                         230     27  411.7         411.7
   70.0  18610  -71.1                         230     20  431.9         431.9
   63.0  19236  -69.9                         174     21  447.8         447.8
   54.0  20173  -61.5                          91     22  487.3         487.3
   50.0  20650  -61.9                          50     22  497.2         497.2
   43.0  21587  -60.7                          56     21  522.0         522.0
   33.0  23272  -51.3                          66     18  588.0         588.0
   30.0  23890  -52.3                          70     17  601.5         601.5
   28.0  24340  -49.7                          71     18  620.6         620.6
   24.0  25351  -50.3                          73     20  646.9         646.9
   20.0  26560  -44.9                          75     22  698.0         698.0
   14.0  28961  -41.5                          80     23  784.4         784.4
   11.5  30291  -42.9                          83     24  824.7         824.7
   10.0  31240  -39.5                          85     24  871.0         871.0
    7.0  33720  -32.7                                     992.5         992.5


      Station information and sounding indices

                         Station identifier: TNCM
                             Station number: 78866
                           Observation time: 740428/1200
                           Station latitude: 18.03
                          Station longitude: -63.11
                          Station elevation: 4.0
                            Showalter index: 1.81
                               Lifted index: -2.62
    LIFT computed using virtual temperature: -2.90
                                SWEAT index: 173.01
                                    K index: 30.20
                         Cross totals index: 19.90
                      Vertical totals index: 24.90
                        Totals totals index: 44.80
      Convective Available Potential Energy: 305.81
             CAPE using virtual temperature: 397.78
                      Convective Inhibition: -34.64
             CINS using virtual temperature: -19.61
                           Equilibrum Level: 420.58
 Equilibrum Level using virtual temperature: 414.40
                   Level of Free Convection: 830.58
             LFCT using virtual temperature: 869.00
                     Bulk Richardson Number: 17.22
          Bulk Richardson Number using CAPV: 22.39
  Temp [K] of the Lifted Condensation Level: 291.21
Pres [hPa] of the Lifted Condensation Level: 927.41
   Equivalent potential temp [K] of the LCL: 339.02
     Mean mixed layer potential temperature: 297.56
              Mean mixed layer mixing ratio: 14.30
              1000 hPa to 500 hPa thickness: 5708.00
Precipitable water [mm] for entire sounding: 42.00

Description of the data columns
<http://weather.uwyo.edu/upperair/columns.html> or sounding indices
<http://weather.uwyo.edu/upperair/indices.html>.

------------------------------------------------------------------------
/Interested in graduate studies in atmospheric science? Check out our
program at the University of Wyoming
<http://www.uwyo.edu/atsc/howtoapply/>/
------------------------------------------------------------------------
Questions about the weather data provided by this site can be addressed
to Larry Oolman (ldoolman@uwyo.edu) <mailto:ldoolman@uwyo.edu>
------------------------------------------------------------------------
