
    78866 TNCM Juliana Airport Observations at 12Z 07 Jul 2010

-----------------------------------------------------------------------------
   PRES   HGHT   TEMP   DWPT   RELH   MIXR   DRCT   SKNT   THTA   THTE   THTV
    hPa     m      C      C      %    g/kg    deg   knot     K      K      K 
-----------------------------------------------------------------------------
 1015.0      4   28.2   23.9     78  18.80    140      8  300.1  355.4  303.4
 1000.0    138   27.2   24.9     87  20.31    125     12  300.4  360.2  304.0
  996.0    174   27.0   25.2     90  20.78    122     13  300.5  361.8  304.2
  981.3    305   25.8   24.4     92  20.12    110     18  300.5  359.9  304.1
  949.0    602   23.0   22.7     98  18.70     95     25  300.6  355.7  304.0
  948.0    611   23.0   22.7     98  18.72     95     25  300.7  355.9  304.1
  925.0    826   21.8   19.9     89  16.09    110     23  301.6  349.2  304.5
  915.7    914   21.2   19.1     88  15.46    115     23  301.9  347.7  304.7
  890.0   1162   19.6   16.9     84  13.80    111     21  302.7  343.7  305.2
  884.2   1219   19.4   16.2     82  13.26    110     20  303.0  342.5  305.4
  865.0   1409   18.6   13.8     74  11.59    110     21  304.1  338.9  306.2
  850.0   1560   18.8    9.8     56   9.02    110     21  305.8  333.3  307.5
  846.0   1600   18.8    6.8     46   7.38    109     21  306.2  328.9  307.6
  823.7   1829   17.8    5.8     45   7.08    105     21  307.6  329.4  308.9
  810.0   1972   17.2    5.2     45   6.89    110     20  308.4  329.8  309.6
  794.6   2134   16.1    3.8     44   6.36    115     19  308.9  328.8  310.1
  766.5   2438   14.1    1.1     41   5.44    125     17  309.9  327.1  311.0
  739.2   2743   12.1   -1.6     39   4.64    140     15  310.9  325.8  311.8
  725.0   2907   11.0   -3.0     37   4.25    136     15  311.5  325.1  312.3
  700.0   3198    8.6   -3.4     43   4.27    130     15  312.0  325.7  312.8
  661.6   3658    5.5   -5.2     46   3.96    125     14  313.6  326.4  314.3
  616.0   4240    1.6   -7.4     51   3.58    115      9  315.5  327.3  316.2
  614.0   4267    1.5   -8.1     49   3.39    115      9  315.7  326.9  316.3
  602.0   4425    0.6  -12.4     37   2.46    114     10  316.5  324.8  316.9
  570.0   4862   -0.1  -24.1     14   0.96    110     11  320.6  324.1  320.8
  568.9   4877   -0.2  -24.0     15   0.97    110     11  320.7  324.2  320.9
  536.0   5351   -2.5  -20.5     24   1.40    176      5  323.4  328.4  323.7
  530.0   5441   -2.7   -7.7     68   4.06    189      4  324.2  338.0  325.0
  527.0   5486   -2.9   -8.5     65   3.85    195      3  324.6  337.6  325.3
  520.0   5591   -3.3  -10.3     58   3.38    185      4  325.3  336.9  325.9
  500.0   5900   -5.9  -10.9     68   3.35    155      7  325.8  337.3  326.4
  487.6   6096   -7.3  -12.3     67   3.07    150      8  326.4  337.0  327.0
  472.0   6349   -9.1  -14.1     67   2.74    146      8  327.2  336.8  327.8
  461.0   6531   -9.9  -22.9     34   1.32    143      8  328.4  333.3  328.7
  457.0   6599  -10.5  -16.5     61   2.32    142      8  328.5  336.7  329.0
  450.7   6706  -11.6  -15.6     72   2.53    140      8  328.5  337.4  329.0
  450.0   6717  -11.7  -15.5     73   2.56    140      8  328.4  337.4  329.0
  426.0   7135  -14.3  -19.0     68   2.01    151      7  330.3  337.5  330.7
  416.0   7315  -15.9  -17.6     87   2.32    155      6  330.5  338.8  331.0
  400.0   7610  -17.5  -20.7     76   1.85    115      6  332.2  338.9  332.5
  399.5   7620  -17.6  -20.9     75   1.82    110      6  332.2  338.8  332.6
  391.0   7780  -18.3  -24.3     59   1.38     87      5  333.3  338.4  333.6
  361.0   8370  -22.7  -26.2     73   1.26      3      4  335.1  339.8  335.3
  349.0   8617  -24.3  -30.3     58   0.89    327      3  336.2  339.6  336.4
  342.0   8764  -25.3  -29.2     70   1.00    306      2  336.8  340.6  337.0
  338.5   8839  -26.0  -33.5     49   0.67    295      2  336.8  339.4  336.9
  338.0   8849  -26.1  -34.1     47   0.63    295      2  336.8  339.3  336.9
  333.0   8956  -26.7  -30.6     70   0.90    299      2  337.4  340.9  337.6
  324.4   9144  -28.0  -34.6     53   0.63    305      3  338.2  340.7  338.3
  317.0   9309  -29.1  -38.1     42   0.45    313      4  338.9  340.7  339.0
  310.8   9449  -30.2  -38.9     43   0.43    320      4  339.2  340.9  339.3
  300.0   9700  -32.3  -40.3     45   0.38    290      4  339.7  341.3  339.8
  285.0  10058  -35.4  -42.1     50   0.33    270      5  340.3  341.7  340.4
  277.0  10257  -37.1  -43.1     54   0.31    312      6  340.6  341.9  340.7
  260.9  10668  -39.7  -49.9     33   0.15     40      7  342.7  343.3  342.7
  254.0  10852  -40.9  -52.9     26   0.11     31      7  343.6  344.1  343.6
  250.0  10960  -41.9  -52.9     29   0.11     25      7  343.6  344.1  343.7
  238.2  11278  -44.5  -55.0     30   0.09     15     11  344.6  345.0  344.6
  207.4  12192  -51.8  -61.1     32   0.05     30     12  347.0  347.2  347.0
  200.0  12430  -53.7  -62.7     32   0.04     20     12  347.6  347.8  347.6
  189.5  12802  -56.5  -65.3     32   0.03     10      9  348.4  348.6  348.4
  173.6  13411  -61.1  -69.5     32   0.02     25      3  349.7  349.8  349.7
  159.0  14019  -65.7  -73.7     32   0.01    269     13  350.8  350.9  350.8
  155.0  14190  -66.5  -74.5     32   0.01    235     16  352.0  352.1  352.0
  150.0  14410  -66.5  -74.5     32   0.01    230     21  355.3  355.4  355.3
  145.4  14630  -66.4  -74.4     32   0.01    225     22  358.7  358.8  358.7
  133.3  15240  -66.0  -74.0     32   0.01    200     10  368.3  368.4  368.3
  127.7  15545  -65.9  -73.9     32   0.01    185      1  373.2  373.3  373.2
  100.0  17270  -64.9  -72.9     32   0.02    135     26  402.1  402.2  402.1
   81.5  18288  -64.4  -72.4     33   0.03    100     35  427.1  427.3  427.1
   76.7  18593  -64.3  -72.3     33   0.03     90     42  434.9  435.1  434.9
   70.0  19050  -64.1  -72.1     33   0.03     90     45  446.9  447.1  446.9
   50.0  20880  -61.3  -70.3     29   0.06     95     42  498.6  499.0  498.6
   46.4  21336  -60.9  -70.3     28   0.06     90     43  510.2  510.7  510.2
   30.0  24030  -58.5  -70.5     20   0.09     90     63  584.6  585.4  584.6
   28.9  24266  -57.5  -69.5     20   0.11     90     64  593.6  594.5  593.6
   28.4  24384  -57.2  -69.6     19   0.11     90     64  597.5  598.5  597.6
   21.1  26281  -52.5  -70.5     10   0.13     94     73  664.5  665.7  664.5
   20.0  26630  -49.1  -71.1      6   0.13     95     75  685.1  686.4  685.2
   18.6  27109  -45.9  -79.9      1   0.04                709.5  709.9  709.5


      Station information and sounding indices

                         Station identifier: TNCM
                             Station number: 78866
                           Observation time: 100707/1200
                           Station latitude: 18.03
                          Station longitude: -63.11
                          Station elevation: 4.0
                            Showalter index: 3.90
                               Lifted index: -5.86
    LIFT computed using virtual temperature: -6.58
                                SWEAT index: 166.59
                                    K index: 22.50
                         Cross totals index: 15.70
                      Vertical totals index: 24.70
                        Totals totals index: 40.40
      Convective Available Potential Energy: 3202.89
             CAPE using virtual temperature: 3523.60
                      Convective Inhibition: -0.02
             CINS using virtual temperature: 0.00
                           Equilibrum Level: 145.21
 Equilibrum Level using virtual temperature: 145.21
                   Level of Free Convection: 958.06
             LFCT using virtual temperature: 960.35
                     Bulk Richardson Number: 13885.26
          Bulk Richardson Number using CAPV: 15275.61
  Temp [K] of the Lifted Condensation Level: 297.04
Pres [hPa] of the Lifted Condensation Level: 961.03
   Equivalent potential temp [K] of the LCL: 359.04
     Mean mixed layer potential temperature: 300.44
              Mean mixed layer mixing ratio: 19.90
              1000 hPa to 500 hPa thickness: 5762.00
Precipitable water [mm] for entire sounding: 46.21


    78866 TNCM Juliana Airport Observations at 12Z 08 Jul 2010

-----------------------------------------------------------------------------
   PRES   HGHT   TEMP   DWPT   RELH   MIXR   DRCT   SKNT   THTA   THTE   THTV
    hPa     m      C      C      %    g/kg    deg   knot     K      K      K 
-----------------------------------------------------------------------------
 1016.0      4   28.2   23.5     76  18.32    100      9  300.0  353.9  303.3
 1000.0    145   26.8   23.0     80  18.05     95     13  299.9  353.0  303.2
  996.0    181   26.6   23.0     81  18.13     94     14  300.1  353.4  303.3
  982.1    305   25.6   22.7     84  18.08     90     18  300.3  353.5  303.5
  961.0    497   24.0   22.3     90  18.00     84     22  300.6  353.6  303.8
  948.7    610   23.1   21.3     90  17.14     80     24  300.7  351.2  303.8
  940.0    690   22.4   20.6     90  16.54     80     23  300.8  349.6  303.8
  939.0    700   22.4   20.7     90  16.67     80     23  300.9  350.1  303.9
  925.0    831   22.4   16.4     69  12.84     80     22  302.2  340.4  304.5
  916.2    914   21.8   16.2     71  12.82     80     22  302.4  340.5  304.7
  884.4   1219   19.4   15.5     78  12.71     75     18  303.1  341.0  305.4
  860.0   1461   17.6   15.0     85  12.62     79     18  303.6  341.3  305.9
  859.0   1471   17.6   15.1     85  12.72     79     18  303.6  341.7  306.0
  850.0   1561   17.2   13.3     78  11.42     80     18  304.1  338.4  306.2
  839.0   1673   17.6    9.6     59   9.02     80     18  305.7  333.1  307.4
  823.8   1829   17.3    9.3     59   8.98     80     19  306.9  334.4  308.6
  821.0   1858   17.2    9.2     59   8.97     79     19  307.2  334.6  308.8
  794.6   2134   15.5    7.8     60   8.40     70     23  308.2  334.1  309.8
  766.5   2438   13.6    6.2     61   7.80     60     24  309.4  333.6  310.9
  739.4   2743   11.8    4.6     61   7.24     55     23  310.6  333.2  311.9
  723.0   2932   10.6    3.6     62   6.90     51     24  311.3  333.0  312.6
  709.0   3095   10.0   -2.0     43   4.68     47     25  312.4  327.4  313.3
  700.0   3201    9.2    0.2     53   5.58     45     25  312.6  330.4  313.7
  694.0   3272    8.6    0.6     57   5.79     45     25  312.7  331.2  313.8
  687.2   3353    8.1   -1.1     52   5.18     45     25  313.1  329.7  314.1
  677.0   3477    7.4   -3.6     46   4.35     47     25  313.6  327.7  314.4
  662.2   3658    5.9   -2.0     57   5.01     50     24  314.0  330.1  314.9
  653.0   3772    5.0   -1.0     65   5.48     52     22  314.2  331.7  315.2
  636.0   3987    4.0   -7.0     45   3.57     55     18  315.4  327.2  316.1
  624.0   4141    3.4   -3.6     60   4.72     58     15  316.4  331.8  317.3
  614.4   4267    3.4  -13.9     27   2.14     60     13  317.9  325.2  318.3
  610.0   4325    3.4  -18.6     18   1.45     60     13  318.5  323.6  318.8
  569.4   4877    0.7  -21.8     17   1.18     65     11  321.6  325.8  321.9
  531.0   5436   -2.1  -25.1     15   0.94     79     15  324.8  328.2  325.0
  527.6   5486   -2.4  -23.0     19   1.15     80     15  325.0  329.2  325.2
  520.0   5601   -3.1  -18.1     30   1.78     79     16  325.5  331.8  325.9
  517.0   5647   -3.3  -19.3     28   1.61     78     16  325.8  331.6  326.1
  509.0   5770   -4.1  -23.1     21   1.18     77     16  326.3  330.6  326.5
  500.0   5910   -5.1  -20.1     30   1.56     75     17  326.8  332.4  327.1
  488.2   6096   -6.3  -20.4     32   1.56     75     15  327.5  333.1  327.8
  475.0   6310   -7.7  -20.7     34   1.56     75     13  328.4  334.0  328.7
  469.4   6401   -8.3  -21.6     34   1.46     75     12  328.8  334.1  329.0
  433.6   7010  -12.2  -27.2     28   0.95    120      5  331.3  334.9  331.5
  433.0   7021  -12.3  -27.3     27   0.95    119      5  331.3  334.9  331.5
  416.0   7325  -14.9  -23.9     46   1.34     87      6  331.8  336.7  332.1
  400.0   7620  -16.5  -27.5     38   1.01     55      6  333.5  337.2  333.7
  389.0   7829  -17.7  -28.7     38   0.93     41      7  334.6  338.1  334.7
  338.6   8839  -25.2  -38.3     28   0.42    330     10  337.9  339.6  338.0
  324.7   9144  -27.4  -41.2     26   0.32     30      5  338.9  340.2  338.9
  311.4   9449  -29.7  -44.1     23   0.25     75      8  339.8  340.8  339.8
  300.0   9720  -31.7  -46.7     21   0.19     75      8  340.6  341.4  340.6
  293.0   9886  -33.1  -48.1     21   0.17     70      7  340.9  341.6  340.9
  273.4  10363  -37.0  -50.7     23   0.13     55      3  342.0  342.6  342.1
  250.0  10980  -42.1  -54.1     26   0.10     95      6  343.3  343.8  343.4
  228.2  11582  -47.0  -58.2     27   0.06    140      6  344.9  345.2  344.9
  200.0  12450  -54.1  -64.1     28   0.03    125      8  346.9  347.1  346.9
  198.5  12497  -54.5  -64.4     28   0.03    130      8  347.1  347.3  347.1
  180.0  13106  -58.9  -68.2     29   0.02     75     10  349.6  349.8  349.6
  150.0  14240  -67.3  -75.3     31   0.01    110      3  354.0  354.0  354.0
  147.9  14326  -67.9  -75.9     31   0.01    115      3  354.4  354.4  354.4
  143.0  14526  -69.3  -77.3     30   0.01    151      6  355.3  355.4  355.3
  126.7  15240  -71.7  -79.2     32   0.01    280     18  363.6  363.6  363.6
  112.0  15967  -74.1  -81.1     33   0.00    330      9  372.1  372.1  372.1
  108.5  16154  -73.3  -80.9     31   0.01    355      9  377.0  377.1  377.0
  106.0  16288  -72.7  -80.7     29   0.01     22     12  380.6  380.6  380.6
  100.0  16630  -72.9  -80.9     29   0.01     90     20  386.6  386.7  386.6
   92.9  17069  -72.0  -80.0     29   0.01    100     23  396.7  396.7  396.7
   83.8  17678  -70.7  -78.7     30   0.01     70     32  411.0  411.1  411.0
   75.7  18288  -69.5  -77.5     30   0.01     80     46  425.9  426.0  425.9
   70.0  18750  -68.5  -76.5     31   0.02     90     47  437.5  437.6  437.5
   50.0  20800  -62.7  -71.7     29   0.05     95     59  495.3  495.6  495.3
   48.2  21031  -61.6  -71.0     28   0.06    100     63  503.1  503.5  503.2
   47.5  21118  -61.2  -70.7     27   0.06    100     63  506.1  506.5  506.1
   45.9  21336  -60.2  -70.0     27   0.07    100     65  513.7  514.1  513.7
   44.7  21494  -59.5  -69.5     26   0.07    100     65  519.2  519.7  519.2
   31.1  23774  -56.6  -67.5     24   0.14    100     59  583.8  584.9  583.8
   30.0  24000  -56.3  -67.3     24   0.15    100     60  590.6  591.8  590.6
   28.2  24384  -55.9  -66.9     24   0.17    100     62  601.9  603.3  602.0
   22.8  25748  -54.5  -65.5     24   0.25     97     79  644.0  646.2  644.1
   21.7  26068  -50.3  -62.3     23   0.40     96     83  665.8  669.3  665.9
   20.0  26600  -50.1  -62.1     23   0.45     95     90  682.1  686.1  682.2
   19.8  26666  -49.5  -62.5     20   0.43                685.9  689.8  686.0


      Station information and sounding indices

                         Station identifier: TNCM
                             Station number: 78866
                           Observation time: 100708/1200
                           Station latitude: 18.03
                          Station longitude: -63.11
                          Station elevation: 4.0
                            Showalter index: 2.45
                               Lifted index: -3.23
    LIFT computed using virtual temperature: -4.08
                                SWEAT index: 212.61
                                    K index: 26.60
                         Cross totals index: 18.40
                      Vertical totals index: 22.30
                        Totals totals index: 40.70
      Convective Available Potential Energy: 1696.10
             CAPE using virtual temperature: 1955.61
                      Convective Inhibition: -10.70
             CINS using virtual temperature: -3.02
                           Equilibrum Level: 154.87
 Equilibrum Level using virtual temperature: 154.51
                   Level of Free Convection: 895.42
             LFCT using virtual temperature: 919.93
                     Bulk Richardson Number: 255.59
          Bulk Richardson Number using CAPV: 294.70
  Temp [K] of the Lifted Condensation Level: 295.23
Pres [hPa] of the Lifted Condensation Level: 943.32
   Equivalent potential temp [K] of the LCL: 353.41
     Mean mixed layer potential temperature: 300.20
              Mean mixed layer mixing ratio: 18.10
              1000 hPa to 500 hPa thickness: 5765.00
Precipitable water [mm] for entire sounding: 45.41


    78866 TNCM Juliana Airport Observations at 12Z 09 Jul 2010

-----------------------------------------------------------------------------
   PRES   HGHT   TEMP   DWPT   RELH   MIXR   DRCT   SKNT   THTA   THTE   THTV
    hPa     m      C      C      %    g/kg    deg   knot     K      K      K 
-----------------------------------------------------------------------------
 1016.0      4   28.2   22.2     70  16.90     90     11  300.0  349.7  303.0
 1000.0    145   26.6   23.8     85  18.98     95     16  299.8  355.5  303.1
  997.0    172   26.6   23.8     85  19.03     96     17  300.0  356.0  303.4
  982.0    305   24.6   22.9     90  18.23    100     21  299.2  352.7  302.5
  978.0    341   24.0   22.6     92  18.02    101     21  299.0  351.8  302.3
  975.0    368   24.2   23.8     98  19.48    101     22  299.5  356.7  303.0
  948.3    610   22.3   21.3     94  17.16    105     25  300.0  350.4  303.0
  925.0    827   20.6   19.1     91  15.29     90     29  300.4  345.4  303.1
  915.7    914   20.0   18.4     90  14.74     90     29  300.6  344.0  303.3
  884.0   1219   17.9   15.8     88  12.93     95     18  301.4  339.7  303.8
  866.0   1396   16.6   14.3     86  11.97     95     15  301.9  337.5  304.1
  857.0   1486   16.2   15.6     96  13.18     95     14  302.4  341.6  304.8
  853.2   1524   15.8   13.9     89  11.85     95     13  302.3  337.6  304.5
  850.0   1556   15.4   12.5     83  10.82     95     13  302.3  334.6  304.2
  842.0   1636   15.0   12.0     82  10.57     96     13  302.7  334.2  304.6
  823.1   1829   14.1   12.9     93  11.52    100     14  303.6  338.1  305.7
  818.0   1881   13.8   13.2     96  11.79    103     14  303.9  339.2  306.1
  797.0   2101   12.2    9.0     81   9.12    118     14  304.5  332.0  306.1
  793.8   2134   12.2    8.4     78   8.77    120     14  304.8  331.4  306.4
  765.5   2438   11.9    2.6     53   6.06    145     17  307.6  326.5  308.7
  742.0   2700   11.6   -2.4     38   4.34    154     19  310.1  324.0  310.9
  738.2   2743   11.3   -3.8     35   3.92    155     19  310.2  322.8  310.9
  735.0   2779   11.0   -5.0     32   3.60    156     19  310.3  321.9  311.0
  713.0   3032    9.4   -2.6     43   4.45    164     16  311.2  325.5  312.1
  711.6   3048    9.3   -3.1     41   4.29    165     16  311.3  325.1  312.1
  700.0   3184    8.6   -7.4     31   3.15    165     16  312.0  322.3  312.6
  687.0   3339    8.0  -13.0     21   2.06    150     17  313.0  319.9  313.4
  671.0   3532    6.8  -11.2     26   2.43    132     19  313.8  321.9  314.2
  669.0   3557    6.4   -1.6     57   5.11    130     19  313.6  330.0  314.5
  667.0   3581    6.0   -1.0     61   5.36    127     19  313.4  330.6  314.4
  665.0   3606    6.0   -7.0     39   3.42    125     20  313.7  324.9  314.3
  663.0   3631    5.8    1.0     71   6.24    123     20  313.7  333.6  314.9
  660.8   3658    5.6   -2.1     58   4.98    120     20  313.8  329.8  314.7
  659.0   3680    5.4   -4.6     49   4.15    119     20  313.8  327.2  314.6
  656.0   3717    5.0    3.9     93   7.78    117     21  313.8  338.3  315.2
  651.0   3780    6.0   -4.0     49   4.39    114     22  315.6  329.9  316.4
  647.0   3830    6.0   -8.0     36   3.25    112     22  316.1  326.9  316.8
  636.7   3962    5.8   -8.8     34   3.11    105     24  317.3  327.7  317.9
  628.0   4074    5.6   -9.4     33   3.00    100     21  318.4  328.5  319.0
  613.3   4267    4.2  -16.6     20   1.70     90     15  319.0  324.9  319.3
  613.0   4271    4.2  -16.8     20   1.68     90     15  319.0  324.8  319.3
  587.0   4622    2.2   -7.8     48   3.64    102     16  320.6  332.8  321.3
  576.0   4774    0.8  -10.2     44   3.07    107     17  320.7  331.1  321.3
  570.0   4858    1.0  -13.0     34   2.48    109     17  321.9  330.4  322.4
  568.7   4877    0.9  -12.2     37   2.65    110     17  322.0  331.1  322.5
  564.0   4943    0.6   -9.4     47   3.34    114     16  322.4  333.8  323.1
  561.0   4986    0.2   -3.6     76   5.26    116     16  322.4  339.9  323.5
  553.0   5101   -0.5   -3.5     80   5.37    123     14  322.9  340.8  324.0
  550.0   5144   -0.5   -9.5     51   3.40    125     13  323.4  335.0  324.1
  547.0   5188   -0.5   -6.5     64   4.32    128     13  323.9  338.5  324.8
  539.0   5306   -1.3   -7.3     64   4.12    135     11  324.4  338.3  325.2
  532.0   5410   -1.7  -13.7     39   2.51    141     10  325.1  333.8  325.6
  526.9   5486   -2.2  -13.8     41   2.51    145      9  325.3  334.1  325.8
  521.0   5576   -2.9  -13.9     42   2.52    136      9  325.6  334.4  326.1
  519.0   5606   -2.7  -28.7     12   0.69    133      8  326.2  328.8  326.3
  514.0   5683   -3.3  -50.3      1   0.07    126      8  326.4  326.7  326.4
  500.0   5900   -4.9  -44.2      3   0.15    105      7  327.0  327.6  327.0
  487.6   6096   -6.0  -38.7      6   0.28     70      7  328.1  329.1  328.1
  477.0   6268   -6.9  -33.9     10   0.46     78      7  329.0  330.7  329.1
  450.6   6706  -11.0  -28.2     23   0.84    100      7  329.2  332.4  329.4
  445.0   6803  -11.9  -26.9     28   0.96     70      5  329.2  332.8  329.4
  433.0   7010  -13.0  -36.1     12   0.40      5      2  330.5  332.1  330.6
  415.9   7315  -14.5  -49.8      3   0.10    120      2  332.3  332.7  332.3
  408.0   7461  -15.3  -56.3      2   0.05    110      3  333.1  333.3  333.1
  400.0   7610  -16.5  -55.5      2   0.05    100      5  333.5  333.7  333.5
  399.5   7620  -16.6  -55.2      2   0.05    100      5  333.5  333.7  333.5
  381.0   7974  -19.7  -45.7      8   0.17     79      9  333.9  334.6  333.9
  352.7   8534  -23.4  -52.0      5   0.09     45     15  336.3  336.7  336.3
  324.3   9144  -27.5  -58.9      3   0.04     25     11  338.9  339.0  338.9
  311.0   9449  -29.6  -62.4      3   0.03     20     10  340.1  340.2  340.1
  300.0   9710  -31.3  -65.3      2   0.02     30     12  341.1  341.2  341.1
  284.0  10097  -33.7  -61.7      4   0.03     42     14  343.1  343.2  343.1
  273.3  10363  -36.0  -61.9      5   0.03     50     16  343.6  343.7  343.6
  250.0  10980  -41.3  -62.3      8   0.04     45     18  344.5  344.7  344.5
  208.0  12192  -51.7  -68.6     11   0.02     35     21  346.9  346.9  346.9
  200.0  12450  -53.9  -69.9     12   0.02     25     17  347.2  347.3  347.3
  163.2  13716  -64.5  -77.0     17   0.01    350     13  350.2  350.3  350.2
  155.4  14021  -67.1  -78.7     18   0.01    350     15  350.8  350.9  350.8
  150.0  14240  -68.9  -79.9     19   0.00    350     16  351.2  351.2  351.2
  146.0  14400  -70.1  -81.1     19   0.00    344     18  351.9  351.9  351.9
  140.4  14630  -70.8  -81.5     19   0.00    335     20  354.6  354.7  354.6
  128.0  15175  -72.3  -82.3     21   0.00      5     16  361.4  361.4  361.4
  126.6  15240  -71.6  -81.9     20   0.00     10     16  363.8  363.8  363.8
  120.0  15557  -68.1  -80.1     17   0.01     26     18  375.8  375.8  375.8
  102.0  16523  -70.1  -81.1     19   0.01     74     22  389.8  389.9  389.8
  100.0  16640  -70.7  -81.7     18   0.01     80     23  390.9  390.9  390.9
   75.8  18288  -68.1  -79.9     17   0.01     95     37  428.6  428.6  428.6
   72.0  18593  -67.6  -79.6     17   0.01     95     36  435.9  436.0  435.9
   71.3  18650  -67.5  -79.5     17   0.01     95     36  437.3  437.4  437.3
   70.0  18760  -67.9  -79.9     17   0.01     95     36  438.8  438.9  438.8
   51.8  20592  -64.9  -76.9     18   0.02     86     52  485.2  485.4  485.2
   50.0  20810  -63.1  -76.1     16   0.02     85     54  494.4  494.5  494.4
   46.0  21336  -61.1  -74.7     15   0.03     85     55  511.3  511.5  511.3
   37.5  22600  -56.3  -71.3     14   0.07     90     66  554.1  554.6  554.1
   30.0  24010  -56.3  -72.3     12   0.07     95     79  590.6  591.2  590.6
   29.9  24031  -56.3  -72.3     12   0.07     95     79  591.1  591.7  591.1
   29.7  24079  -56.3  -72.3     12   0.07     95     79  592.4  593.0  592.4
   28.3  24384  -56.3  -72.3     12   0.08     95     80  600.6  601.2  600.6
   27.8  24493  -56.3  -72.3     12   0.08     95     79  603.6  604.2  603.6
   21.4  26192  -46.5  -67.5      7   0.20     95     69  679.8  681.7  679.9
   20.4  26518  -46.9  -68.7      7   0.18     95     67  688.1  689.8  688.2
   20.0  26640  -47.1  -69.1      6   0.17     95     67  691.2  692.9  691.3
   17.7  27432  -47.3  -70.7      5   0.16     95     74  714.7  716.3  714.8
   15.5  28325  -47.5  -72.5      4   0.14     95     79  742.1  743.6  742.2
   13.5  29261  -42.3  -70.2      3   0.22     95     85  790.2  792.6  790.3
   13.4  29298  -42.1  -70.1      3   0.22                792.2  794.7  792.3


      Station information and sounding indices

                         Station identifier: TNCM
                             Station number: 78866
                           Observation time: 100709/1200
                           Station latitude: 18.03
                          Station longitude: -63.11
                          Station elevation: 4.0
                            Showalter index: 4.33
                               Lifted index: -3.16
    LIFT computed using virtual temperature: -4.25
                                SWEAT index: 182.98
                                    K index: 16.80
                         Cross totals index: 17.40
                      Vertical totals index: 20.30
                        Totals totals index: 37.70
      Convective Available Potential Energy: 1904.17
             CAPE using virtual temperature: 2189.33
                      Convective Inhibition: -0.16
             CINS using virtual temperature: -0.02
                           Equilibrum Level: 142.29
 Equilibrum Level using virtual temperature: 142.28
                   Level of Free Convection: 949.49
             LFCT using virtual temperature: 953.51
                     Bulk Richardson Number: 568.52
          Bulk Richardson Number using CAPV: 653.66
  Temp [K] of the Lifted Condensation Level: 295.74
Pres [hPa] of the Lifted Condensation Level: 955.04
   Equivalent potential temp [K] of the LCL: 353.80
     Mean mixed layer potential temperature: 299.66
              Mean mixed layer mixing ratio: 18.47
              1000 hPa to 500 hPa thickness: 5755.00
Precipitable water [mm] for entire sounding: 44.59


    78866 TNCM Juliana Airport Observations at 12Z 11 Jul 2010

-----------------------------------------------------------------------------
   PRES   HGHT   TEMP   DWPT   RELH   MIXR   DRCT   SKNT   THTA   THTE   THTV
    hPa     m      C      C      %    g/kg    deg   knot     K      K      K 
-----------------------------------------------------------------------------
 1016.0      4   29.4   23.4     70  18.21    100     14  301.2  355.0  304.4
 1000.0    141   28.4   22.4     70  17.39     95     15  301.6  353.0  304.7
  996.0    177   28.2   22.2     70  17.24     95     15  301.7  352.8  304.8
  981.7    305   27.2   21.6     71  16.83     95     16  301.9  351.8  305.0
  948.5    610   24.8   20.1     75  15.87     85     18  302.4  349.6  305.3
  925.0    833   23.0   19.0     78  15.19     80     20  302.8  348.0  305.6
  916.5    914   22.3   18.5     79  14.85     80     21  302.9  347.1  305.6
  903.0   1043   21.2   17.7     80  14.32     78     21  303.1  345.7  305.7
  884.9   1219   20.0   15.7     76  12.81     75     22  303.6  341.9  305.9
  879.0   1277   19.6   15.0     75  12.35     74     29  303.7  340.7  306.0
  865.0   1417   20.6   12.6     60  10.71     72     47  306.2  338.7  308.1
  854.3   1524   19.9   11.2     57   9.86     70     60  306.5  336.5  308.3
  850.0   1568   19.6   10.6     56   9.53     70     48  306.7  335.7  308.4
  824.6   1829   19.1    8.6     50   8.58     80     31  308.9  335.3  310.4
  817.0   1909   19.0    8.0     49   8.30     83     30  309.5  335.2  311.1
  806.0   2025   19.2    8.2     49   8.53     86     29  310.9  337.5  312.5
  795.8   2134   18.5    7.2     48   8.10     90     28  311.3  336.6  312.9
  768.0   2439   16.6    4.6     45   6.97     85     27  312.4  334.4  313.8
  749.0   2651   15.0    4.0     48   6.85     88     20  312.9  334.6  314.2
  740.8   2743   14.3    3.3     48   6.60     90     17  313.2  334.1  314.4
  714.2   3048   12.0    1.1     47   5.82    100     27  313.9  332.5  315.0
  673.0   3545    8.2   -2.6     46   4.71    100     23  315.1  330.3  315.9
  671.0   3569    8.2   -2.8     46   4.66    100     23  315.3  330.5  316.2
  663.7   3658    7.5   -3.4     46   4.49    100     22  315.5  330.1  316.3
  615.9   4267    2.4   -7.8     47   3.45     95     18  316.4  327.9  317.1
  602.0   4453    0.8   -9.2     47   3.18     92     17  316.7  327.3  317.3
  571.0   4875   -2.5   -8.5     63   3.54     85     16  317.6  329.4  318.3
  570.9   4877   -2.5   -8.5     63   3.54     85     16  317.7  329.4  318.3
  557.0   5072   -3.3   -8.2     69   3.72     88     15  319.0  331.3  319.7
  549.3   5182   -3.8   -9.0     67   3.54     90     14  319.7  331.5  320.3
  532.0   5434   -4.9  -10.9     63   3.15     76     13  321.3  331.9  321.9
  518.0   5643   -5.3  -19.3     32   1.61     65     13  323.2  328.9  323.6
  500.0   5920   -7.1  -19.1     38   1.70     50     12  324.3  330.3  324.6
  493.0   6029   -7.9  -19.9     38   1.61     50     12  324.6  330.4  325.0
  492.0   6045   -7.9  -19.9     38   1.61     50     12  324.8  330.6  325.1
  488.8   6096   -8.2  -20.3     37   1.56     50     12  325.0  330.6  325.3
  463.0   6512  -11.1  -24.0     34   1.20     34     11  326.5  330.9  326.8
  462.0   6529  -11.1  -24.1     33   1.19     34     11  326.7  331.1  327.0
  451.0   6713  -11.9  -20.9     47   1.61     26     11  328.0  333.8  328.3
  433.7   7010  -13.1  -26.3     32   1.04     15     10  330.1  334.0  330.3
  426.0   7146  -13.7  -28.7     27   0.84     22     10  331.1  334.3  331.2
  416.6   7315  -14.4  -27.6     32   0.96     30      9  332.2  335.9  332.4
  411.0   7416  -14.9  -26.9     35   1.03     18     10  332.9  336.8  333.1
  404.0   7545  -16.1  -27.1     38   1.03      4     11  333.0  336.9  333.2
  400.0   7620  -16.5  -20.2     73   1.93    355     11  333.5  340.5  333.9
  399.0   7639  -16.7  -19.4     80   2.08    355     11  333.4  340.9  333.9
  368.6   8230  -20.7  -33.8     30   0.60    355     12  335.8  338.1  335.9
  367.0   8262  -20.9  -34.6     28   0.56    350     12  335.9  338.1  336.0
  366.0   8282  -21.1  -35.1     27   0.53    347     12  335.9  338.0  336.0
  353.7   8534  -22.8  -36.1     28   0.50    310     14  336.9  338.9  337.1
  347.0   8674  -23.7  -36.7     29   0.48    312     13  337.5  339.4  337.6
  325.0   9144  -27.6  -39.2     32   0.39    320     10  338.6  340.2  338.6
  300.0   9720  -32.3  -42.3     36   0.31    285      9  339.7  341.0  339.8
  298.5   9754  -32.6  -42.6     36   0.30    285      9  339.8  341.1  339.9
  250.0  10980  -42.3  -52.3     33   0.12    335     14  343.0  343.6  343.1
  238.9  11278  -44.8  -54.4     33   0.10    340     14  343.7  344.2  343.7
  208.0  12192  -52.5  -60.9     36   0.05    295     17  345.5  345.8  345.6
  200.0  12450  -54.7  -62.7     36   0.04    295     18  346.0  346.2  346.0
  195.0  12611  -56.1  -64.1     36   0.04    296     18  346.3  346.4  346.3
  192.0  12709  -56.7  -61.7     53   0.05    296     18  346.8  347.1  346.9
  191.0  12742  -57.1  -65.1     36   0.03    297     18  346.7  346.9  346.7
  172.0  13394  -61.7  -69.7     34   0.02    300     17  349.6  349.7  349.6
  171.5  13411  -61.8  -69.8     34   0.02    300     17  349.8  349.9  349.8
  163.2  13716  -63.2  -70.8     35   0.02    280     17  352.5  352.6  352.5
  150.0  14230  -65.5  -72.5     37   0.01    280     16  357.1  357.1  357.1
  149.0  14271  -65.5  -72.5     37   0.01    279     16  357.7  357.8  357.7
  148.0  14312  -65.1  -70.1     50   0.02    279     16  359.1  359.2  359.1
  143.0  14522  -66.1  -73.1     37   0.01    276     14  360.9  361.0  360.9
  133.5  14935  -67.6  -74.6     36   0.01    270     12  365.5  365.5  365.5
  126.8  15240  -68.7  -75.7     36   0.01    355      2  368.9  368.9  368.9
  120.5  15545  -69.8  -76.8     35   0.01     70     11  372.3  372.3  372.3
  108.9  16154  -71.9  -78.9     34   0.01     50     10  379.2  379.2  379.2
  105.0  16372  -72.7  -79.7     34   0.01     55     12  381.6  381.7  381.6
  104.0  16429  -72.9  -79.9     34   0.01     58     14  382.3  382.4  382.3
  100.0  16660  -72.5  -79.5     34   0.01     70     20  387.4  387.4  387.4
   76.0  18288  -71.0  -78.0     35   0.01     95     44  422.1  422.2  422.1
   70.0  18780  -70.5  -77.5     35   0.01     90     50  433.2  433.3  433.2
   68.4  18917  -71.3  -78.3     35   0.01     90     51  434.4  434.5  434.4
   64.9  19231  -66.9  -73.9     37   0.03     89     52  450.6  450.7  450.6
   50.0  20820  -63.7  -71.7     33   0.05     85     58  492.9  493.3  493.0
   46.0  21336  -62.6  -70.7     33   0.06     85     63  507.4  507.8  507.4
   39.4  22290  -60.7  -68.7     34   0.09     87     74  535.2  535.9  535.3
   34.7  23084  -57.9  -65.9     35   0.16     89     84  562.3  563.5  562.4
   34.1  23194  -57.5  -63.5     46   0.22     89     85  566.2  567.9  566.3
   34.0  23212  -57.3  -65.3     35   0.17     89     85  567.2  568.5  567.2
   32.6  23470  -55.9  -64.3     34   0.21     90     88  577.4  579.0  577.5
   32.2  23559  -55.5  -63.9     34   0.22     90     88  581.0  582.7  581.0
   30.0  24010  -53.1  -62.1     33   0.30     90     86  599.3  601.7  599.4
   28.3  24384  -51.1  -60.1     33   0.41     90     83  614.8  618.1  614.9
   27.2  24645  -49.7  -58.7     34   0.51     91     82  625.8  630.0  626.0
   20.0  26670  -46.3  -57.3     28   0.83     95     75  693.7  701.1  694.0
   18.6  27152  -46.5  -58.5     24   0.77     95     69  707.6  714.7  707.9
   17.8  27432  -45.0  -57.5     23   0.91     95     66  720.7  729.2  721.1
   15.6  28346  -40.3  -54.3     21   1.53     95     53  764.6  779.6  765.3
   15.6  28336  -40.3  -54.3     21   1.53     95     53  764.4  779.5  765.1
   13.2  29466  -44.1  -58.1     20   1.14     90     57  788.7  800.4  789.2
   11.3  30480  -43.0  -57.7     18   1.39     85     60  827.5  842.6  828.2
   10.8  30785  -42.6  -57.5     18   1.48     85     60  839.5  855.8  840.3
   10.7  30880  -42.5  -57.5     18   1.51                843.3  860.0  844.1


      Station information and sounding indices

                         Station identifier: TNCM
                             Station number: 78866
                           Observation time: 100711/1200
                           Station latitude: 18.03
                          Station longitude: -63.11
                          Station elevation: 4.0
                            Showalter index: 1.61
                               Lifted index: -4.84
    LIFT computed using virtual temperature: -5.64
                                SWEAT index: 235.20
                                    K index: 26.42
                         Cross totals index: 17.70
                      Vertical totals index: 26.70
                        Totals totals index: 44.40
      Convective Available Potential Energy: 1686.94
             CAPE using virtual temperature: 1859.98
                      Convective Inhibition: -123.51
             CINS using virtual temperature: -11.39
                           Equilibrum Level: 164.64
 Equilibrum Level using virtual temperature: 164.59
                   Level of Free Convection: 710.19
             LFCT using virtual temperature: 891.08
                     Bulk Richardson Number: 265.58
          Bulk Richardson Number using CAPV: 292.82
  Temp [K] of the Lifted Condensation Level: 293.69
Pres [hPa] of the Lifted Condensation Level: 909.42
   Equivalent potential temp [K] of the LCL: 352.24
     Mean mixed layer potential temperature: 301.78
              Mean mixed layer mixing ratio: 17.07
              1000 hPa to 500 hPa thickness: 5779.00
Precipitable water [mm] for entire sounding: 46.21


    78866 TNCM Juliana Airport Observations at 12Z 12 Jul 2010

-----------------------------------------------------------------------------
   PRES   HGHT   TEMP   DWPT   RELH   MIXR   DRCT   SKNT   THTA   THTE   THTV
    hPa     m      C      C      %    g/kg    deg   knot     K      K      K 
-----------------------------------------------------------------------------
 1015.0      4   28.6   23.6     74  18.46     90     13  300.5  354.9  303.8
 1000.0    165   27.2   22.6     76  17.61     90     14  300.4  352.2  303.5
  995.0    213   27.0   22.5     76  17.59     90     14  300.6  352.4  303.7
  985.3    305   26.3   22.0     78  17.25     90     15  300.7  351.6  303.8
  953.8    610   23.9   20.5     81  16.17     85     19  301.1  348.8  304.0
  925.0    898   21.6   19.0     85  15.19     85     22  301.4  346.3  304.1
  923.2    914   21.5   18.9     85  15.13     85     22  301.4  346.2  304.1
  915.0    987   20.8   18.5     87  14.87     84     23  301.5  345.5  304.2
  905.0   1076   20.4   18.3     88  14.85     82     24  302.0  346.1  304.7
  889.1   1219   19.7   16.9     84  13.83     80     26  302.9  344.1  305.4
  850.0   1583   18.0   13.4     74  11.49     80     33  305.0  339.6  307.1
  825.1   1829   16.8   10.8     68   9.97     75     47  306.3  336.6  308.2
  795.4   2134   15.3    7.6     60   8.32     75     40  308.0  333.6  309.5
  766.7   2438   13.8    4.5     53   6.91     70     29  309.6  331.2  310.9
  739.0   2743   12.4    1.3     47   5.71     70     38  311.3  329.4  312.4
  725.0   2902   11.6   -0.4     43   5.15     68     39  312.1  328.6  313.1
  705.0   3130   10.4   -8.6     25   2.85     66     41  313.3  322.7  313.9
  700.0   3188   10.0   -8.0     27   3.00     65     41  313.5  323.4  314.1
  686.0   3357    9.0   -9.0     27   2.83     65     42  314.2  323.6  314.8
  661.3   3658    6.4   -9.7     31   2.79     65     45  314.6  323.9  315.1
  614.0   4267    1.0  -11.0     40   2.71     60     44  315.1  324.2  315.7
  603.0   4416   -0.3  -11.3     43   2.69     64     41  315.3  324.2  315.8
  602.0   4430   -0.5  -11.5     43   2.65     64     41  315.2  324.0  315.7
  586.0   4647   -1.1  -24.1     16   0.94     69     37  316.9  320.3  317.1
  584.0   4674   -1.3  -18.3     26   1.56     70     37  317.0  322.4  317.3
  581.0   4715   -1.5  -49.5      1   0.07     71     36  317.2  317.5  317.2
  569.4   4877   -2.2  -49.1      1   0.08     75     33  318.3  318.6  318.3
  548.0   5183   -3.5  -48.5      2   0.09     75     27  320.2  320.6  320.2
  500.0   5910   -6.3  -20.3     32   1.53     75     14  325.3  330.8  325.6
  496.0   5972   -6.7  -19.7     35   1.63     75     12  325.6  331.4  325.9
  489.0   6081   -7.1  -48.1      2   0.10     75      9  326.4  326.8  326.4
  488.0   6096   -7.1  -46.0      3   0.13     75      8  326.5  327.1  326.6
  484.0   6159   -7.3  -37.3      7   0.32     76      7  327.1  328.4  327.2
  482.0   6191   -7.5  -18.5     41   1.85     77      6  327.2  333.9  327.6
  478.0   6255   -7.5  -33.5     10   0.48     78      5  328.0  329.9  328.1
  468.9   6401   -8.3  -31.3     14   0.60     80      3  328.8  331.1  328.9
  463.0   6498   -8.9  -29.9     16   0.69     67      3  329.3  331.9  329.4
  450.4   6706  -10.8  -27.7     24   0.88     40      3  329.5  332.8  329.7
  433.0   7003  -13.5  -24.5     39   1.22     20      7  329.8  334.3  330.0
  432.6   7010  -13.6  -24.6     39   1.21     20      7  329.8  334.3  330.1
  424.0   7159  -14.9  -26.9     35   1.00     23      8  330.0  333.7  330.2
  400.0   7590  -17.5  -34.5     21   0.52     30     11  332.2  334.2  332.3
  398.4   7620  -17.7  -35.1     20   0.49     30     11  332.3  334.2  332.4
  382.3   7925  -19.7  -41.5     13   0.26     35     12  333.6  334.6  333.6
  352.2   8534  -23.7  -54.4      4   0.07      5     13  336.1  336.4  336.1
  351.0   8559  -23.9  -54.9      4   0.06      5     13  336.2  336.4  336.2
  323.8   9144  -28.1  -53.0      7   0.09     10      9  338.1  338.5  338.2
  312.0   9411  -30.1  -52.1     10   0.10     25      6  339.0  339.4  339.0
  300.0   9690  -32.5  -53.5     11   0.09     40      3  339.4  339.8  339.5
  297.2   9754  -33.0  -53.8     11   0.08     40      2  339.6  340.0  339.6
  271.9  10363  -38.2  -57.0     12   0.06     75      5  340.8  341.1  340.8
  250.0  10940  -43.1  -60.1     14   0.05     40     15  341.9  342.1  341.9
  237.5  11278  -45.8  -62.1     14   0.04     35     18  342.8  343.0  342.8
  200.0  12410  -54.9  -68.9     16   0.02    340     12  345.7  345.8  345.7
  197.2  12497  -55.6  -69.3     17   0.02    340     12  345.9  345.9  345.9
  179.0  13106  -60.8  -72.2     21   0.01    350     10  347.1  347.2  347.2
  176.0  13211  -61.7  -72.7     22   0.01    340     11  347.4  347.4  347.4
  150.0  14190  -64.7  -75.7     21   0.01    240     16  358.4  358.5  358.4
  146.7  14326  -64.9  -75.9     21   0.01    230     16  360.4  360.5  360.4
  128.0  15154  -65.9  -76.9     20   0.01    262     12  372.9  372.9  372.9
  126.2  15240  -66.4  -77.3     20   0.01    265     12  373.6  373.6  373.6
  119.9  15545  -68.1  -78.8     20   0.01    100      1  375.9  376.0  375.9
  108.2  16154  -71.5  -81.6     21   0.00     45     14  380.6  380.7  380.6
  105.0  16334  -72.5  -82.5     21   0.00     49     16  382.0  382.1  382.0
  100.0  16620  -73.3  -83.3     21   0.00     55     19  385.9  385.9  385.9
   99.3  16661  -73.5  -82.5     24   0.00     55     19  386.2  386.3  386.2
   83.7  17678  -71.7  -81.2     23   0.01     80     42  409.1  409.2  409.2
   75.5  18288  -70.7  -80.5     22   0.01     80     58  423.5  423.6  423.5
   70.0  18740  -69.9  -79.9     22   0.01     80     64  434.5  434.6  434.5
   65.7  19116  -69.3  -79.3     22   0.01     84     70  443.8  443.8  443.8
   64.8  19202  -68.8  -79.0     22   0.01     85     71  446.6  446.6  446.6
   50.0  20770  -60.7  -72.7     19   0.04     95     74  500.0  500.3  500.0
   45.7  21336  -59.0  -71.5     18   0.05     95     72  517.0  517.4  517.1
   35.2  22986  -54.1  -68.1     16   0.11     95     73  569.9  570.8  570.0
   30.0  24010  -54.7  -69.7     14   0.11     95     74  594.9  595.8  595.0
   29.2  24183  -55.1  -70.1     14   0.10     93     74  598.4  599.3  598.5
   28.3  24384  -54.7  -69.9     14   0.11     90     73  605.0  605.9  605.0
   20.0  26630  -49.7  -67.7     10   0.21     80     71  683.3  685.3  683.4
   18.5  27127  -48.1  -67.7      9   0.23     80     71  703.2  705.4  703.3
   18.2  27250  -47.7  -67.7      8   0.23                708.2  710.5  708.3


      Station information and sounding indices

                         Station identifier: TNCM
                             Station number: 78866
                           Observation time: 100712/1200
                           Station latitude: 18.03
                          Station longitude: -63.11
                          Station elevation: 4.0
                            Showalter index: 0.75
                               Lifted index: -3.90
    LIFT computed using virtual temperature: -4.71
                                SWEAT index: 240.81
                                    K index: 19.70
                         Cross totals index: 19.70
                      Vertical totals index: 24.30
                        Totals totals index: 44.00
      Convective Available Potential Energy: 1767.82
             CAPE using virtual temperature: 2040.99
                      Convective Inhibition: -8.83
             CINS using virtual temperature: -3.39
                           Equilibrum Level: 165.45
 Equilibrum Level using virtual temperature: 165.27
                   Level of Free Convection: 868.75
             LFCT using virtual temperature: 920.70
                     Bulk Richardson Number: 43.02
          Bulk Richardson Number using CAPV: 49.66
  Temp [K] of the Lifted Condensation Level: 294.34
Pres [hPa] of the Lifted Condensation Level: 928.85
   Equivalent potential temp [K] of the LCL: 351.84
     Mean mixed layer potential temperature: 300.63
              Mean mixed layer mixing ratio: 17.40
              1000 hPa to 500 hPa thickness: 5745.00
Precipitable water [mm] for entire sounding: 41.70


    78866 TNCM Juliana Airport Observations at 12Z 13 Jul 2010

-----------------------------------------------------------------------------
   PRES   HGHT   TEMP   DWPT   RELH   MIXR   DRCT   SKNT   THTA   THTE   THTV
    hPa     m      C      C      %    g/kg    deg   knot     K      K      K 
-----------------------------------------------------------------------------
 1015.0      4   28.4   23.4     74  18.23    110     14  300.3  353.9  303.5
 1000.0    144   27.2   23.1     78  18.17    100     21  300.4  353.9  303.6
  995.0    188   26.8   23.0     80  18.15     96     25  300.4  353.8  303.6
  981.9    305   25.7   22.6     83  17.94     85     36  300.4  353.3  303.6
  969.0    422   24.6   22.2     87  17.74     83     36  300.4  352.7  303.6
  965.0    458   24.6   24.6    100  20.68     83     36  300.8  361.9  304.5
  960.0    503   23.8   22.0     90  17.68     82     36  300.4  352.5  303.6
  948.3    610   23.3   20.1     82  15.90     80     36  301.0  347.9  303.8
  933.0    752   22.6   17.6     73  13.76     80     33  301.7  342.4  304.2
  925.0    827   22.0   16.0     69  12.51     80     32  301.8  339.0  304.1
  915.8    914   21.5   15.2     67  12.00     80     31  302.1  337.9  304.3
  893.0   1133   20.2   13.2     64  10.79     76     29  303.0  335.3  305.0
  884.2   1219   19.3   14.5     74  11.89     75     28  302.9  338.4  305.1
  881.0   1250   19.0   15.0     78  12.32     74     27  302.9  339.7  305.2
  853.5   1524   17.4   13.0     75  11.12     70     23  304.0  337.4  306.0
  850.0   1559   17.2   12.7     75  10.97     70     23  304.1  337.1  306.2
  835.0   1711   16.2   13.1     82  11.47     70     24  304.6  339.2  306.8
  830.0   1762   15.6   12.2     80  10.87     70     24  304.5  337.3  306.5
  823.5   1829   15.2   11.4     78  10.36     70     24  304.8  336.1  306.7
  794.3   2134   13.6    7.6     67   8.30     75     31  306.2  331.6  307.8
  781.0   2277   12.8    5.8     62   7.46     82     34  306.9  329.8  308.3
  766.2   2438   12.9   -1.8     36   4.40     90     38  308.7  322.7  309.5
  760.0   2506   13.0   -5.0     28   3.48     90     38  309.5  320.7  310.1
  751.0   2607   13.4   -4.6     28   3.64     90     37  311.0  322.7  311.7
  738.9   2743   12.1   -1.1     40   4.82     90     37  311.0  326.4  311.9
  736.0   2776   11.8   -0.2     44   5.15     90     37  311.0  327.4  312.0
  725.0   2902   11.8  -12.2     17   2.08     88     37  312.4  319.3  312.8
  717.0   2994   11.2  -10.8     20   2.35     87     37  312.7  320.5  313.1
  700.0   3194    9.6   -8.4     27   2.91     85     37  313.1  322.7  313.6
  661.4   3658    5.3   -9.2     34   2.89     80     33  313.4  322.9  313.9
  645.0   3864    3.4   -9.6     38   2.88     82     33  313.5  323.0  314.0
  622.0   4157    1.2  -13.8     32   2.13     84     32  314.2  321.4  314.6
  613.5   4267    1.1  -16.6     25   1.72     85     32  315.4  321.2  315.7
  600.0   4446    1.0  -21.0     18   1.20     84     29  317.2  321.5  317.5
  568.5   4877   -0.6  -23.3     16   1.03     80     22  320.3  324.1  320.5
  558.0   5025   -1.1  -24.1     16   0.98     83     21  321.4  324.9  321.6
  506.3   5791   -5.8  -27.9     16   0.77    100     18  324.8  327.6  324.9
  501.0   5874   -6.3  -28.3     16   0.75    100     18  325.1  327.9  325.3
  500.0   5890   -6.3  -25.3     21   0.98    100     18  325.3  328.9  325.5
  498.0   5921   -6.5  -18.5     38   1.80     99     17  325.4  331.8  325.8
  486.9   6096   -7.9  -19.3     39   1.71     95     14  325.8  331.9  326.2
  479.0   6223   -8.9  -19.9     41   1.66     91     14  326.1  332.0  326.4
  473.0   6320   -9.9  -16.9     57   2.16     88     13  326.0  333.6  326.5
  472.0   6336  -10.1  -18.1     52   1.96     87     13  326.0  332.9  326.4
  466.0   6435   -9.3  -28.3     20   0.80     84     13  328.2  331.2  328.3
  449.9   6706   -9.7  -40.1      6   0.26     75     12  331.0  332.1  331.1
  449.0   6721   -9.7  -40.7      6   0.24     76     12  331.2  332.2  331.2
  434.0   6981  -10.9  -32.9     14   0.56     88      9  332.9  335.1  333.0
  415.3   7315  -13.5  -35.5     14   0.45    105      5  333.8  335.6  333.9
  400.0   7600  -15.7  -37.7     13   0.37    100      8  334.5  336.0  334.6
  398.9   7620  -15.9  -37.8     13   0.37    100      8  334.5  336.0  334.6
  337.6   8839  -25.9  -41.9     21   0.29     95      8  337.1  338.3  337.2
  323.8   9144  -28.5  -42.9     24   0.27    100      9  337.7  338.8  337.7
  303.0   9630  -32.5  -44.5     29   0.24    113      7  338.5  339.5  338.5
  300.0   9700  -33.1  -46.1     26   0.20    115      7  338.6  339.5  338.6
  272.4  10363  -38.6  -50.6     27   0.14    205      3  340.1  340.7  340.1
  250.0  10950  -43.5  -54.5     29   0.09    200      6  341.3  341.7  341.3
  237.8  11278  -46.0  -56.8     28   0.07    195      7  342.5  342.8  342.5
  227.0  11582  -48.3  -58.8     28   0.06    225     17  343.5  343.8  343.6
  200.0  12410  -54.5  -64.5     28   0.03    235     29  346.3  346.5  346.3
  197.3  12497  -55.2  -65.0     28   0.03    240     31  346.6  346.8  346.6
  185.0  12904  -58.3  -67.3     31   0.02    233     30  347.9  348.1  347.9
  162.2  13716  -62.6  -70.9     32   0.02    220     29  354.1  354.2  354.1
  150.0  14200  -65.1  -73.1     32   0.01    225     23  357.7  357.8  357.8
  132.7  14935  -67.9  -75.6     33   0.01    245      8  365.5  365.5  365.5
  126.2  15240  -69.1  -76.6     33   0.01    135      7  368.7  368.8  368.7
  104.0  16399  -73.5  -80.5     34   0.01    105     21  381.2  381.2  381.2
  100.0  16630  -73.5  -80.5     34   0.01    100     23  385.5  385.5  385.5
   91.9  17125  -72.5  -79.5     34   0.01     90     35  396.9  396.9  396.9
   91.0  17183  -72.1  -76.3     53   0.01     89     36  398.8  398.8  398.8
   89.1  17307  -71.9  -78.9     34   0.01     86     39  401.6  401.6  401.6
   88.1  17374  -71.6  -78.7     34   0.01     85     41  403.5  403.5  403.5
   75.6  18288  -67.5  -75.2     33   0.02     85     52  429.9  430.1  429.9
   70.0  18750  -65.5  -73.5     32   0.03     90     56  443.9  444.1  443.9
   69.1  18829  -65.1  -73.1     32   0.03     91     57  446.4  446.6  446.4
   65.0  19202  -65.2  -73.2     32   0.03     95     63  454.1  454.3  454.1
   59.9  19701  -65.3  -73.3     32   0.03     95     63  464.6  464.8  464.6
   52.0  20575  -59.9  -68.9     30   0.07     95     63  496.3  496.8  496.3
   50.0  20820  -60.7  -69.7     30   0.06     95     63  500.0  500.4  500.0
   46.1  21336  -60.0  -69.2     29   0.07     90     64  513.5  514.0  513.5
   30.0  24030  -56.5  -66.5     27   0.17     95     73  590.0  591.4  590.1
   28.4  24384  -55.9  -66.1     27   0.19     95     73  601.2  602.7  601.2
   23.4  25618  -53.7  -64.7     25   0.27     92     74  641.6  644.0  641.7
   20.0  26640  -48.5  -60.5     24   0.55     90     74  687.0  692.0  687.2
   17.8  27432  -46.4  -59.8     20   0.68     90     81  717.4  723.9  717.7
   15.6  28291  -44.1  -59.1     17   0.85                751.9  760.3  752.3
   14.8  28647  -39.5  -55.5     17   1.40                778.7  792.7  779.3


      Station information and sounding indices

                         Station identifier: TNCM
                             Station number: 78866
                           Observation time: 100713/1200
                           Station latitude: 18.03
                          Station longitude: -63.11
                          Station elevation: 4.0
                            Showalter index: 1.80
                               Lifted index: -4.64
    LIFT computed using virtual temperature: -5.60
                                SWEAT index: 216.41
                                    K index: 18.20
                         Cross totals index: 19.00
                      Vertical totals index: 23.50
                        Totals totals index: 42.50
      Convective Available Potential Energy: 2128.74
             CAPE using virtual temperature: 2437.77
                      Convective Inhibition: -7.80
             CINS using virtual temperature: -0.79
                           Equilibrum Level: 163.32
 Equilibrum Level using virtual temperature: 163.26
                   Level of Free Convection: 898.70
             LFCT using virtual temperature: 932.52
                     Bulk Richardson Number: 1416.07
          Bulk Richardson Number using CAPV: 1621.64
  Temp [K] of the Lifted Condensation Level: 295.31
Pres [hPa] of the Lifted Condensation Level: 941.89
   Equivalent potential temp [K] of the LCL: 354.03
     Mean mixed layer potential temperature: 300.41
              Mean mixed layer mixing ratio: 18.24
              1000 hPa to 500 hPa thickness: 5746.00
Precipitable water [mm] for entire sounding: 39.51


    78866 TNCM Juliana Airport Observations at 12Z 14 Jul 2010

-----------------------------------------------------------------------------
   PRES   HGHT   TEMP   DWPT   RELH   MIXR   DRCT   SKNT   THTA   THTE   THTV
    hPa     m      C      C      %    g/kg    deg   knot     K      K      K 
-----------------------------------------------------------------------------
 1015.0      4   28.0   24.1     79  19.04    100     13  299.9  355.9  303.3
 1000.0    132   27.6   24.5     83  19.82    100     16  300.8  359.3  304.3
  995.0    177   27.0   24.2     85  19.55     99     17  300.6  358.3  304.1
  980.7    305   25.9   23.5     87  19.03     95     21  300.7  356.9  304.1
  947.5    610   23.2   21.9     92  17.83     90     23  301.0  353.6  304.2
  925.0    823   21.4   20.8     96  17.03     90     22  301.2  351.5  304.2
  915.4    914   21.1   20.9     99  17.30     85     21  301.8  353.0  304.9
  913.0    936   21.0   20.9     99  17.37     85     22  301.9  353.4  305.0
  894.0   1118   18.0   14.3     79  11.59     82     26  300.6  334.9  302.7
  883.5   1219   17.6   13.3     76  11.00     80     29  301.3  333.9  303.3
  882.0   1233   17.6   13.2     75  10.92     80     30  301.4  333.8  303.4
  852.5   1524   17.8   13.4     75  11.45     75     53  304.5  338.9  306.6
  850.0   1549   17.8   13.4     75  11.49     80     49  304.8  339.4  306.9
  822.6   1829   16.5   12.6     78  11.24     75     44  306.2  340.3  308.3
  817.0   1888   16.2   12.4     78  11.19     76     43  306.6  340.5  308.6
  810.0   1961   17.0    7.0     52   7.82     77     41  308.2  332.3  309.6
  793.7   2134   16.5   -0.6     31   4.65     80     38  309.4  324.2  310.3
  778.0   2304   16.0   -8.0     18   2.70     83     42  310.6  319.5  311.2
  770.0   2392   16.0   -3.0     27   4.00     84     45  311.6  324.5  312.3
  765.8   2438   15.8   -3.2     27   3.95     85     46  311.8  324.6  312.6
  738.6   2743   14.2   -4.8     26   3.65     85     40  313.4  325.3  314.1
  721.0   2947   13.2   -5.8     26   3.46     87     42  314.4  325.8  315.1
  700.0   3194   11.0   -7.0     28   3.25     90     45  314.6  325.4  315.2
  661.1   3658    6.5   -8.5     33   3.06     90     47  314.7  324.9  315.3
  636.9   3962    3.5   -9.4     38   2.95     90     47  314.7  324.5  315.3
  614.0   4259    0.6  -10.4     44   2.84     85     39  314.7  324.1  315.2
  613.4   4267    0.6  -10.7     43   2.78     85     39  314.7  324.0  315.3
  611.0   4298    0.4  -11.6     40   2.59     85     38  314.9  323.6  315.4
  609.0   4324    0.6  -17.4     25   1.61     85     37  315.4  321.0  315.7
  606.0   4364    1.0  -27.0     10   0.70     85     36  316.3  318.9  316.5
  601.0   4430    1.4  -37.6      4   0.25     85     34  317.5  318.5  317.6
  594.0   4523    1.2  -17.8     23   1.60     85     31  318.4  323.9  318.7
  588.0   4604    1.2  -32.8      6   0.41     85     29  319.3  320.9  319.4
  574.0   4796    0.0  -17.0     27   1.77     85     23  320.1  326.3  320.4
  568.2   4877   -0.6  -26.0     13   0.81     85     21  320.4  323.3  320.5
  565.0   4921   -0.9  -30.9      8   0.52     87     20  320.5  322.4  320.6
  549.0   5148   -2.5  -25.5     15   0.88     98     16  321.2  324.4  321.4
  546.6   5182   -2.7  -22.7     20   1.14    100     15  321.4  325.4  321.6
  539.0   5293   -3.5  -13.5     46   2.52     99     16  321.7  330.4  322.2
  528.0   5454   -3.7  -39.7      4   0.23     98     18  323.4  324.3  323.4
  520.0   5574   -3.9  -47.9      2   0.10     97     19  324.6  325.0  324.6
  514.0   5665   -4.5  -51.5      1   0.06     97     20  324.9  325.2  324.9
  500.0   5880   -5.7  -42.7      4   0.18     95     22  326.0  326.8  326.1
  487.1   6096   -7.0  -41.2      5   0.21     95     22  326.8  327.6  326.8
  405.3   7620  -16.6  -31.0     28   0.71    110     19  332.1  334.8  332.2
  400.0   7730  -17.3  -30.3     31   0.77    110     19  332.4  335.4  332.6
  358.0   8506  -22.7  -31.7     44   0.76    129     15  335.9  338.8  336.0
  350.0   8663  -23.5  -45.5     11   0.19    133     14  337.0  337.8  337.0
  338.0   8903  -24.7  -48.7      9   0.14    139     13  338.7  339.3  338.7
  331.0   9046  -25.9  -47.9     11   0.15    143     13  339.1  339.8  339.1
  326.3   9144  -26.8  -46.2     14   0.19    145     12  339.2  340.0  339.2
  322.0   9234  -27.7  -44.7     18   0.22    155     11  339.3  340.2  339.3
  316.0   9361  -28.7  -36.7     46   0.52    170     11  339.7  341.8  339.8
  311.9   9449  -29.5  -36.2     52   0.56    180     10  339.9  342.1  340.0
  306.0   9578  -30.7  -35.6     62   0.60    195     11  340.1  342.5  340.2
  300.0   9710  -32.1  -37.0     62   0.54    210     12  340.0  342.2  340.1
  284.0  10094  -34.7  -39.2     64   0.45    222     19  341.7  343.5  341.8
  268.0  10495  -37.7  -46.7     38   0.21    235     27  343.0  343.9  343.0
  261.3  10668  -39.0  -47.6     40   0.20    240     30  343.6  344.4  343.6
  250.0  10970  -41.3  -49.3     42   0.17    240     32  344.5  345.3  344.6
  238.8  11278  -44.1  -52.1     41   0.13    240     32  344.9  345.4  344.9
  238.0  11302  -44.3  -52.3     41   0.13                344.9  345.4  344.9


      Station information and sounding indices

                         Station identifier: TNCM
                             Station number: 78866
                           Observation time: 100714/1200
                           Station latitude: 18.03
                          Station longitude: -63.11
                          Station elevation: 4.0
                            Showalter index: 1.45
                               Lifted index: -4.99
    LIFT computed using virtual temperature: -6.16
                                SWEAT index: 280.83
                                    K index: 18.90
                         Cross totals index: 19.10
                      Vertical totals index: 23.50
                        Totals totals index: 42.60
      Convective Available Potential Energy: 1919.92
             CAPE using virtual temperature: 2259.16
                      Convective Inhibition: -1.29
             CINS using virtual temperature: -0.42
                   Level of Free Convection: 941.43
             LFCT using virtual temperature: 946.33
                     Bulk Richardson Number: 63.98
          Bulk Richardson Number using CAPV: 75.28
  Temp [K] of the Lifted Condensation Level: 296.20
Pres [hPa] of the Lifted Condensation Level: 949.59
   Equivalent potential temp [K] of the LCL: 356.91
     Mean mixed layer potential temperature: 300.62
              Mean mixed layer mixing ratio: 19.11
              1000 hPa to 500 hPa thickness: 5748.00
Precipitable water [mm] for entire sounding: 40.82


    78866 TNCM Juliana Airport Observations at 12Z 15 Jul 2010

-----------------------------------------------------------------------------
   PRES   HGHT   TEMP   DWPT   RELH   MIXR   DRCT   SKNT   THTA   THTE   THTV
    hPa     m      C      C      %    g/kg    deg   knot     K      K      K 
-----------------------------------------------------------------------------
 1014.0      4   28.0   23.7     77  18.59     90     11  300.0  354.6  303.3
 1008.0     56   25.2   23.2     89  18.13     86     12  297.7  350.4  300.9
 1000.0    125   24.6   22.7     89  17.72     80     14  297.8  349.3  300.9
  994.0    178   24.4   22.4     89  17.50     77     15  298.1  349.1  301.2
  979.7    305   23.6   21.6     89  16.95     70     19  298.5  348.0  301.5
  946.1    610   21.6   19.9     90  15.68     55     34  299.5  345.5  302.3
  925.0    807   20.4   18.7     90  14.90     50     43  300.2  344.0  302.8
  920.0    855   20.2   20.1     99  16.38     50     43  300.4  348.6  303.4
  917.0    884   20.2   18.2     88  14.56     50     43  300.7  343.6  303.3
  913.9    914   20.0   18.0     88  14.40     50     43  300.8  343.3  303.4
  882.9   1219   18.1   15.7     86  12.87     65     33  301.8  340.0  304.1
  850.0   1555   16.0   13.2     83  11.34     75     26  302.9  336.8  305.0
  822.5   1829   14.4   10.9     80  10.06     75     22  304.0  334.3  305.9
  793.0   2134   12.6    8.4     76   8.78     80     23  305.3  332.0  306.9
  774.0   2336   11.4    6.7     73   8.01     83     26  306.2  330.7  307.6
  764.5   2438   11.2    5.5     68   7.46     85     27  307.0  329.9  308.4
  742.0   2684   10.6    2.6     58   6.26     81     29  309.0  328.6  310.2
  736.6   2743   10.2    1.6     55   5.86     80     30  309.2  327.5  310.2
  723.0   2896    9.0   -1.0     50   4.94     76     33  309.6  325.2  310.5
  700.0   3160    7.4    0.4     61   5.66     70     39  310.6  328.5  311.7
  658.6   3658    4.0   -0.9     71   5.48     65     43  312.2  329.7  313.3
  652.0   3740    3.4   -1.1     72   5.45     66     40  312.5  329.9  313.5
  640.0   3891    2.4   -3.6     65   4.60     69     35  313.0  327.8  313.9
  636.0   3941    1.6  -12.4     35   2.33     70     34  312.7  320.4  313.1
  634.4   3962    1.5  -13.3     32   2.17     70     33  312.8  320.1  313.2
  632.0   3992    1.4  -14.6     29   1.96     70     33  313.0  319.6  313.4
  631.0   4005    1.2  -13.8     32   2.10     71     34  312.9  320.0  313.3
  610.6   4267   -0.2  -15.8     30   1.84     75     37  314.2  320.5  314.6
  598.0   4434   -1.1  -17.1     29   1.68     78     40  315.1  320.9  315.4
  582.0   4650   -2.3  -11.3     50   2.78     81     43  316.1  325.5  316.7
  579.0   4690   -2.5  -12.5     46   2.54     82     44  316.4  324.9  316.9
  576.0   4732   -2.1  -11.1     50   2.86     83     45  317.3  326.9  317.9
  565.5   4877   -2.1  -15.4     35   2.04     85     47  319.0  326.0  319.4
  564.0   4899   -2.1  -16.1     33   1.94     85     47  319.2  325.9  319.6
  561.0   4941   -1.7  -24.7     15   0.93     85     46  320.2  323.5  320.4
  539.0   5259   -1.7  -25.7     14   0.88     85     41  323.9  327.1  324.1
  500.0   5850   -6.1  -29.1     14   0.69     85     32  325.5  328.1  325.7
  485.0   6087   -8.1  -31.1     14   0.59     85     28  325.9  328.2  326.0
  484.4   6096   -8.1  -31.1     14   0.59     85     28  326.0  328.2  326.1
  461.0   6479   -9.3  -33.3     12   0.50     82     25  329.2  331.1  329.3
  400.0   7560  -16.3  -39.3     12   0.32     75     18  333.7  335.0  333.8
  397.0   7617  -16.5  -39.5     12   0.31     75     17  334.2  335.4  334.2
  396.8   7620  -16.5  -39.5     12   0.31     75     17  334.2  335.4  334.2
  380.8   7925  -18.8  -41.8     11   0.26     75     15  335.1  336.2  335.2
  340.0   8763  -25.1  -48.1     10   0.14     14     12  337.6  338.2  337.6
  322.4   9144  -28.0  -46.7     15   0.18    345     11  338.8  339.5  338.8
  309.0   9449  -30.3  -45.6     21   0.21    320     14  339.7  340.6  339.7
  300.0   9660  -31.9  -44.9     26   0.23    325     14  340.3  341.3  340.4
  283.2  10058  -35.2  -47.0     29   0.20    330     13  341.1  342.0  341.2
  250.0  10920  -42.5  -51.5     37   0.13    285     15  342.7  343.3  342.8
  247.0  11001  -43.3  -52.3     36   0.12    283     16  342.7  343.3  342.8
  200.0  12380  -54.7  -62.7     36   0.04    255     26  346.0  346.2  346.0
  196.3  12497  -55.6  -63.5     36   0.04    255     26  346.4  346.6  346.5
  153.6  14021  -67.0  -74.1     36   0.01    290     21  352.1  352.1  352.1
  150.0  14170  -68.1  -75.1     36   0.01    290     20  352.6  352.6  352.6
  140.0  14581  -71.7  -78.7     35   0.01    281     14  353.3  353.3  353.3
  138.8  14630  -71.8  -78.8     34   0.01    280     13  353.9  354.0  353.9
  131.8  14935  -72.5  -79.5     34   0.01     10      2  358.1  358.1  358.1
  125.1  15240  -73.1  -80.1     34   0.01     70      8  362.2  362.3  362.2
  114.0  15787  -74.3  -81.3     33   0.00     80     12  369.8  369.8  369.8
  107.0  16156  -74.7  -81.7     33   0.00     90     23  375.8  375.8  375.8
  107.0  16154  -74.7  -81.7     33   0.00     90     23  375.8  375.8  375.8
  100.0  16550  -74.9  -81.9     33   0.00     90     30  382.8  382.8  382.8
   74.6  18288  -69.2  -76.2     36   0.02     85     36  428.2  428.3  428.2
   70.7  18610  -68.1  -75.1     36   0.02     89     40  437.1  437.2  437.1
   70.0  18670  -66.9  -73.9     37   0.02     90     41  440.9  441.1  440.9
   59.5  19662  -62.3  -70.3     33   0.05     90     42  472.2  472.5  472.2
   50.0  20740  -60.9  -68.9     34   0.07     90     43  499.5  500.0  499.6
   45.4  21336  -60.4  -68.4     34   0.08     90     47  514.7  515.3  514.7
   43.4  21622  -60.1  -68.1     34   0.09     89     48  522.1  522.8  522.1
   34.8  23020  -54.1  -63.1     32   0.23     87     53  571.8  573.5  571.9
   30.0  23970  -55.3  -64.3     32   0.22     85     57  593.3  595.1  593.4
   28.1  24384  -55.8  -64.8     32   0.22     80     57  603.0  604.8  603.1
   26.8  24689  -56.2  -65.2     31   0.22     80     59  610.3  612.1  610.4
   26.8  24687  -56.2  -65.2     31   0.22     80     59  610.2  612.0  610.3
   24.5  25257  -56.9  -65.9     31   0.22     85     59  624.0  625.9  624.1
   20.0  26570  -47.3  -58.3     27   0.73     95     60  690.6  697.2  690.9
   17.6  27432  -47.0  -59.0     24   0.76     95     53  717.7  724.9  718.0
   15.3  28344  -46.7  -59.7     21   0.80     95     51  747.5  755.4  747.9
   13.3  29261  -41.9  -57.7     16   1.19     95     50  793.8  806.1  794.4
   13.2  29335  -41.5  -57.5     16   1.23                797.6  810.4  798.2


      Station information and sounding indices

                         Station identifier: TNCM
                             Station number: 78866
                           Observation time: 100715/1200
                           Station latitude: 18.03
                          Station longitude: -63.11
                          Station elevation: 4.0
                            Showalter index: 2.16
                               Lifted index: -2.54
    LIFT computed using virtual temperature: -3.39
                                SWEAT index: 242.37
                                    K index: 28.30
                         Cross totals index: 19.30
                      Vertical totals index: 22.10
                        Totals totals index: 41.40
      Convective Available Potential Energy: 1129.10
             CAPE using virtual temperature: 1354.51
                      Convective Inhibition: -4.91
             CINS using virtual temperature: -2.20
                           Equilibrum Level: 182.23
 Equilibrum Level using virtual temperature: 181.16
                   Level of Free Convection: 907.87
             LFCT using virtual temperature: 932.97
                     Bulk Richardson Number: 42.81
          Bulk Richardson Number using CAPV: 51.35
  Temp [K] of the Lifted Condensation Level: 294.64
Pres [hPa] of the Lifted Condensation Level: 956.45
   Equivalent potential temp [K] of the LCL: 348.59
     Mean mixed layer potential temperature: 298.43
              Mean mixed layer mixing ratio: 17.21
              1000 hPa to 500 hPa thickness: 5725.00
Precipitable water [mm] for entire sounding: 43.86

Description of the data columns
<http://weather.uwyo.edu/upperair/columns.html> or sounding indices
<http://weather.uwyo.edu/upperair/indices.html>.

------------------------------------------------------------------------
/Interested in graduate studies in atmospheric science? Check out our
program at the University of Wyoming
<http://www.uwyo.edu/atsc/howtoapply/>/
------------------------------------------------------------------------
Questions about the weather data provided by this site can be addressed
to Larry Oolman (ldoolman@uwyo.edu) <mailto:ldoolman@uwyo.edu>
------------------------------------------------------------------------
