
    78866 TNCM Juliana Airport Observations at 12Z 17 Dec 2010

-----------------------------------------------------------------------------
   PRES   HGHT   TEMP   DWPT   RELH   MIXR   DRCT   SKNT   THTA   THTE   THTV
    hPa     m      C      C      %    g/kg    deg   knot     K      K      K 
-----------------------------------------------------------------------------
 1016.0      4   25.6   19.6     69  14.34     80     12  297.4  339.1  299.9
 1000.0    105   24.6   18.8     70  13.85     75     12  297.8  338.1  300.2
  978.7    305   23.3   17.7     71  13.21     70     13  298.2  336.9  300.6
  947.0    610   21.2   16.1     72  12.28     55     13  299.0  335.1  301.2
  925.0    828   19.8   14.9     73  11.65     50     13  299.6  333.8  301.6
  915.8    914   19.2   14.3     73  11.32     45     14  299.8  333.2  301.8
  883.8   1219   17.1   12.3     73  10.24     35     14  300.7  331.1  302.5
  850.0   1554   14.8   10.0     73   9.15     20     14  301.6  329.0  303.3
  832.0   1734   13.6    8.8     73   8.61     20     14  302.2  328.1  303.8
  822.6   1829   13.1    7.2     67   7.81     20     14  302.7  326.2  304.1
  796.0   2104   11.6    2.6     54   5.83    353     15  303.9  321.8  305.0
  795.0   2114   11.6    2.6     54   5.84    352     15  304.0  322.0  305.1
  793.1   2134   11.9    2.5     53   5.81    350     15  304.5  322.4  305.6
  779.0   2284   13.8    1.8     44   5.63    343     15  308.2  325.8  309.2
  764.8   2438   12.8   -1.0     38   4.66    335     16  308.8  323.5  309.6
  764.0   2447   12.8   -1.2     38   4.61    335     16  308.8  323.4  309.7
  763.0   2457   12.8   -1.2     38   4.61    334     16  308.9  323.6  309.8
  737.2   2743   10.4    3.4     62   6.65    325     19  309.4  330.1  310.6
  737.0   2746   10.4    3.4     62   6.67    325     19  309.4  330.2  310.6
  710.5   3048    7.8    2.3     68   6.38    315     12  309.8  329.8  311.0
  700.0   3170    6.8    1.8     70   6.27    315     10  310.0  329.6  311.2
  691.0   3276    6.2    0.2     65   5.65    318      9  310.5  328.3  311.5
  673.0   3492    4.0    2.2     88   6.71    325      8  310.4  331.4  311.6
  659.4   3658    3.3    0.5     82   6.05    330      7  311.4  330.5  312.5
  619.0   4169    1.2   -4.8     64   4.35    301     12  314.6  328.8  315.5
  611.5   4267    0.7   -5.2     65   4.28    295     13  315.1  329.1  315.9
  577.0   4732   -1.9   -6.9     69   3.97    257     15  317.4  330.5  318.2
  573.0   4787   -2.3   -4.1     87   4.95    252     16  317.6  333.7  318.5
  568.0   4857   -2.7   -3.9     91   5.07    247     16  317.9  334.4  318.9
  566.6   4877   -2.8   -4.2     90   4.96    245     16  318.0  334.2  319.0
  565.0   4899   -2.9   -4.6     88   4.84    244     16  318.1  334.0  319.1
  561.0   4955   -2.7  -10.7     54   3.03    241     17  319.0  329.2  319.6
  545.1   5182   -3.9  -11.0     58   3.04    230     18  320.2  330.5  320.8
  506.0   5767   -7.1  -11.8     69   3.08    260     16  323.2  333.7  323.8
  500.0   5860   -7.5  -17.5     45   1.95    265     16  323.8  330.7  324.2
  494.0   5954   -7.5  -19.5     38   1.66    271     17  324.9  330.9  325.3
  491.0   6001   -7.9  -18.9     41   1.76    274     18  325.0  331.3  325.4
  484.9   6096   -8.8  -19.4     42   1.71    280     19  325.1  331.2  325.4
  466.0   6401  -11.6  -20.8     46   1.57    290     19  325.4  331.0  325.7
  448.0   6702  -14.3  -22.3     51   1.44    286     23  325.6  330.8  325.9
  443.0   6787  -14.9  -20.9     60   1.64    285     24  325.9  331.7  326.2
  423.0   7133  -17.9  -20.4     81   1.80    280     29  326.4  332.8  326.7
  421.0   7169  -18.3  -20.3     84   1.82    280     29  326.3  332.8  326.7
  413.0   7311  -18.3  -28.3     41   0.90    278     31  328.1  331.5  328.3
  409.0   7384  -17.3  -28.3     38   0.91    277     32  330.3  333.7  330.5
  403.0   7494  -17.3  -29.3     34   0.84    276     33  331.7  334.9  331.9
  400.0   7550  -17.9  -28.9     38   0.88    275     34  331.6  335.0  331.8
  396.3   7620  -18.4  -29.4     37   0.85    275     35  331.8  335.1  332.0
  393.0   7681  -18.9  -29.9     37   0.82    273     35  332.0  335.1  332.2
  388.0   7777  -19.7  -23.8     70   1.45    270     36  332.2  337.5  332.5
  386.0   7815  -19.9  -30.9     37   0.76    269     36  332.4  335.3  332.6
  363.0   8267  -23.1  -34.1     36   0.59    254     37  334.0  336.3  334.1
  349.9   8534  -24.4  -35.4     35   0.54    245     38  335.9  338.0  336.0
  323.0   9113  -27.1  -38.1     34   0.45    254     45  339.8  341.6  339.9
  321.6   9144  -27.3  -38.3     35   0.44    255     45  339.9  341.7  340.0
  300.0   9640  -31.3  -41.3     37   0.34    250     47  341.1  342.6  341.2
  258.8  10668  -39.7  -48.9     37   0.17    260     54  343.4  344.2  343.5
  250.0  10910  -41.7  -50.7     37   0.15    260     54  343.9  344.6  344.0
  205.9  12192  -52.4  -60.5     37   0.05    240     56  346.8  347.0  346.8
  201.0  12350  -53.7  -61.7     37   0.05                347.1  347.3  347.1


      Station information and sounding indices

                         Station identifier: TNCM
                             Station number: 78866
                           Observation time: 101217/1200
                           Station latitude: 18.03
                          Station longitude: -63.11
                          Station elevation: 4.0
                            Showalter index: 4.32
                               Lifted index: 0.52
    LIFT computed using virtual temperature: 0.16
                                SWEAT index: 164.02
                                    K index: 27.30
                         Cross totals index: 17.50
                      Vertical totals index: 22.30
                        Totals totals index: 39.80
      Convective Available Potential Energy: 67.92
             CAPE using virtual temperature: 114.82
                      Convective Inhibition: -45.40
             CINS using virtual temperature: -29.95
                           Equilibrum Level: 411.16
 Equilibrum Level using virtual temperature: 410.59
                   Level of Free Convection: 819.49
             LFCT using virtual temperature: 851.67
                     Bulk Richardson Number: 2.48
          Bulk Richardson Number using CAPV: 4.20
  Temp [K] of the Lifted Condensation Level: 289.97
Pres [hPa] of the Lifted Condensation Level: 908.25
   Equivalent potential temp [K] of the LCL: 337.27
     Mean mixed layer potential temperature: 298.06
              Mean mixed layer mixing ratio: 13.46
              1000 hPa to 500 hPa thickness: 5755.00
Precipitable water [mm] for entire sounding: 41.45


    78866 TNCM Juliana Airport Observations at 12Z 20 Dec 2010

-----------------------------------------------------------------------------
   PRES   HGHT   TEMP   DWPT   RELH   MIXR   DRCT   SKNT   THTA   THTE   THTV
    hPa     m      C      C      %    g/kg    deg   knot     K      K      K 
-----------------------------------------------------------------------------
 1011.0      4   26.2   23.1     83  17.96    170      3  298.4  350.9  301.6
 1000.0    104   25.2   22.9     87  17.94    165      5  298.4  350.7  301.6
  991.0    184   24.6   23.0     91  18.22    161      6  298.5  351.8  301.8
  977.4    305   23.5   22.2     93  17.61    155      8  298.6  350.0  301.7
  958.0    481   21.8   21.1     96  16.75    149     14  298.6  347.5  301.6
  956.0    499   21.6   20.9     96  16.57    149     15  298.6  346.9  301.5
  943.8    610   21.1   19.2     89  15.10    145     19  299.1  343.3  301.8
  925.0    785   20.2   16.6     80  13.01    145     18  300.0  338.3  302.3
  911.3    914   19.4   15.5     78  12.27    160     13  300.4  336.7  302.7
  879.6   1219   17.6   12.8     73  10.65    195     11  301.6  333.3  303.5
  873.0   1284   17.2   12.2     72  10.33    198     11  301.8  332.6  303.7
  850.0   1513   15.6   13.0     85  11.19    209     13  302.5  335.9  304.5
  818.9   1829   13.8   11.9     88  10.78    225     15  303.8  336.2  305.8
  815.0   1869   13.6   11.7     89  10.73    226     15  304.0  336.2  306.0
  814.0   1879   13.6   11.7     88  10.72    226     15  304.1  336.3  306.1
  809.0   1931   13.4   10.4     82   9.88    227     14  304.4  334.2  306.2
  802.0   2005   13.8    0.8     41   5.08    228     14  305.6  321.4  306.6
  798.0   2047   13.8   -0.2     38   4.75    229     14  306.1  320.9  306.9
  797.0   2058   14.0    2.0     44   5.58    229     14  306.4  323.7  307.4
  789.9   2134   13.5    4.1     53   6.53    230     13  306.6  326.8  307.8
  786.0   2175   13.2    5.2     58   7.10    231     13  306.7  328.6  308.1
  761.9   2438   11.9    4.7     61   7.09    240     13  308.1  330.1  309.4
  756.0   2503   11.6    4.6     62   7.08    241     13  308.4  330.4  309.8
  734.6   2743   10.5    1.2     52   5.71    245     13  309.8  327.8  310.9
  702.0   3121    8.8   -4.2     40   4.01    245     15  311.9  324.9  312.7
  700.0   3145    8.8   -3.2     43   4.34    245     15  312.2  326.2  313.0
  690.0   3263    8.2   -2.8     46   4.53    242     16  312.8  327.4  313.7
  682.5   3353    7.5   -2.6     49   4.64    240     16  313.0  327.9  313.9
  657.5   3658    5.0   -2.0     60   5.05    245     17  313.6  329.8  314.6
  657.0   3664    5.0   -2.0     61   5.05    245     17  313.6  329.9  314.6
  642.0   3851    4.2   -6.8     45   3.60    251     20  314.8  326.6  315.5
  637.0   3915    3.6   -2.4     65   5.06    253     21  314.8  331.1  315.8
  633.3   3962    3.3   -2.9     64   4.90    255     22  315.0  330.9  316.0
  621.0   4120    2.4   -4.6     60   4.40    252     23  315.7  330.1  316.6
  618.0   4159    2.0   -0.6     83   5.96    252     23  315.7  334.9  316.9
  610.0   4264    1.2   -0.5     88   6.09    250     23  316.0  335.5  317.1
  609.7   4267    1.2   -0.5     88   6.07    250     23  316.0  335.5  317.1
  605.0   4330    0.6   -1.3     87   5.78    249     23  316.0  334.6  317.1
  594.0   4476    0.8   -3.4     73   5.04    247     22  317.9  334.4  318.9
  585.0   4599    1.0  -11.0     40   2.84    245     21  319.5  329.1  320.1
  583.0   4626    0.4   -5.6     64   4.34    244     21  319.1  333.5  320.0
  578.0   4695    0.4  -12.6     37   2.52    243     21  319.9  328.5  320.4
  572.0   4778    0.4  -14.6     31   2.17    242     20  320.9  328.4  321.3
  569.0   4820    0.4  -12.6     37   2.56    241     20  321.4  330.2  321.9
  568.0   4834    0.2   -9.8     47   3.22    241     20  321.3  332.2  321.9
  565.0   4877    0.0   -9.6     48   3.28    240     20  321.6  332.7  322.2
  559.0   4961   -0.3   -9.3     51   3.40    238     20  322.2  333.7  322.8
  529.0   5399   -2.9  -14.9     39   2.29    229     23  324.2  332.1  324.6
  503.1   5791   -6.3  -19.2     35   1.68    220     25  324.7  330.7  325.1
  500.0   5840   -6.7  -19.7     35   1.61    220     25  324.8  330.6  325.1
  483.8   6096   -8.6  -22.2     32   1.35    225     26  325.6  330.4  325.9
  474.0   6256   -9.7  -23.7     31   1.20    228     26  326.1  330.4  326.3
  458.0   6521  -11.7  -19.7     52   1.76    234     25  326.8  333.1  327.1
  451.0   6639  -12.3  -18.3     61   2.02    237     25  327.5  334.6  327.9
  442.0   6794  -12.5  -23.5     39   1.31    240     24  329.1  333.9  329.4
  429.6   7010  -14.2  -24.5     41   1.23    245     24  329.7  334.2  330.0
  407.0   7420  -17.3  -26.3     45   1.10    234     26  330.8  334.9  331.0
  400.0   7550  -17.7  -28.7     38   0.90    230     26  331.9  335.3  332.1
  396.3   7620  -18.0  -30.4     33   0.78    225     26  332.4  335.4  332.5
  381.0   7914  -19.3  -37.3     19   0.41    222     28  334.4  336.1  334.5
  364.0   8252  -21.3  -36.3     25   0.47    218     31  336.2  338.0  336.2
  350.1   8534  -23.5  -38.3     24   0.40    215     33  337.0  338.6  337.1
  321.8   9144  -28.2  -42.5     24   0.28    220     31  338.7  339.9  338.8
  300.0   9650  -32.1  -46.1     24   0.20    230     30  340.0  340.9  340.1
  250.0  10900  -43.7  -53.7     32   0.10    250     31  341.0  341.4  341.0
  225.4  11582  -49.3  -58.6     33   0.06    260     33  342.6  342.9  342.6
  215.0  11895  -51.9  -60.9     33   0.05    252     34  343.2  343.5  343.3
  200.0  12360  -54.7  -63.7     32   0.04    240     35  346.0  346.2  346.0
  169.1  13411  -61.7  -69.5     34   0.02    225     33  351.4  351.4  351.4
  150.0  14160  -66.7  -73.7     37   0.01    235     26  355.0  355.1  355.0
  145.9  14326  -68.2  -75.2     36   0.01    235     25  355.2  355.3  355.2
  144.0  14405  -68.9  -75.9     36   0.01    234     25  355.3  355.4  355.3
  124.9  15240  -73.1  -80.1     34   0.01    220     27  362.5  362.6  362.5
  106.0  16198  -77.9  -84.9     32   0.00    202     25  370.7  370.8  370.8
  100.0  16530  -78.9  -84.9     37   0.00    195     24  375.0  375.1  375.0
   97.0  16703  -79.5  -85.5     37   0.00    190     24  377.1  377.2  377.1
   91.0  17069  -78.8  -85.0     36   0.00    185     23  385.5  385.6  385.6
   73.5  18288  -76.4  -83.3     33   0.01    225     12  414.8  414.9  414.8
   71.8  18423  -76.1  -83.1     33   0.01    228     13  418.2  418.2  418.2
   57.1  19812  -70.8  -78.3     32   0.02    255     23  458.7  458.8  458.7
   32.0  23307  -57.3  -66.3     31   0.16                577.1  578.4  577.2


      Station information and sounding indices

                         Station identifier: TNCM
                             Station number: 78866
                           Observation time: 101220/1200
                           Station latitude: 18.03
                          Station longitude: -63.11
                          Station elevation: 4.0
                            Showalter index: 1.95
                               Lifted index: -3.62
    LIFT computed using virtual temperature: -4.36
                                SWEAT index: 206.82
                                    K index: 23.30
                         Cross totals index: 19.70
                      Vertical totals index: 22.30
                        Totals totals index: 42.00
      Convective Available Potential Energy: 1463.34
             CAPE using virtual temperature: 1689.69
                      Convective Inhibition: 0.00
             CINS using virtual temperature: 0.00
                           Equilibrum Level: 178.73
 Equilibrum Level using virtual temperature: 178.39
                   Level of Free Convection: 959.07
             LFCT using virtual temperature: 960.86
                     Bulk Richardson Number: 66.90
          Bulk Richardson Number using CAPV: 77.25
  Temp [K] of the Lifted Condensation Level: 295.11
Pres [hPa] of the Lifted Condensation Level: 960.86
   Equivalent potential temp [K] of the LCL: 349.94
     Mean mixed layer potential temperature: 298.50
              Mean mixed layer mixing ratio: 17.63
              1000 hPa to 500 hPa thickness: 5736.00
Precipitable water [mm] for entire sounding: 44.42


    78866 TNCM Juliana Airport Observations at 12Z 21 Dec 2010

-----------------------------------------------------------------------------
   PRES   HGHT   TEMP   DWPT   RELH   MIXR   DRCT   SKNT   THTA   THTE   THTV
    hPa     m      C      C      %    g/kg    deg   knot     K      K      K 
-----------------------------------------------------------------------------
 1013.0      4   26.0   21.0     74  15.72     70      8  298.1  343.9  300.9
 1000.0    118   24.6   19.7     74  14.67     45     10  297.8  340.5  300.4
  993.0    180   24.2   19.5     75  14.59     25     12  297.9  340.5  300.6
  978.9    305   23.5   18.1     72  13.54    345     17  298.4  338.0  300.9
  945.3    610   21.7   14.7     65  11.27    345     14  299.6  332.8  301.6
  944.0    622   21.6   14.6     64  11.18    345     14  299.6  332.6  301.7
  925.0    798   20.0   16.4     80  12.84    345     12  299.8  337.5  302.1
  912.6    914   19.1   16.2     83  12.84    350      9  300.0  337.8  302.3
  880.8   1219   16.9   15.6     92  12.83      0      5  300.7  338.6  303.0
  869.0   1335   16.0   15.4     96  12.82    299      3  301.0  338.9  303.3
  864.0   1384   15.6   15.0     96  12.56    273      3  301.1  338.2  303.3
  850.0   1523   15.0   14.3     96  12.20    200      1  301.9  338.1  304.1
  819.9   1829   13.6   12.6     94  11.34    165      3  303.5  337.4  305.5
  812.0   1911   13.2   12.2     94  11.11    170      4  303.9  337.2  305.9
  803.0   2005   13.0    8.4     74   8.68    177      4  304.7  331.0  306.3
  798.0   2058   12.8   11.6     92  10.86    180      4  305.0  337.8  307.0
  790.8   2134   12.3   11.6     96  10.96    185      5  305.2  338.3  307.2
  790.0   2143   12.2   11.6     96  10.98    185      5  305.2  338.4  307.2
  777.0   2282   11.8    9.3     85   9.55    190      6  306.2  335.3  308.0
  770.0   2358   11.6    3.6     58   6.48    192      6  306.8  326.9  308.0
  764.0   2424   11.2    4.2     62   6.81    195      7  307.1  328.1  308.4
  762.7   2438   11.1    4.8     65   7.12    195      7  307.1  329.1  308.4
  753.0   2545   10.4    9.2     92   9.79    197      8  307.5  337.4  309.3
  735.2   2743    8.9    8.0     94   9.23    200      9  308.0  336.3  309.7
  711.0   3022    6.8    6.3     97   8.49    207      9  308.6  334.8  310.2
  700.0   3150    6.0    5.2     95   7.98    210      9  309.1  333.8  310.6
  677.0   3423    4.4    3.2     92   7.17    215     11  310.3  332.6  311.6
  665.0   3568    3.4   -2.6     65   4.78    218     11  310.7  325.9  311.6
  659.0   3642    3.4   -3.6     60   4.47    220     12  311.5  325.9  312.4
  657.7   3658    3.4   -2.8     64   4.77    220     12  311.8  327.0  312.7
  652.0   3728    3.6    0.8     82   6.26    221     12  312.7  332.6  313.9
  635.0   3942    2.6    1.7     94   6.86    225     12  313.9  335.7  315.2
  610.0   4267    2.1   -9.6     42   3.03    230     13  317.0  327.1  317.6
  607.0   4306    2.0  -11.0     38   2.73    231     13  317.3  326.5  317.9
  597.0   4440    1.2  -11.8     37   2.61    236     12  317.9  326.7  318.4
  595.0   4467    1.2  -32.8      6   0.41    236     12  318.2  319.8  318.3
  588.0   4561    1.2  -31.0      7   0.49    240     12  319.3  321.1  319.4
  565.1   4877   -1.0  -24.8     14   0.91    250     10  320.4  323.7  320.6
  534.0   5326   -4.1  -16.1     39   2.05    250     12  321.9  329.0  322.3
  532.0   5355   -4.5  -15.5     42   2.16    250     12  321.7  329.2  322.2
  527.0   5430   -5.1  -13.1     53   2.66    250     13  321.9  331.0  322.4
  523.2   5486   -5.5  -13.4     53   2.60    250     13  322.1  331.1  322.6
  512.0   5655   -6.5  -14.5     53   2.44    250     15  322.9  331.3  323.3
  504.0   5778   -7.1  -20.1     35   1.55    250     16  323.6  329.1  323.9
  500.0   5840   -7.5  -16.5     49   2.12    250     17  323.8  331.2  324.2
  498.0   5871   -7.7  -19.7     38   1.62    249     17  324.0  329.7  324.3
  493.0   5950   -8.3  -11.4     78   3.26    248     18  324.2  335.3  324.8
  484.0   6093   -9.1  -16.1     57   2.26    245     19  324.9  332.8  325.3
  483.8   6096   -9.1  -16.0     57   2.27    245     19  324.9  332.8  325.4
  471.0   6304  -10.3  -11.8     89   3.31    246     21  325.9  337.3  326.6
  466.0   6386  -10.3  -16.3     61   2.31    247     21  326.9  335.1  327.4
  451.0   6638  -12.3  -18.3     61   2.02    249     23  327.5  334.6  327.9
  448.0   6689  -12.7  -21.7     47   1.51    249     23  327.6  333.1  327.9
  443.0   6775  -13.5  -22.5     47   1.43    250     24  327.6  332.8  327.9
  433.0   6949  -13.1                         251     25  330.3         330.3
  400.0   7550  -16.7                         255     30  333.2         333.2
  396.2   7620  -17.3                         255     30  333.4         333.4
  321.2   9144  -29.7                         245     34  336.8         336.8
  300.0   9640  -33.7                         240     36  337.8         337.8
  250.0  10890  -43.1                         230     46  341.9         341.9
  225.1  11582  -48.6                         230     50  343.9         343.9
  200.0  12360  -54.7                         225     50  346.0         346.0
  185.0  12854  -59.1                         225     48  346.6         346.6
  177.6  13106  -60.4                         225     47  348.6         348.6
  150.0  14150  -65.7                         235     35  356.7         356.7
  124.6  15240  -71.5                         250     29  365.6         365.6
  103.0  16361  -77.5                         250     27  374.6         374.6
  100.0  16530  -77.5                         250     27  377.7         377.7
   70.0  10650  -56.7                         255     15  462.7         462.7
   50.0  21390  -58.9                         255     14  504.2         504.2
   37.3  23242  -55.5                                     557.0         557.0
   31.1  24397  -56.7                                     583.4         583.4


      Station information and sounding indices

                         Station identifier: TNCM
                             Station number: 78866
                           Observation time: 101221/1200
                           Station latitude: 18.03
                          Station longitude: -63.11
                          Station elevation: 4.0
                            Showalter index: 0.20
                               Lifted index: -0.10
    LIFT computed using virtual temperature: -0.46
                                SWEAT index: 190.58
                                    K index: 36.00
                         Cross totals index: 21.80
                      Vertical totals index: 22.50
                        Totals totals index: 44.30
      Convective Available Potential Energy: 47.45
             CAPE using virtual temperature: 77.56
                      Convective Inhibition: -49.36
             CINS using virtual temperature: -32.22
                           Equilibrum Level: 441.70
 Equilibrum Level using virtual temperature: 440.47
                   Level of Free Convection: 741.90
             LFCT using virtual temperature: 805.47
                     Bulk Richardson Number: 1.73
          Bulk Richardson Number using CAPV: 2.82
  Temp [K] of the Lifted Condensation Level: 290.46
Pres [hPa] of the Lifted Condensation Level: 910.87
   Equivalent potential temp [K] of the LCL: 338.71
     Mean mixed layer potential temperature: 298.32
              Mean mixed layer mixing ratio: 13.89
              1000 hPa to 500 hPa thickness: 5722.00
Precipitable water [mm] for entire sounding: 45.28


    78866 TNCM Juliana Airport Observations at 12Z 22 Dec 2010

-----------------------------------------------------------------------------
   PRES   HGHT   TEMP   DWPT   RELH   MIXR   DRCT   SKNT   THTA   THTE   THTV
    hPa     m      C      C      %    g/kg    deg   knot     K      K      K 
-----------------------------------------------------------------------------
 1014.0      4   24.2   20.2     78  14.93     50      6  296.2  339.3  298.8
 1000.0    129   23.4   21.0     86  15.93     40     12  296.6  342.7  299.4
  994.0    182   23.0   21.2     90  16.23     34     15  296.7  343.7  299.5
  980.1    305   22.1   21.3     95  16.53     20     23  297.0  344.9  299.9
  972.0    378   21.6   21.3     98  16.71     21     22  297.1  345.6  300.1
  946.3    610   19.9   19.5     98  15.36     25     18  297.7  342.4  300.4
  933.0    733   19.0   18.6     98  14.68     29     15  298.0  340.8  300.6
  913.5    914   17.8   17.5     98  14.00     35     11  298.6  339.5  301.1
  888.0   1156   16.2   16.1     99  13.14     35      9  299.3  337.9  301.7
  881.5   1219   16.1   15.7     98  12.92     35      9  299.8  337.8  302.1
  879.0   1243   16.0   15.6     97  12.84     35      9  300.0  337.8  302.3
  862.0   1410   16.6   14.8     89  12.43     35      6  302.3  339.3  304.6
  850.6   1524   16.0   14.3     90  12.21     35      5  302.9  339.3  305.1
  850.0   1530   16.0   14.3     90  12.20     35      5  302.9  339.3  305.1
  820.6   1829   14.5   12.8     90  11.47     15      3  304.3  338.8  306.4
  812.0   1919   14.0   12.4     90  11.26      6      3  304.8  338.7  306.8
  791.4   2134   12.2   11.0     92  10.49    345      2  305.1  336.8  307.0
  763.1   2438    9.7    8.9     95   9.48    245      2  305.6  334.3  307.3
  740.0   2695    7.6    7.2     97   8.68    253      6  306.0  332.4  307.6
  737.0   2729    7.4    7.0     97   8.60    255      7  306.1  332.3  307.7
  736.0   2740    7.6    7.2     97   8.73    255      7  306.4  333.1  308.1
  735.7   2743    7.7    7.2     97   8.71    255      7  306.6  333.1  308.2
  725.0   2865   10.0    5.9     76   8.10    254      8  310.4  335.6  311.9
  719.0   2934    9.6    5.0     73   7.66    253      9  310.7  334.6  312.1
  700.0   3156    8.2    3.8     74   7.23    250     11  311.5  334.2  312.9
  658.2   3658    4.7    0.5     74   6.05    235     16  313.1  332.4  314.3
  630.0   4014    2.2   -1.9     74   5.31    247     17  314.2  331.3  315.2
  628.0   4040    2.0   -2.7     71   5.02    247     17  314.3  330.4  315.2
  623.0   4104    1.8   -3.2     69   4.87    250     17  314.8  330.5  315.7
  616.0   4195    2.6  -11.4     35   2.61    253     18  316.7  325.5  317.2
  612.0   4248    2.8  -11.2     35   2.67    254     18  317.5  326.5  318.0
  610.5   4267    2.7  -11.2     35   2.68    255     18  317.6  326.6  318.1
  587.7   4572    0.5  -11.1     41   2.79    260     19  318.5  327.9  319.0
  572.0   4789   -1.1  -11.1     47   2.88    260     18  319.1  328.9  319.7
  565.7   4877   -1.0  -15.0     34   2.12    260     18  320.3  327.6  320.7
  561.0   4943   -0.9  -17.9     26   1.68    259     18  321.1  327.0  321.5
  557.0   5000   -0.9  -17.9     26   1.69    259     18  321.8  327.7  322.1
  500.0   5850   -5.9  -21.9     27   1.33    250     16  325.8  330.6  326.0
  495.0   5929   -6.1  -22.1     27   1.32    248     16  326.5  331.3  326.7
  484.5   6096   -7.5  -23.2     27   1.22    245     17  326.7  331.2  327.0
  466.0   6401  -10.1  -25.2     28   1.06    240     21  327.1  331.1  327.4
  462.0   6468  -10.7  -25.7     28   1.03    241     21  327.2  331.0  327.4
  400.0   7570  -16.7  -31.7     26   0.68    250     28  333.2  335.8  333.3
  397.3   7620  -17.0  -31.9     26   0.67    250     29  333.4  336.1  333.6
  365.0   8253  -20.7  -33.7     30   0.61    250     31  336.7  339.1  336.8
  322.7   9144  -28.5  -40.2     31   0.36    250     34  338.0  339.4  338.1
  300.0   9670  -33.1  -44.1     32   0.26    255     38  338.6  339.7  338.7
  296.4   9754  -33.8  -44.6     33   0.25    255     37  338.8  339.9  338.9
  250.0  10920  -43.1  -51.1     41   0.14    240     49  341.9  342.5  341.9
  205.8  12192  -53.0  -60.2     42   0.06    225     55  345.8  346.0  345.8
  200.0  12380  -54.5  -61.5     42   0.05    225     54  346.3  346.5  346.3
  173.0  13291  -62.5  -69.5     38   0.02    233     50  347.8  347.8  347.8
  150.0  14160  -67.1  -74.1     37   0.01    240     46  354.3  354.4  354.3
  124.7  15240  -72.8  -79.3     37   0.01    245     37  363.2  363.2  363.2
  105.0  16244  -78.1  -84.1     38   0.00    245     34  371.4  371.4  371.4
  100.0  16520  -79.9  -85.9     37   0.00    245     33  373.1  373.1  373.1
   94.1  16864  -80.9  -86.9     36   0.00    250     34  377.7  377.7  377.7
   76.7  18016  -80.7  -86.7     36   0.00    257     32  400.8  400.8  400.8
   70.5  18499  -74.9  -80.9     39   0.01    260     31  423.0  423.0  423.0
   70.0  18540  -74.9  -80.9     39   0.01    260     31  423.8  423.9  423.8
   64.7  18997  -75.1  -81.1     39   0.01    263     30  433.0  433.1  433.0
   63.3  19124  -75.5  -80.2     48   0.01    263     30  434.9  434.9  434.9
   42.8  21482  -59.5  -66.5     40   0.12    276     27  525.7  526.5  525.7
   41.9  21615  -58.7  -65.7     40   0.13    277     26  530.9  531.8  530.9
   20.0  26330  -52.5  -60.5     37   0.55    302     19  674.7  679.6  675.0
   17.5  27198  -49.7  -58.7     34   0.79    306     18  709.9  717.2  710.2
   11.3  30063  -49.5  -59.5     30   1.11    321     14  805.1  816.8  805.6
   10.0  30870  -46.1  -56.1     31   1.92    325     13  846.4  867.4  847.3
    8.0  32379  -39.1  -50.1     30   4.93                929.9  988.3  932.6
    7.5  32822  -39.5  -50.5     30   5.02                945.6 1006.3  948.4


      Station information and sounding indices

                         Station identifier: TNCM
                             Station number: 78866
                           Observation time: 101222/1200
                           Station latitude: 18.03
                          Station longitude: -63.11
                          Station elevation: 4.0
                            Showalter index: 1.29
                               Lifted index: -0.43
    LIFT computed using virtual temperature: -1.04
                                SWEAT index: 197.59
                                    K index: 31.80
                         Cross totals index: 20.20
                      Vertical totals index: 21.90
                        Totals totals index: 42.10
      Convective Available Potential Energy: 304.21
             CAPE using virtual temperature: 438.73
                      Convective Inhibition: -0.50
             CINS using virtual temperature: -0.41
                           Equilibrum Level: 245.70
 Equilibrum Level using virtual temperature: 245.05
                   Level of Free Convection: 947.23
             LFCT using virtual temperature: 949.19
                     Bulk Richardson Number: 6.88
          Bulk Richardson Number using CAPV: 9.92
  Temp [K] of the Lifted Condensation Level: 293.75
Pres [hPa] of the Lifted Condensation Level: 964.20
   Equivalent potential temp [K] of the LCL: 343.53
     Mean mixed layer potential temperature: 296.84
              Mean mixed layer mixing ratio: 16.13
              1000 hPa to 500 hPa thickness: 5721.00
Precipitable water [mm] for entire sounding: 48.95

Description of the data columns
<http://weather.uwyo.edu/upperair/columns.html> or sounding indices
<http://weather.uwyo.edu/upperair/indices.html>.

------------------------------------------------------------------------
/Interested in graduate studies in atmospheric science? Check out our
program at the University of Wyoming
<http://www.uwyo.edu/atsc/howtoapply/>/
------------------------------------------------------------------------
Questions about the weather data provided by this site can be addressed
to Larry Oolman (ldoolman@uwyo.edu) <mailto:ldoolman@uwyo.edu>
------------------------------------------------------------------------
