
    78866 TNCM Juliana Airport Observations at 12Z 05 Jun 2010

-----------------------------------------------------------------------------
   PRES   HGHT   TEMP   DWPT   RELH   MIXR   DRCT   SKNT   THTA   THTE   THTV
    hPa     m      C      C      %    g/kg    deg   knot     K      K      K 
-----------------------------------------------------------------------------
 1017.0      4   27.6   22.6     74  17.31    100      5  299.3  350.1  302.4
 1000.0    156   26.2   21.2     74  16.13     95      6  299.4  346.6  302.2
  983.2    305   25.1   20.9     77  16.05     90      8  299.7  346.8  302.6
  967.0    450   24.0   20.5     81  15.97     76      8  300.0  346.9  302.9
  957.0    541   22.6   21.8     95  17.52     67      9  299.5  350.9  302.6
  949.4    610   22.1   21.1     94  16.95     60      9  299.7  349.4  302.7
  925.0    836   20.6   19.0     91  15.19     70      9  300.4  345.1  303.1
  921.0    874   20.2   18.8     92  15.06     72      8  300.3  344.7  303.0
  916.7    914   20.1   18.1     88  14.51     75      7  300.6  343.4  303.2
  884.9   1219   19.4   13.2     67  10.90     45      7  303.0  335.6  304.9
  850.0   1566   18.6    7.6     49   7.76     45      7  305.6  329.3  307.1
  824.4   1829   17.6    5.7     46   7.02     40      5  307.2  328.9  308.5
  820.0   1874   17.4    5.4     45   6.90     41      5  307.5  328.9  308.8
  795.4   2134   15.7    3.7     45   6.30     50      5  308.3  327.9  309.5
  789.0   2203   15.2    3.2     45   6.14     52      5  308.6  327.7  309.7
  780.0   2301   14.2    6.2     59   7.68     55      4  308.5  332.2  309.9
  771.0   2399   14.0    0.0     38   4.99     59      4  309.3  325.1  310.2
  767.4   2438   13.8   -0.1     39   4.97     60      4  309.4  325.2  310.4
  740.0   2743   11.8   -0.9     41   4.85     80      4  310.5  326.0  311.4
  700.0   3208    8.8   -2.2     46   4.67    100      6  312.2  327.2  313.1
  697.0   3244    8.6   -2.4     46   4.62    100      6  312.4  327.2  313.2
  687.0   3363    8.0   -8.0     31   3.06    102      6  313.0  323.1  313.6
  682.0   3423    7.6   -1.4     53   5.09    102      6  313.2  329.5  314.2
  662.8   3658    6.3   -4.4     46   4.18    105      7  314.3  327.9  315.1
  659.0   3705    6.0   -5.0     45   4.02    105      7  314.5  327.6  315.2
  642.0   3919    4.4   -0.6     70   5.74    105      6  315.0  333.4  316.1
  638.6   3962    4.1   -1.7     66   5.33    105      6  315.1  332.4  316.2
  633.0   4033    3.6   -3.4     60   4.73    146      5  315.4  330.7  316.3
  632.0   4046    3.4   -4.6     56   4.32    153      5  315.3  329.4  316.1
  626.0   4124    3.4    0.1     79   6.20    197      3  316.1  336.1  317.3
  614.9   4267    2.6   -1.2     76   5.75    280      1  316.9  335.5  318.0
  591.8   4572    0.9   -3.9     70   4.88    310      4  318.4  334.4  319.4
  569.6   4877   -0.7   -6.6     64   4.12    305      7  320.0  333.7  320.8
  527.8   5486   -4.0  -12.0     54   2.90    285     13  323.0  333.0  323.6
  508.0   5791   -5.7  -14.7     49   2.42    282     13  324.6  333.0  325.0
  395.0   7719  -17.5  -32.0     27   0.66    262     15  333.4  335.9  333.5
  390.0   7814  -17.9  -32.9     26   0.62    261     15  334.0  336.4  334.2
  387.0   7872  -18.3  -31.3     31   0.73    261     15  334.3  337.1  334.4
  384.2   7925  -18.6  -34.9     22   0.51    260     15  334.5  336.5  334.6
  382.0   7968  -18.9  -37.9     17   0.38    261     15  334.7  336.2  334.8
  374.0   8126  -20.3  -27.3     54   1.10    267     15  334.9  339.0  335.1
  363.0   8346  -22.1  -27.1     64   1.15    274     16  335.4  339.7  335.6
  344.0   8739  -24.7  -35.7     35   0.53    287     17  337.0  339.1  337.1
  339.3   8839  -25.4  -34.8     41   0.59    290     17  337.4  339.7  337.5
  330.0   9040  -26.9  -32.9     57   0.73    290     19  338.0  340.9  338.2
  325.2   9144  -27.7  -34.0     55   0.67    290     20  338.3  340.9  338.5
  300.0   9720  -32.1  -40.1     45   0.39    290     25  340.0  341.6  340.1
  293.0   9886  -33.5  -41.5     44   0.34    288     25  340.3  341.7  340.4
  276.0  10303  -37.3  -42.3     60   0.34    283     26  340.7  342.1  340.8
  252.0  10926  -41.3  -53.3     26   0.11    276     27  343.7  344.2  343.8
  250.0  10980  -41.5  -53.5     26   0.11    275     27  344.2  344.7  344.2
  217.8  11887  -49.3  -60.0     27   0.05    265     25  346.0  346.3  346.0
  200.0  12450  -54.1  -64.1     28   0.03    280     25  346.9  347.1  346.9
  191.0  12743  -56.7  -65.7     31   0.03                347.4  347.5  347.4


      Station information and sounding indices

                         Station identifier: TNCM
                             Station number: 78866
                           Observation time: 100605/1200
                           Station latitude: 18.03
                          Station longitude: -63.11
                          Station elevation: 4.0
                            Showalter index: 5.20
                               Lifted index: -2.42
    LIFT computed using virtual temperature: -2.99
                                SWEAT index: 118.47
                                    K index: 21.64
                         Cross totals index: 14.04
                      Vertical totals index: 25.04
                        Totals totals index: 39.09
      Convective Available Potential Energy: 691.72
             CAPE using virtual temperature: 841.61
                      Convective Inhibition: -66.87
             CINS using virtual temperature: -17.48
                           Equilibrum Level: 204.89
 Equilibrum Level using virtual temperature: 204.05
                   Level of Free Convection: 742.35
             LFCT using virtual temperature: 798.86
                     Bulk Richardson Number: 207.68
          Bulk Richardson Number using CAPV: 252.68
  Temp [K] of the Lifted Condensation Level: 293.29
Pres [hPa] of the Lifted Condensation Level: 928.46
   Equivalent potential temp [K] of the LCL: 347.31
     Mean mixed layer potential temperature: 299.59
              Mean mixed layer mixing ratio: 16.29
              1000 hPa to 500 hPa thickness: 5756.61
Precipitable water [mm] for entire sounding: 44.19


    78866 TNCM Juliana Airport Observations at 12Z 07 Jun 2010

-----------------------------------------------------------------------------
   PRES   HGHT   TEMP   DWPT   RELH   MIXR   DRCT   SKNT   THTA   THTE   THTV
    hPa     m      C      C      %    g/kg    deg   knot     K      K      K 
-----------------------------------------------------------------------------
 1016.0      4   28.6   23.6     74  18.44    150      8  300.4  354.7  303.7
 1013.0     31   29.2   24.2     74  19.20    150      8  301.2  358.0  304.7
 1007.0     87   29.2   24.2     74  19.31    149      8  301.8  359.0  305.2
  983.4    305   27.6   22.6     74  17.92    145      9  302.2  355.4  305.4
  951.3    610   25.3   20.4     74  16.12    140     11  302.8  350.7  305.7
  925.0    868   23.4   18.5     74  14.71    135     12  303.2  347.1  305.9
  920.0    914   23.1   18.2     74  14.48    135     12  303.4  346.6  306.0
  887.2   1219   20.8   16.0     74  13.02    130     14  304.2  343.2  306.6
  862.0   1462   19.0   14.2     74  11.95    127     13  304.8  340.8  307.0
  850.0   1579   18.2   13.4     74  11.49    125     13  305.2  339.9  307.3
  826.0   1822   16.6   11.6     72  10.49    120     10  306.0  337.8  307.9
  825.3   1829   16.6   11.7     73  10.54    120     10  306.0  338.0  308.0
  796.0   2134   14.3   13.9     98  12.71    130      6  306.8  345.3  309.1
  795.0   2145   14.2   14.0     99  12.80    130      6  306.8  345.6  309.2
  794.0   2156   14.2   14.0     99  12.82    131      6  306.9  345.8  309.3
  791.0   2187   14.2   10.4     78  10.11    132      6  307.3  338.1  309.1
  772.0   2391   13.6    7.6     67   8.55    138      6  308.8  335.1  310.4
  767.7   2438   13.3    7.4     67   8.49    140      6  308.9  335.1  310.5
  740.0   2743   11.3    6.2     71   8.08    135      9  310.0  335.1  311.6
  730.0   2857   10.6    5.7     72   7.93    135      8  310.4  335.1  311.9
  713.3   3048    9.7    3.7     66   7.02    135      6  311.5  333.6  312.9
  700.0   3203    9.0    2.0     62   6.36    150      4  312.4  332.5  313.6
  697.0   3239    9.0    2.0     62   6.38    153      4  312.8  333.0  314.0
  692.0   3298    9.0   -2.0     46   4.80    158      4  313.4  328.9  314.4
  662.4   3658    7.3   -3.7     46   4.41    190      3  315.4  329.8  316.3
  651.0   3801    6.6   -4.4     45   4.26    210      3  316.2  330.2  317.1
  650.0   3814    6.6   -3.4     49   4.60    212      3  316.4  331.4  317.3
  630.0   4069    4.4   -1.6     65   5.43    247      4  316.7  334.3  317.8
  615.0   4265    3.2   -4.8     56   4.38    275      4  317.5  331.9  318.4
  614.8   4267    3.2   -4.8     56   4.38    275      4  317.5  331.9  318.4
  597.0   4504    1.2   -2.8     75   5.24    283      5  317.9  335.0  318.9
  595.0   4531    1.0   -3.1     74   5.14    284      5  318.0  334.8  319.0
  592.0   4572    0.9   -5.2     64   4.43    285      5  318.3  332.9  319.2
  589.0   4613    0.8   -7.2     55   3.80    284      5  318.7  331.3  319.4
  577.0   4778    0.0   -8.0     55   3.65    278      6  319.6  331.8  320.3
  569.9   4877   -0.6   -7.5     59   3.82    275      7  320.1  332.8  320.8
  552.0   5131   -2.1   -6.4     72   4.32    268      8  321.2  335.6  322.0
  535.0   5379   -3.1  -10.1     58   3.33    261      9  322.9  334.2  323.5
  500.0   5910   -6.9  -10.2     77   3.54    245     11  324.6  336.6  325.3
  499.0   5926   -7.1  -10.4     77   3.49    245     11  324.5  336.4  325.2
  488.2   6096   -8.1  -11.5     76   3.26    240     14  325.4  336.6  326.0
  477.0   6277   -9.1  -12.7     75   3.04    240     16  326.2  336.7  326.8
  469.4   6401   -9.5  -14.8     66   2.61    240     18  327.2  336.3  327.7
  466.0   6458   -9.7  -15.7     62   2.43    240     18  327.7  336.2  328.2
  460.0   6558  -10.5  -17.5     56   2.12    240     19  327.9  335.4  328.3
  400.0   7620  -18.1  -22.1     71   1.64    240     24  331.4  337.3  331.7
  368.0   8230  -22.5  -26.1     72   1.24    240     21  333.5  338.1  333.8
  338.6   8839  -26.9  -30.1     74   0.93    260     22  335.6  339.1  335.7
  336.0   8896  -27.3  -30.5     74   0.90    259     22  335.7  339.2  335.9
  324.5   9144  -29.2  -32.8     71   0.75    255     21  336.5  339.4  336.6
  300.0   9700  -33.5  -38.1     63   0.48    255     21  338.0  340.0  338.1
  285.0  10058  -36.1  -41.4     59   0.36    245     18  339.3  340.7  339.3
  267.0  10512  -39.5  -45.5     53   0.25    252     26  340.7  341.8  340.8
  250.0  10960  -43.5  -49.5     51   0.17    260     34  341.3  342.0  341.3
  238.2  11278  -46.2  -52.2     50   0.13    260     36  341.9  342.5  341.9
  207.0  12200  -54.1  -60.1     48   0.06    276     34  343.5  343.8  343.6
  200.0  12420  -55.1  -61.1     47   0.05    280     34  345.4  345.6  345.4
  179.1  13106  -59.3  -65.7     43   0.03    295     26  349.5  349.7  349.5
  150.0  14210  -66.1  -73.1     37   0.01    245     18  356.0  356.1  356.0
  147.2  14326  -66.8  -73.8     37   0.01    245     19  356.8  356.8  356.8
  142.0  14541  -68.1  -75.1     36   0.01    249     25  358.1  358.2  358.1
  140.0  14627  -68.5  -75.5     36   0.01    250     28  358.9  358.9  358.9
  132.9  14935  -69.1  -75.9     36   0.01    265     33  363.2  363.3  363.2
  126.3  15240  -69.6  -76.4     37   0.01    265     33  367.6  367.6  367.6
  120.0  15545  -70.2  -76.8     37   0.01    270     30  372.0  372.1  372.0
  110.0  16065  -71.1  -77.5     38   0.01    253     26  379.6  379.7  379.6
  100.0  16630  -71.3  -78.3     35   0.01    235     21  389.7  389.8  389.7
   92.8  17069  -70.5  -77.3     37   0.01    230     22  399.5  399.6  399.5
   88.2  17374  -70.0  -76.6     38   0.01     60     24  406.5  406.6  406.5
   75.6  18288  -68.5  -74.4     42   0.02     80     27  428.1  428.2  428.1
   70.0  18740  -67.7  -73.4     44   0.03     95     28  439.2  439.4  439.2
   68.2  18898  -67.2  -73.0     43   0.03    100     29  443.7  443.8  443.7
   56.5  20037  -63.3  -70.4     38   0.05     97     33  476.9  477.3  477.0
   50.5  20726  -60.9  -68.8     34   0.07     95     36  498.0  498.5  498.0
   50.0  20790  -60.7  -68.7     34   0.07     90     36  500.0  500.5  500.0
   42.8  21762  -60.1  -68.1     34   0.09                524.2  524.9  524.2
   30.0  24020  -53.5  -70.4     11   0.10                598.2  599.0  598.2
   22.2  25961  -51.3  -72.3      6   0.10                658.5  659.4  658.5
   20.0  26640  -49.5                                     683.9         683.9
   17.7  27444  -47.3                                     715.1         715.1


      Station information and sounding indices

                         Station identifier: TNCM
                             Station number: 78866
                           Observation time: 100607/1200
                           Station latitude: 18.03
                          Station longitude: -63.11
                          Station elevation: 4.0
                            Showalter index: 0.05
                               Lifted index: -5.84
    LIFT computed using virtual temperature: -6.44
                                SWEAT index: 197.79
                                    K index: 31.50
                         Cross totals index: 20.30
                      Vertical totals index: 25.10
                        Totals totals index: 45.40
      Convective Available Potential Energy: 2695.45
             CAPE using virtual temperature: 2913.82
                      Convective Inhibition: -21.49
             CINS using virtual temperature: -8.66
                           Equilibrum Level: 151.57
 Equilibrum Level using virtual temperature: 151.48
                   Level of Free Convection: 876.69
             LFCT using virtual temperature: 900.11
                     Bulk Richardson Number: 1335.88
          Bulk Richardson Number using CAPV: 1444.10
  Temp [K] of the Lifted Condensation Level: 294.88
Pres [hPa] of the Lifted Condensation Level: 919.98
   Equivalent potential temp [K] of the LCL: 355.82
     Mean mixed layer potential temperature: 302.00
              Mean mixed layer mixing ratio: 18.19
              1000 hPa to 500 hPa thickness: 5759.12
Precipitable water [mm] for entire sounding: 52.80


    78866 TNCM Juliana Airport Observations at 12Z 08 Jun 2010

-----------------------------------------------------------------------------
   PRES   HGHT   TEMP   DWPT   RELH   MIXR   DRCT   SKNT   THTA   THTE   THTV
    hPa     m      C      C      %    g/kg    deg   knot     K      K      K 
-----------------------------------------------------------------------------
 1017.0      4   29.2   24.2     74  19.12    130      7  300.9  357.4  304.3
 1000.0    155   27.2   24.0     83  19.21    125      9  300.4  357.0  303.8
  983.1    305   26.0   23.6     87  19.06    125     11  300.6  356.8  304.0
  949.6    610   23.4   22.8     96  18.76    120     13  301.0  356.4  304.4
  939.0    709   22.6   22.5     99  18.67    118     13  301.1  356.3  304.5
  933.0    765   21.6   20.6     94  16.67    117     13  300.6  349.8  303.6
  925.0    840   21.8   19.7     88  15.88    115     13  301.6  348.6  304.5
  917.2    914   21.3   19.0     87  15.30    115     13  301.8  347.1  304.6
  909.0    993   20.8   18.2     85  14.69    115     13  302.1  345.6  304.7
  885.7   1219   19.6   16.9     84  13.82    115     13  303.0  344.2  305.6
  850.0   1577   17.6   14.7     83  12.52    120     13  304.6  342.2  306.9
  829.0   1791   16.4   14.6     89  12.76    116     13  305.5  343.9  307.8
  825.3   1829   16.3   13.3     82  11.79    115     13  305.8  341.4  308.0
  819.0   1894   16.2   11.2     72  10.30    114     13  306.3  337.6  308.2
  813.0   1957   15.4   15.0     97  13.37    113     13  306.1  346.5  308.6
  796.2   2134   14.9   11.3     79  10.64    110     13  307.5  339.9  309.4
  791.0   2189   14.8   10.1     73   9.90    110     13  307.9  338.2  309.7
  768.0   2438   13.3    9.6     78   9.85    110     13  308.9  339.2  310.8
  760.0   2526   12.8    9.4     80   9.83    109     13  309.3  339.5  311.1
  740.6   2743   12.0    5.4     64   7.65    105     13  310.7  334.6  312.1
  732.0   2841   11.6    3.6     58   6.81    102     13  311.3  332.7  312.6
  717.0   3014   10.4    7.2     81   8.96     96     13  311.8  339.8  313.5
  706.0   3142   10.0    3.0     62   6.77     92     13  312.8  334.2  314.0
  700.0   3213    9.8    3.8     66   7.23     90     13  313.3  336.2  314.7
  672.0   3551    7.4    2.5     71   6.87     82     11  314.3  336.1  315.6
  669.0   3588    7.4   -0.6     57   5.51     82     11  314.7  332.4  315.7
  663.3   3658    6.8    0.7     65   6.12     80     11  314.8  334.4  316.0
  663.0   3662    6.8    0.8     66   6.15     80     11  314.8  334.5  316.0
  655.0   3761    6.8   -5.2     42   3.98     93     10  315.9  329.0  316.7
  650.0   3824    6.6   -4.4     45   4.27    100     10  316.4  330.4  317.2
  642.0   3926    5.8   -2.2     56   5.10    113      9  316.6  333.2  317.6
  631.0   4067    4.8   -6.2     45   3.83    130      8  317.0  329.7  317.8
  616.0   4262    3.4   -3.6     60   4.78    154      6  317.6  333.3  318.5
  615.6   4267    3.4   -3.6     60   4.78    155      6  317.6  333.3  318.5
  598.0   4502    1.6   -4.4     64   4.64    165      7  318.2  333.5  319.1
  584.0   4692    1.2  -10.8     40   2.89    172      8  319.9  329.7  320.5
  570.6   4877   -0.2  -11.8     41   2.73    180      9  320.4  329.7  320.9
  553.0   5128   -2.1  -13.1     43   2.53    172      8  321.0  329.7  321.5
  545.0   5243   -2.5  -22.5     20   1.16    168      8  321.9  326.1  322.1
  532.0   5434   -4.1  -15.1     42   2.24    162      8  322.2  329.9  322.6
  531.0   5449   -4.1  -12.1     54   2.86    161      8  322.4  332.2  322.9
  508.3   5791   -6.3  -17.9     39   1.85    150      7  323.8  330.3  324.2
  500.0   5920   -7.1  -20.1     35   1.56    180      5  324.3  329.9  324.6
  488.7   6096   -7.9  -21.9     31   1.36    210      6  325.4  330.4  325.7
  478.0   6266   -8.7  -23.7     29   1.19    218      8  326.5  330.9  326.8
  470.0   6396   -9.1  -20.1     41   1.66    225     10  327.6  333.6  327.9
  469.7   6401   -9.1  -20.1     41   1.66    225     10  327.6  333.6  328.0
  451.3   6706  -11.3  -20.3     47   1.70    215     12  328.7  334.8  329.1
  451.0   6710  -11.3  -20.3     47   1.70    215     12  328.8  334.9  329.1
  429.0   7088  -14.1  -25.1     39   1.17    228     15  329.9  334.2  330.1
  400.0   7610  -18.3  -27.3     45   1.02    245     19  331.1  334.9  331.3
  399.5   7620  -18.4  -27.3     46   1.03    245     19  331.1  335.0  331.3
  389.0   7820  -20.1  -27.1     54   1.07    248     18  331.4  335.4  331.6
  385.0   7897  -20.5  -29.5     44   0.87    250     17  331.9  335.1  332.0
  384.0   7916  -20.7  -29.7     44   0.85    250     17  331.9  335.1  332.0
  383.6   7925  -20.7  -29.2     47   0.89    250     17  331.9  335.3  332.1
  380.0   7994  -21.1  -25.3     69   1.29    250     17  332.3  337.1  332.6
  375.0   8093  -21.3  -24.8     73   1.37    251     16  333.3  338.4  333.6
  368.0   8234  -21.7  -28.7     53   0.98    251     16  334.6  338.3  334.8
  367.0   8254  -21.7  -28.7     53   0.98    251     15  334.8  338.6  335.0
  324.7   9144  -28.5  -35.5     51   0.58    255     11  337.4  339.6  337.5
  300.0   9720  -32.9  -39.9     50   0.40    260     11  338.9  340.5  339.0
  250.2  10973  -42.8  -50.8     41   0.14    265     14  342.1  342.8  342.2
  250.0  10980  -42.9  -50.9     41   0.14    265     14  342.1  342.8  342.2
  242.0  11198  -44.7  -52.7     40   0.12    268     15  342.6  343.2  342.7
  218.0  11886  -50.3  -58.3     38   0.07    278     19  344.4  344.7  344.4
  200.0  12440  -55.1  -63.1     36   0.04    285     22  345.4  345.5  345.4
  197.0  12538  -55.9  -63.9     36   0.04    287     22  345.6  345.7  345.6
  180.2  13106  -60.1  -67.5     37   0.02    295     25  347.7  347.8  347.7
  166.0  13630  -63.9  -70.9     38   0.02    289     24  349.5  349.6  349.5
  150.0  14260  -66.5  -73.5     37   0.01    282     22  355.3  355.4  355.3
  129.0  15152  -69.1  -76.1     36   0.01    271     19  366.3  366.4  366.3
  127.1  15240  -69.0  -76.0     36   0.01    270     19  368.0  368.0  368.0
  114.6  15850  -68.7  -75.7     36   0.01    295     14  379.6  379.7  379.6
  106.0  16308  -68.5  -75.5     36   0.01    284      9  388.6  388.7  388.6
  103.3  16459  -69.1  -76.1     36   0.01    280      7  390.3  390.4  390.3
  100.0  16650  -69.9  -76.9     35   0.01                392.4  392.5  392.4
   42.3  21892  -60.1  -67.8     36   0.10                526.0  526.7  526.0
   39.7  22289  -59.1  -67.1     35   0.12                538.1  539.0  538.1


      Station information and sounding indices

                         Station identifier: TNCM
                             Station number: 78866
                           Observation time: 100608/1200
                           Station latitude: 18.03
                          Station longitude: -63.11
                          Station elevation: 4.0
                            Showalter index: -1.09
                               Lifted index: -6.36
    LIFT computed using virtual temperature: -7.31
                                SWEAT index: 207.38
                                    K index: 33.40
                         Cross totals index: 21.80
                      Vertical totals index: 24.70
                        Totals totals index: 46.50
      Convective Available Potential Energy: 2891.22
             CAPE using virtual temperature: 3141.22
                      Convective Inhibition: -1.62
             CINS using virtual temperature: -1.34
                           Equilibrum Level: 147.26
 Equilibrum Level using virtual temperature: 147.20
                   Level of Free Convection: 940.06
             LFCT using virtual temperature: 940.96
                     Bulk Richardson Number: 23796.72
          Bulk Richardson Number using CAPV: 25854.36
  Temp [K] of the Lifted Condensation Level: 296.18
Pres [hPa] of the Lifted Condensation Level: 949.49
   Equivalent potential temp [K] of the LCL: 356.82
     Mean mixed layer potential temperature: 300.60
              Mean mixed layer mixing ratio: 19.08
              1000 hPa to 500 hPa thickness: 5765.00
Precipitable water [mm] for entire sounding: 53.93


    78866 TNCM Juliana Airport Observations at 12Z 09 Jun 2010

-----------------------------------------------------------------------------
   PRES   HGHT   TEMP   DWPT   RELH   MIXR   DRCT   SKNT   THTA   THTE   THTV
    hPa     m      C      C      %    g/kg    deg   knot     K      K      K 
-----------------------------------------------------------------------------
 1017.0      4   28.8   23.8     74  18.65    100     14  300.5  355.5  303.8
 1000.0    157   27.6   23.2     77  18.28     90     14  300.8  354.7  304.0
  985.0    305   26.6   22.1     76  17.30     90     14  301.0  352.1  304.1
  954.6    610   24.5   19.8     75  15.43     95     14  301.6  347.3  304.4
  925.4    914   22.4   17.4     73  13.73     95     14  302.2  343.0  304.7
  925.0    918   22.4   17.4     73  13.70     95     14  302.2  342.9  304.7
  894.4   1219   20.6   15.2     71  12.33    100     14  303.3  340.2  305.6
  850.0   1674   18.0   12.0     68  10.47    100     14  305.0  336.6  306.9
  834.8   1829   17.0   11.2     68  10.09    105     14  305.5  336.1  307.4
  805.8   2134   15.1    9.6     70   9.37    105     15  306.6  335.1  308.3
  777.8   2438   13.2    8.0     71   8.69    100     15  307.6  334.3  309.2
  750.7   2743   11.2    6.3     72   8.05     95     15  308.6  333.5  310.1
  726.0   3031    9.4    4.8     73   7.48     90     15  309.6  332.9  311.0
  706.0   3267    8.0    2.0     66   6.30     86     15  310.6  330.4  311.7
  701.0   3327    7.8    0.8     61   5.82     85     15  311.0  329.3  312.1
  700.0   3339    7.8   -1.2     53   5.03     85     15  311.1  327.1  312.0
  691.0   3441    8.2  -16.8     15   1.49     87     16  312.7  317.8  313.0
  687.0   3487    7.8   -2.2     49   4.76     87     16  312.8  328.1  313.7
  685.0   3509    7.6   -4.4     42   4.05     88     16  312.8  325.9  313.6
  681.0   3556    8.0  -16.0     16   1.62     88     16  313.8  319.3  314.1
  672.2   3658    8.0  -14.8     18   1.82     90     17  314.9  321.1  315.3
  660.0   3802    8.0  -13.0     21   2.14     90     20  316.6  323.9  317.0
  649.0   3934    7.2   -3.8     45   4.47     90     22  317.2  331.9  318.1
  646.7   3962    7.1   -6.2     38   3.74     90     23  317.4  329.8  318.2
  643.0   4007    7.0  -10.0     29   2.79     90     23  317.8  327.2  318.4
  621.7   4267    5.1  -12.2     27   2.43     90     20  318.7  327.0  319.2
  574.6   4877    0.7  -17.2     25   1.73     95     14  320.8  326.8  321.1
  565.0   5007   -0.3  -18.3     24   1.61    111     12  321.2  326.9  321.5
  536.0   5407   -2.9  -14.9     39   2.26    160      6  323.0  330.8  323.4
  532.0   5464   -2.9  -19.9     26   1.49    167      5  323.6  329.0  323.9
  531.0   5478   -3.1  -15.1     39   2.24    169      5  323.6  331.4  324.0
  530.4   5486   -3.1  -15.1     39   2.24    170      5  323.6  331.4  324.1
  525.0   5564   -3.5  -15.5     39   2.19    161      5  324.2  331.8  324.6
  507.0   5826   -5.3  -27.3     16   0.81    132      3  325.2  328.2  325.4
  500.0   5930   -6.1  -21.1     29   1.43    120      3  325.5  330.7  325.8
  489.5   6096   -7.1  -23.4     26   1.19    290      2  326.3  330.6  326.5
  470.7   6401   -8.9  -27.7     20   0.84    180      2  327.7  330.8  327.9
  469.0   6429   -9.1  -28.1     20   0.81    184      2  327.8  330.9  328.0
  467.0   6462   -9.1  -24.1     29   1.17    190      2  328.2  332.5  328.5
  466.0   6478   -9.3  -22.3     34   1.38    193      3  328.2  333.2  328.4
  452.4   6706  -11.1  -22.7     38   1.37    230      4  328.8  333.8  329.0
  446.0   6816  -11.9  -22.9     40   1.37    222      5  329.0  334.0  329.3
  417.6   7315  -15.8  -26.8     38   1.03    185      8  330.3  334.2  330.5
  401.1   7620  -18.1  -29.1     38   0.86    210      8  331.1  334.3  331.2
  400.0   7640  -18.3  -29.3     37   0.85    205      8  331.1  334.3  331.3
  384.9   7925  -20.3  -31.3     37   0.73    195      7  332.1  334.9  332.3
  382.0   7981  -20.7  -31.7     37   0.71    199      7  332.3  335.1  332.5
  369.0   8235  -22.7  -27.7     64   1.07    218      9  333.0  337.0  333.2
  362.0   8375  -23.7  -27.3     72   1.13    228     10  333.5  337.7  333.7
  341.0   8808  -25.9  -34.9     43   0.58    260     13  336.2  338.5  336.4
  339.0   8851  -26.1  -35.1     43   0.57    263     14  336.5  338.8  336.6
  327.0   9109  -28.3  -35.3     51   0.58    282     16  337.0  339.3  337.1
  325.4   9144  -28.5  -35.6     51   0.57    285     16  337.1  339.4  337.2
  300.0   9720  -32.5  -40.5     45   0.37    280     15  339.4  341.0  339.5
  251.3  10973  -42.4  -50.4     41   0.15    235     15  342.4  343.0  342.4
  250.0  11010  -42.7  -50.7     41   0.15    235     16  342.4  343.1  342.5
  200.0  12480  -54.7  -61.7     42   0.05    230     29  346.0  346.2  346.0
  189.6  12802  -57.1  -64.1     41   0.04    225     30  347.5  347.6  347.5
  150.0  14220  -67.5  -74.5     36   0.01    245     33  353.6  353.7  353.6
  147.7  14326  -68.2  -75.2     36   0.01    250     34  353.9  354.0  354.0
  143.0  14546  -69.7  -76.7     35   0.01    250     32  354.6  354.7  354.6
  129.1  15240  -69.5  -76.5     35   0.01    220     29  365.4  365.5  365.4
  100.0  16980  -69.1  -76.1     36   0.01    150     22  394.0  394.0  394.0
   56.7  20389  -66.7  -73.7     37   0.03                468.7  468.9  468.8


      Station information and sounding indices

                         Station identifier: TNCM
                             Station number: 78866
                           Observation time: 100609/1200
                           Station latitude: 18.03
                          Station longitude: -63.11
                          Station elevation: 4.0
                            Showalter index: 2.23
                               Lifted index: -4.00
    LIFT computed using virtual temperature: -4.85
                                SWEAT index: 175.00
                                    K index: 27.10
                         Cross totals index: 18.10
                      Vertical totals index: 24.10
                        Totals totals index: 42.20
      Convective Available Potential Energy: 1876.67
             CAPE using virtual temperature: 2120.97
                      Convective Inhibition: -23.71
             CINS using virtual temperature: -7.38
                           Equilibrum Level: 156.59
 Equilibrum Level using virtual temperature: 156.07
                   Level of Free Convection: 863.69
             LFCT using virtual temperature: 903.59
                     Bulk Richardson Number: 11639.43
          Bulk Richardson Number using CAPV: 13154.59
  Temp [K] of the Lifted Condensation Level: 294.46
Pres [hPa] of the Lifted Condensation Level: 926.82
   Equivalent potential temp [K] of the LCL: 352.72
     Mean mixed layer potential temperature: 300.94
              Mean mixed layer mixing ratio: 17.59
              1000 hPa to 500 hPa thickness: 5773.00
Precipitable water [mm] for entire sounding: 44.34


    78866 TNCM Juliana Airport Observations at 12Z 10 Jun 2010

-----------------------------------------------------------------------------
   PRES   HGHT   TEMP   DWPT   RELH   MIXR   DRCT   SKNT   THTA   THTE   THTV
    hPa     m      C      C      %    g/kg    deg   knot     K      K      K 
-----------------------------------------------------------------------------
 1017.0      4   28.2   23.3     75  18.08    100     10  299.9  353.1  303.1
 1000.0    163   26.6   23.1     81  18.17     95     13  299.8  353.1  303.0
  998.0    181   26.6   23.2     82  18.32     93     14  299.9  353.8  303.2
  984.0    304   25.2   22.8     87  18.13     80     18  299.7  353.0  303.0
  983.9    305   25.2   22.8     87  18.13     80     18  299.7  353.0  303.0
  980.0    340   25.2   23.1     88  18.55     80     18  300.1  354.6  303.4
  950.0    610   23.3   21.1     88  16.90     80     22  300.8  350.6  303.8
  925.0    842   21.6   19.4     87  15.58     85     25  301.4  347.5  304.2
  917.4    914   21.1   18.9     87  15.19     90     26  301.6  346.5  304.3
  905.0   1032   20.2   18.0     87  14.57     96     24  301.8  345.0  304.5
  902.0   1061   20.2   18.0     87  14.62     97     23  302.1  345.5  304.8
  885.7   1219   19.5   15.2     76  12.44    105     20  303.0  340.1  305.3
  854.9   1524   18.2    9.9     58   9.02    115     14  304.7  332.0  306.4
  850.0   1574   18.0    9.0     56   8.54    115     15  305.0  330.9  306.6
  826.0   1818   16.6    3.6     42   6.03    110     13  306.0  324.7  307.1
  825.0   1829   16.6    3.6     42   6.04    110     13  306.1  324.8  307.2
  823.0   1849   16.6    3.6     42   6.06    109     13  306.3  325.1  307.4
  795.6   2134   14.6    2.9     45   5.97    100     14  307.2  325.7  308.3
  767.4   2438   12.4    2.2     50   5.88     90     10  308.0  326.4  309.1
  744.0   2699   10.6    1.6     54   5.81     64     14  308.8  327.0  309.9
  740.1   2743   10.3    0.9     52   5.56     60     15  309.0  326.4  310.0
  716.0   3017    8.8   -3.2     43   4.24     56     18  310.2  323.7  311.0
  713.4   3048    8.6   -2.9     44   4.34     55     18  310.3  324.2  311.1
  710.0   3087    8.4   -2.6     46   4.47     57     19  310.5  324.8  311.3
  706.0   3134    8.2   -0.8     53   5.14     60     19  310.8  327.1  311.7
  702.0   3180    8.2   -2.8     46   4.46     63     20  311.3  325.6  312.1
  700.0   3204    8.4  -11.6     23   2.26     65     20  311.8  319.3  312.2
  699.0   3216    8.6  -27.4      6   0.58     65     20  312.1  314.2  312.2
  695.0   3263    9.0  -40.0      2   0.17     67     21  313.1  313.7  313.1
  692.0   3299    9.2  -18.8     12   1.26     68     21  313.7  318.0  313.9
  679.0   3456    8.2   -1.8     49   4.96     73     22  314.3  330.3  315.2
  662.5   3658    7.4   -5.2     40   3.94     80     24  315.6  328.5  316.3
  638.5   3962    6.2  -10.3     29   2.74     90     23  317.6  326.8  318.1
  630.0   4072    5.8  -12.2     26   2.39     88     22  318.3  326.4  318.8
  629.0   4085    5.6  -12.4     26   2.36     88     22  318.2  326.3  318.7
  615.0   4267    4.3  -11.9     30   2.50     85     20  318.8  327.3  319.3
  575.0   4812    0.4  -10.6     43   2.98     81     18  320.4  330.5  321.0
  570.4   4877    0.1  -11.5     41   2.79     80     18  320.8  330.2  321.3
  552.0   5139   -1.3  -15.3     34   2.12     71     17  322.1  329.5  322.6
  549.0   5182   -1.7  -22.7     18   1.13     70     17  322.2  326.2  322.4
  537.0   5357   -3.1  -17.1     33   1.87     64     16  322.6  329.1  322.9
  536.0   5372   -3.1  -16.1     36   2.04     64     16  322.7  329.8  323.1
  528.3   5486   -3.6  -20.5     26   1.42     60     15  323.5  328.6  323.8
  513.0   5718   -4.5  -29.5     12   0.65     65     14  325.1  327.5  325.2
  500.0   5920   -5.7  -29.7     13   0.66     70     14  326.0  328.5  326.1
  488.9   6096   -6.6  -29.5     14   0.68     85     11  327.1  329.6  327.2
  480.0   6239   -7.3  -29.3     15   0.71     70     10  327.9  330.6  328.0
  451.8   6706  -11.3  -27.9     24   0.86     20      8  328.5  331.7  328.7
  444.0   6840  -12.5  -27.5     27   0.91                328.7  332.1  328.9


      Station information and sounding indices

                         Station identifier: TNCM
                             Station number: 78866
                           Observation time: 100610/1200
                           Station latitude: 18.03
                          Station longitude: -63.11
                          Station elevation: 4.0
                            Showalter index: 5.18
                               Lifted index: -3.78
    LIFT computed using virtual temperature: -4.77
                                SWEAT index: 152.00
                                    K index: 12.70
                         Cross totals index: 14.70
                      Vertical totals index: 23.70
                        Totals totals index: 38.40
      Convective Available Potential Energy: 539.09
             CAPE using virtual temperature: 777.73
                      Convective Inhibition: -6.95
             CINS using virtual temperature: -3.97
                   Level of Free Convection: 917.47
             LFCT using virtual temperature: 928.63
                     Bulk Richardson Number: 1706.25
          Bulk Richardson Number using CAPV: 2461.58
  Temp [K] of the Lifted Condensation Level: 295.32
Pres [hPa] of the Lifted Condensation Level: 946.71
   Equivalent potential temp [K] of the LCL: 353.26
     Mean mixed layer potential temperature: 299.99
              Mean mixed layer mixing ratio: 18.14
              1000 hPa to 500 hPa thickness: 5757.00
Precipitable water [mm] for entire sounding: 40.32


    78866 TNCM Juliana Airport Observations at 12Z 17 Jun 2010

-----------------------------------------------------------------------------
   PRES   HGHT   TEMP   DWPT   RELH   MIXR   DRCT   SKNT   THTA   THTE   THTV
    hPa     m      C      C      %    g/kg    deg   knot     K      K      K 
-----------------------------------------------------------------------------
 1016.0      4   28.2   23.3     75  18.10    110     11  300.0  353.2  303.2
 1001.0    146   26.6   18.6     61  13.66    110     19  299.7  339.8  302.1
 1000.0    155   26.2   18.2     61  13.33    110     20  299.4  338.5  301.7
  996.0    191   26.0   18.0     61  13.21    109     22  299.5  338.3  301.9
  962.0    497   21.8   16.8     73  12.67    103     39  298.2  335.3  300.5
  925.0    838   16.6   10.6     68   8.75     95     59  296.3  321.9  297.8
  862.0   1423    8.2    2.2     66   5.23     95     53  293.5  309.0  294.5
  850.0   1537    8.2    2.2     66   5.30     95     52  294.7  310.5  295.7
  700.0   3135    6.0   -1.0     61   5.11     95     35  309.1  325.2  310.1
  669.0   3505    5.8   -1.2     61   5.27     95     31  312.9  329.7  313.9
  648.0   3765    5.6   -4.4     49   4.28     95     28  315.5  329.5  316.4
  609.2   4267    3.3   -2.6     65   5.22     95     23  318.5  335.6  319.5
  601.0   4377    2.8   -2.2     70   5.45     97     19  319.2  337.0  320.2
  586.6   4572    1.9   -5.9     56   4.21    100     12  320.4  334.4  321.2
  581.0   4650    1.6   -7.4     51   3.79    103     12  320.9  333.6  321.6
  564.6   4877    0.2   -9.0     50   3.45    110     11  321.9  333.5  322.5
  543.3   5182   -1.7  -11.1     49   3.03    110     10  323.2  333.5  323.8
  503.1   5791   -5.4  -15.4     45   2.31     75      6  325.8  333.9  326.3
  500.0   5840   -5.7  -15.7     45   2.26     85      6  326.0  334.0  326.5
  499.0   5856   -5.9  -15.9     45   2.23     87      6  326.0  333.8  326.4
  498.0   5871   -5.9  -15.9     45   2.23     89      6  326.1  334.0  326.6
  483.8   6096   -7.5  -16.0     50   2.27    115     10  326.9  334.9  327.4
  459.0   6505  -10.3  -16.3     61   2.35    146      9  328.4  336.6  328.8
  439.0   6847  -13.1  -24.1     39   1.25    172      8  329.0  333.6  329.3
  429.7   7010  -14.2  -18.8     68   2.02    185      8  329.6  336.9  330.1
  427.0   7058  -14.5  -17.3     79   2.32    186      8  329.8  338.1  330.3
  419.0   7201  -15.7  -17.1     89   2.40    190      7  330.1  338.6  330.6
  400.0   7550  -17.9  -19.0     91   2.14    200      5  331.6  339.3  332.1
  396.2   7620  -18.4  -19.5     91   2.08    210      5  331.9  339.4  332.3
  365.0   8225  -22.5  -23.6     91   1.57    230     12  334.3  340.1  334.6
  360.0   8326  -23.1  -23.8     94   1.56    233     13  334.8  340.6  335.1
  345.0   8635  -24.7  -26.0     89   1.34    243     17  336.7  341.8  337.0
  335.3   8839  -26.5  -33.1     54   0.71    250     19  337.0  339.8  337.2
  331.0   8933  -27.3  -36.3     42   0.52    252     23  337.2  339.2  337.3
  321.4   9144  -28.7  -35.1     54   0.61    255     33  338.1  340.5  338.2
  320.0   9174  -28.9  -34.9     56   0.62    255     33  338.2  340.7  338.4
  307.8   9449  -30.8  -39.9     41   0.39    255     38  339.3  340.9  339.4
  300.0   9630  -32.1  -43.1     33   0.28    255     35  340.0  341.2  340.1
  296.0   9725  -32.7  -43.7     33   0.27    256     33  340.5  341.6  340.5
  282.2  10058  -35.3  -46.0     33   0.22    260     28  341.4  342.4  341.5
  250.0  10900  -41.9  -51.9     33   0.13    270     33  343.6  344.2  343.7
  200.0  12390  -53.3  -62.3     33   0.04    270     48  348.2  348.4  348.2
  196.6  12497  -54.2  -63.1     33   0.04    275     48  348.5  348.7  348.5
  171.0  13371  -61.3  -69.3     34   0.02    275     41  350.9  351.0  350.9
  169.9  13411  -61.5  -69.5     34   0.02    275     41  351.3  351.4  351.3
  150.0  14170  -64.7  -72.7     32   0.01    285     21  358.4  358.5  358.4
  136.0  14763  -68.1  -75.1     36   0.01    335      7  362.6  362.6  362.6
  132.1  14935  -68.6  -75.6     36   0.01    350      3  364.7  364.8  364.8
  125.5  15240  -69.4  -76.4     36   0.01    120      8  368.6  368.6  368.6
  115.0  15762  -70.9  -77.9     35   0.01    205     13  375.2  375.2  375.2
  107.6  16154  -70.4  -77.4     35   0.01    220     10  383.3  383.3  383.3
  103.0  16415  -70.1  -77.1     35   0.01    208      6  388.7  388.8  388.7
  100.0  16590  -70.9  -77.9     35   0.01    200      3  390.5  390.5  390.5
   75.7  18288  -71.1  -78.1     35   0.01    135     30  422.6  422.6  422.6
   70.0  18760  -71.1  -78.1     35   0.01    115     38  431.9  432.0  431.9
   65.0  19202  -69.0  -76.4     34   0.02    100     45  445.6  445.8  445.6
   58.1  19876  -65.9  -73.9     32   0.03                467.3  467.5  467.3


      Station information and sounding indices

                         Station identifier: TNCM
                             Station number: 78866
                           Observation time: 100617/1200
                           Station latitude: 18.03
                          Station longitude: -63.11
                          Station elevation: 4.0
                            Showalter index: 16.37
                               Lifted index: 1.48
    LIFT computed using virtual temperature: 1.12
                                SWEAT index: 135.82
                                    K index: 9.10
                         Cross totals index: 7.90
                      Vertical totals index: 13.90
                        Totals totals index: 21.80
      Convective Available Potential Energy: 373.33
             CAPE using virtual temperature: 469.45
                      Convective Inhibition: 0.00
             CINS using virtual temperature: 0.00
                           Equilibrum Level: 674.83
 Equilibrum Level using virtual temperature: 664.14
                   Level of Free Convection: 897.28
             LFCT using virtual temperature: 897.28
                     Bulk Richardson Number: 31.82
          Bulk Richardson Number using CAPV: 40.02
  Temp [K] of the Lifted Condensation Level: 290.04
Pres [hPa] of the Lifted Condensation Level: 897.28
   Equivalent potential temp [K] of the LCL: 339.24
     Mean mixed layer potential temperature: 299.17
              Mean mixed layer mixing ratio: 13.78
              1000 hPa to 500 hPa thickness: 5685.00
Precipitable water [mm] for entire sounding: 36.72


    78866 TNCM Juliana Airport Observations at 00Z 18 Jun 2010

-----------------------------------------------------------------------------
   PRES   HGHT   TEMP   DWPT   RELH   MIXR   DRCT   SKNT   THTA   THTE   THTV
    hPa     m      C      C      %    g/kg    deg   knot     K      K      K 
-----------------------------------------------------------------------------
 1015.0      4   28.8   24.0     75  18.92     80     14  300.7  356.5  304.1
 1000.0    135   28.0   24.8     83  20.19     80     15  301.1  360.9  304.8
  981.0    305   26.5   24.2     87  19.86     75     19  301.3  360.1  304.8
  958.0    515   24.6   23.5     94  19.46     75     23  301.4  359.0  304.9
  947.7    610   23.9   22.9     94  18.90     75     25  301.7  357.7  305.1
  925.0    823   22.4   21.4     94  17.69     70     24  302.2  354.7  305.4
  915.4    914   21.9   20.5     92  16.92     70     24  302.6  352.8  305.6
  883.9   1219   20.1   17.6     86  14.53     65     23  303.7  347.1  306.4
  883.0   1228   20.0   17.5     86  14.46     65     23  303.8  347.0  306.4
  850.0   1557   19.0   15.0     78  12.77     65     21  306.0  344.6  308.4
  823.5   1829   17.1   13.8     81  12.19     65     20  306.8  343.7  309.0
  817.0   1897   16.6   13.5     82  12.04     65     20  307.0  343.5  309.2
  794.6   2134   15.8    8.7     63   8.98     65     20  308.6  336.2  310.2
  773.0   2368   15.0    4.0     48   6.64     57     19  310.1  330.9  311.4
  766.7   2438   14.7    3.7     48   6.55     55     19  310.6  331.1  311.8
  756.0   2557   14.2    3.2     48   6.41     49     19  311.3  331.5  312.5
  744.0   2692   13.0    5.0     58   7.40     43     18  311.4  334.6  312.8
  739.5   2743   12.8    3.3     52   6.60     40     18  311.7  332.5  312.9
  735.0   2794   12.6    1.6     47   5.88     41     18  312.0  330.7  313.1
  727.0   2886   12.2  -11.8     18   2.14     43     17  312.6  319.7  313.0
  718.0   2990   11.8   -2.2     38   4.55     45     17  313.2  327.9  314.1
  700.0   3202   10.2   -3.8     37   4.14     50     16  313.8  327.2  314.5
  697.0   3238   10.0   -7.0     30   3.26     50     16  313.9  324.6  314.5
  664.0   3638    7.0   -2.0     53   5.00     45     15  314.9  331.1  315.9
  662.4   3658    7.0   -2.9     50   4.71     45     15  315.1  330.3  316.0
  658.0   3713    6.8   -5.2     42   3.97     48     15  315.5  328.5  316.3
  646.0   3864    5.8   -3.2     52   4.70     55     14  316.0  331.3  316.9
  635.0   4004    4.8  -12.2     28   2.37     62     14  316.5  324.5  316.9
  632.0   4042    4.6   -4.4     52   4.39     64     14  316.7  331.0  317.5
  621.0   4185    3.6   -1.4     70   5.59     71     13  317.1  335.2  318.2
  614.8   4267    2.9   -1.9     71   5.44     75     13  317.2  334.9  318.3
  610.0   4330    2.4   -2.3     71   5.33     76     13  317.4  334.7  318.4
  603.0   4423    1.8   -7.2     51   3.71     76     12  317.7  330.0  318.4
  588.0   4626    0.6   -1.6     85   5.82     78     12  318.6  337.5  319.7
  584.0   4681    0.2   -2.7     81   5.40     78     12  318.8  336.4  319.8
  571.0   4861   -0.9   -5.1     73   4.61     80     11  319.5  334.7  320.4
  569.9   4877   -1.0   -6.3     67   4.22     80     11  319.6  333.6  320.4
  565.0   4945   -1.3  -11.3     47   2.87     88     11  320.0  329.7  320.6
  558.0   5044   -1.7   -7.7     64   3.86     99     10  320.7  333.6  321.4
  553.0   5116   -1.9  -10.9     50   3.03    107     10  321.3  331.6  321.9
  538.0   5334   -3.1  -11.1     54   3.06    132     10  322.4  332.8  323.0
  534.0   5393   -3.5  -15.5     39   2.15    139      9  322.6  330.1  323.0
  530.0   5453   -3.7  -11.7     54   2.96    146      9  323.0  333.2  323.6
  527.8   5486   -3.9  -12.2     52   2.85    150      9  323.2  332.9  323.7
  508.0   5786   -5.9  -16.9     42   2.01    143      8  324.3  331.4  324.7
  500.0   5910   -6.5  -11.5     68   3.19    140      8  325.1  336.0  325.7
  498.0   5941   -6.9  -11.2     71   3.28    139      8  324.9  336.2  325.6
  492.0   6036   -7.5  -13.5     62   2.76    137      7  325.3  334.9  325.9
  488.2   6096   -7.9  -20.5     36   1.54    135      6  325.6  331.1  325.9
  488.0   6099   -7.9  -20.9     34   1.49    135      6  325.6  330.9  325.9
  469.3   6401   -9.6  -22.6     34   1.33    175      4  327.1  332.0  327.4
  462.0   6523  -10.3  -23.3     34   1.27    190      5  327.7  332.4  328.0
  459.0   6573  -10.7  -33.7     13   0.49    196      6  327.9  329.7  327.9
  441.0   6879  -11.5  -57.5      1   0.04    234      9  330.6  330.8  330.6
  433.5   7010  -12.3  -54.2      2   0.06    250     11  331.2  331.4  331.2
  430.0   7072  -12.7  -52.7      2   0.07    249     11  331.5  331.8  331.5
  427.0   7126  -12.9  -27.9     27   0.91    249     12  331.9  335.3  332.1
  423.0   7197  -13.3  -34.3     15   0.50    248     12  332.3  334.2  332.4
  402.0   7582  -15.9  -33.9     20   0.54    245     15  333.8  335.9  333.9
  400.0   7620  -16.1  -28.1     35   0.95    245     15  334.0  337.6  334.2
  394.0   7734  -16.7  -26.7     42   1.10    248     15  334.6  338.8  334.9
  384.0   7926  -18.3  -35.3     21   0.50    253     16  335.0  337.0  335.1
  380.0   8004  -18.9  -25.9     54   1.23    255     16  335.2  339.8  335.5
  377.0   8063  -19.3  -25.3     59   1.31    257     16  335.4  340.3  335.7
  367.0   8262  -20.9  -28.9     49   0.96    262     17  335.9  339.6  336.1
  364.0   8322  -21.3  -33.3     33   0.64    264     17  336.2  338.6  336.3
  356.0   8486  -22.7  -27.4     65   1.14    269     18  336.4  340.7  336.6
  353.6   8534  -22.9  -29.2     57   0.97    270     18  336.7  340.4  336.9
  345.0   8715  -23.9  -35.9     32   0.52    271     20  337.8  339.9  337.9
  332.0   8994  -26.1  -33.1     52   0.71    274     24  338.5  341.3  338.7
  325.2   9144  -26.8  -44.7     17   0.22    275     26  339.6  340.5  339.7
  322.0   9214  -27.1  -50.1      9   0.12    274     27  340.1  340.6  340.1
  300.0   9720  -30.5  -44.5     24   0.24    270     34  342.3  343.3  342.3
  298.6   9754  -30.8  -44.7     24   0.24    270     35  342.4  343.4  342.4
  250.0  11000  -40.3  -51.3     30   0.14    263     41  346.0  346.6  346.0
  200.0  12470  -52.5  -61.5     33   0.05    255     48  349.5  349.7  349.5
  199.2  12497  -52.7  -61.6     33   0.05    255     47  349.6  349.8  349.6
  189.9  12802  -55.1  -62.2     41   0.05    255     50  350.5  350.7  350.5
  184.0  13005  -56.7  -62.7     47   0.05    255     47  351.1  351.3  351.1
  162.0  13800  -63.7  -70.7     38   0.02    255     34  352.3  352.4  352.3
  160.0  13876  -64.1  -71.1     38   0.02    255     33  352.9  353.0  352.9
  150.0  14270  -66.3  -74.3     32   0.01    255     26  355.7  355.7  355.7
  141.2  14630  -67.3  -75.1     32   0.01    240     14  360.2  360.3  360.2
  127.5  15240  -68.9  -76.4     33   0.01    210     22  368.0  368.0  368.0
  104.0  16450  -72.1  -79.1     34   0.01    273     14  383.8  383.9  383.8
  100.0  16680  -72.9  -79.9     34   0.01    285     12  386.6  386.7  386.6


      Station information and sounding indices

                         Station identifier: TNCM
                             Station number: 78866
                           Observation time: 100618/0000
                           Station latitude: 18.03
                          Station longitude: -63.11
                          Station elevation: 4.0
                            Showalter index: -1.45
                               Lifted index: -6.63
    LIFT computed using virtual temperature: -7.40
                                SWEAT index: 230.00
                                    K index: 26.50
                         Cross totals index: 21.50
                      Vertical totals index: 25.50
                        Totals totals index: 47.00
      Convective Available Potential Energy: 2793.58
             CAPE using virtual temperature: 3094.15
                      Convective Inhibition: -1.97
             CINS using virtual temperature: -1.13
                           Equilibrum Level: 142.69
 Equilibrum Level using virtual temperature: 142.67
                   Level of Free Convection: 934.67
             LFCT using virtual temperature: 940.50
                     Bulk Richardson Number: 1998.71
          Bulk Richardson Number using CAPV: 2213.75
  Temp [K] of the Lifted Condensation Level: 296.73
Pres [hPa] of the Lifted Condensation Level: 949.36
   Equivalent potential temp [K] of the LCL: 359.57
     Mean mixed layer potential temperature: 301.18
              Mean mixed layer mixing ratio: 19.76
              1000 hPa to 500 hPa thickness: 5775.00
Precipitable water [mm] for entire sounding: 51.32


    78866 TNCM Juliana Airport Observations at 12Z 18 Jun 2010

-----------------------------------------------------------------------------
   PRES   HGHT   TEMP   DWPT   RELH   MIXR   DRCT   SKNT   THTA   THTE   THTV
    hPa     m      C      C      %    g/kg    deg   knot     K      K      K 
-----------------------------------------------------------------------------
 1015.0      4   27.8   23.8     79  18.69    110      8  299.7  354.6  303.0
 1000.0    135   26.8   22.8     79  17.83    100     12  299.9  352.4  303.1
  980.8    305   25.2   21.3     79  16.58     75     20  300.1  348.8  303.0
  944.0    640   22.2   18.4     79  14.32     69     20  300.2  342.4  302.8
  925.0    816   21.4                          66     20  301.2         301.2
  850.0   1551   17.8                          52     20  304.8         304.8
  700.0   3194    9.8                          20     20  313.3         313.3
  636.0   3984    5.8                           5     20  317.4         317.4
  500.0   5910   -6.3                         326     21  325.3         325.3
  464.0   6490  -10.1                         314     21  327.6         327.6
  462.0   6523  -10.3                         313     21  327.7         327.7
  452.0   6692  -11.5                         310     21  328.3         328.3
  424.0   7180  -14.1                         299     21  331.0         331.0
  400.0   7620  -16.5                         290     21  333.5         333.5
  353.7   8534  -21.6                         270     21  338.5         338.5
  343.0   8763  -22.9                         266     22  339.7         339.7
  339.4   8839  -23.6                         265     22  339.9         339.9
  325.4   9144  -26.1                         265     22  340.4         340.4
  300.0   9730  -31.1                         270     26  341.4         341.4
  250.0  11000  -40.5                         265     24  345.7         345.7
  241.0  11249  -42.5                                     346.4         346.4


      Station information and sounding indices

                         Station identifier: TNCM
                             Station number: 78866
                           Observation time: 100618/1200
                           Station latitude: 18.03
                          Station longitude: -63.11
                          Station elevation: 4.0
                               Lifted index: -3.15
    LIFT computed using virtual temperature: -4.15
                      Vertical totals index: 24.10
      Convective Available Potential Energy: 710.45
             CAPE using virtual temperature: 1128.43
                      Convective Inhibition: -19.60
             CINS using virtual temperature: 0.00
                   Level of Free Convection: 809.73
             LFCT using virtual temperature: 1.18
                     Bulk Richardson Number: 26.20
          Bulk Richardson Number using CAPV: 41.61
  Temp [K] of the Lifted Condensation Level: 293.97
Pres [hPa] of the Lifted Condensation Level: 931.51
   Equivalent potential temp [K] of the LCL: 349.72
     Mean mixed layer potential temperature: 300.00
              Mean mixed layer mixing ratio: 16.97
              1000 hPa to 500 hPa thickness: 5775.00
Precipitable water [mm] for entire sounding: 11.96

Description of the data columns
<http://weather.uwyo.edu/upperair/columns.html> or sounding indices
<http://weather.uwyo.edu/upperair/indices.html>.

------------------------------------------------------------------------
/Interested in graduate studies in atmospheric science? Check out our
program at the University of Wyoming
<http://www.uwyo.edu/atsc/howtoapply/>/
------------------------------------------------------------------------
Questions about the weather data provided by this site can be addressed
to Larry Oolman (ldoolman@uwyo.edu) <mailto:ldoolman@uwyo.edu>
------------------------------------------------------------------------
