nbdates	date	aot_440_daily	angstrom440_870
23	2006-09-14	0.0669897391	0.4126412609
18	2006-09-15	0.3686441111	0.1067477222
38	2006-09-18	0.0986827105	0.5119494737
31	2006-09-19	0.1092899355	0.5006129032
16	2006-09-20	0.1253341250	0.7988840000
36	2006-09-21	0.1409820000	1.2060269444
40	2006-09-22	0.0862501250	0.4254455250
27	2006-09-23	0.0599207407	0.1963055556
33	2006-09-27	0.0804375152	0.5536073030
29	2006-09-29	0.1821583103	0.2567582759
22	2006-09-30	0.1178005909	0.2940325455
20	2007-01-10	0.0640051500	0.3857279500
16	2007-01-11	0.1181853750	0.1133872500
12	2007-03-27	0.0607832500	0.4511193333
14	2007-03-28	0.0584129286	0.5152745714
12	2007-04-04	0.1029749167	1.0130505833
33	2007-04-09	0.0561926061	0.7961602727
19	2007-04-10	0.0693192105	0.5980872632
31	2007-04-12	0.0643805806	0.5481125161
25	2007-04-13	0.0382408400	0.6810404400
17	2007-04-15	0.0879122941	0.3526451765
22	2007-04-16	0.1240582273	0.4716678636
23	2007-04-17	0.1524329565	0.5976597826
29	2007-04-18	0.1821826897	0.4977400000
28	2007-04-19	0.1438564643	0.3925524643
20	2007-04-20	0.3292825000	0.3160507000
26	2007-04-21	0.2084515769	0.2573208462
21	2007-04-22	0.0982428571	0.3797799524
24	2007-04-23	0.1428067500	0.3710538750
15	2007-04-24	0.1382905333	0.3820039333
16	2007-04-25	0.0410981250	0.4107600000
18	2007-04-27	0.0842100556	0.2881051111
22	2007-05-13	0.1899596364	0.1806875909
12	2007-05-14	0.4605271667	0.1327671667
12	2007-05-16	0.3428793333	0.1382576667
17	2007-05-17	0.3977695294	0.1392473529
12	2007-05-23	0.0762232500	0.1168359167
17	2007-06-21	0.4692321176	0.0394258235
31	2007-06-23	0.2348974839	0.1213985484
21	2007-06-24	0.2321268571	0.0813939048
15	2007-06-28	0.1135849333	0.2934268000
14	2007-07-01	0.4726410714	0.0720860000
30	2007-07-02	0.3824577333	0.0838030000
36	2007-07-03	0.0523881667	0.7944679167
29	2007-07-11	0.2273364483	0.1508132759
28	2007-07-12	0.4710045714	0.0868984643
13	2007-07-13	0.5692946923	0.1000841538
16	2007-07-14	0.0699559375	0.1658487500
21	2008-01-14	0.1417306190	0.1033201905
38	2008-02-11	0.0918616316	0.2158177105
16	2008-02-15	0.0774223125	0.0389743750
15	2008-02-16	0.0438427333	0.2526056667
17	2008-02-17	0.0827806471	0.2851061176
16	2008-02-19	0.0934686875	0.1530068125
17	2008-02-20	0.0778580588	-0.0210985882
49	2008-02-22	0.0559001837	0.1432424898
22	2008-02-23	0.0588260000	0.0793265000
34	2008-02-24	0.0484172353	0.0924289118
15	2008-02-25	0.0653948000	0.1322218667
17	2008-03-04	0.0642632941	0.2808634706
37	2008-03-08	0.1029080270	0.4736686757
27	2008-03-09	0.0862092222	0.4552176667
21	2008-03-10	0.0684328571	0.1680738095
15	2008-03-11	0.0761646667	0.2916132667
22	2008-03-12	0.0582402273	0.4241028182
37	2008-03-13	0.0750911892	0.4651834324
14	2008-03-15	0.0945483571	0.5104645000
34	2008-03-16	0.0787962353	0.9357881471
29	2008-03-17	0.0431073448	0.7565546897
15	2008-03-18	0.0610255333	1.1400837333
19	2008-03-22	0.0820318421	0.7131711053
15	2008-03-23	0.0817660000	0.4514182667
57	2008-04-07	0.0665617193	0.3469891228
25	2008-04-08	0.0835260400	0.2178148000
16	2008-04-09	0.0703654375	0.2138843125
44	2008-04-10	0.0509027500	0.6475345000
14	2008-04-15	0.0974517143	0.3590609286
19	2008-04-16	0.0913606316	0.1110613158
29	2008-04-18	0.0835428966	0.2999606552
36	2008-04-19	0.0797271667	0.2389981111
33	2008-04-21	0.2431851515	0.2728052727
48	2008-04-22	0.2191036875	0.2368037708
20	2008-04-23	0.1866840500	0.2265731000
13	2008-04-24	0.1753695385	0.2038267692
13	2008-04-28	0.1656126154	0.3102834615
35	2008-04-29	0.1710449429	0.2800323714
23	2008-04-30	0.1581215217	0.3795577391
12	2008-05-05	0.1035735833	0.4488117500
16	2008-05-07	0.3763748125	0.0778081250
12	2008-05-08	0.5796454167	0.1110532500
16	2008-05-11	0.2366549375	0.2334801250
33	2008-05-12	0.1172874242	0.4317545152
32	2008-05-13	0.1082954375	0.2510264063
41	2008-05-14	0.1418604390	0.2654498537
37	2008-05-15	0.1496020000	0.5422876486
57	2008-05-16	0.0913519649	0.4232083684
53	2008-05-17	0.0976740377	0.3873603774
13	2008-05-18	0.1400040769	0.3217373846
13	2008-05-19	0.1373431538	0.2682273077
26	2008-05-20	0.0870566154	0.5118942308
31	2008-05-21	0.1132681290	0.3827479355
19	2008-05-22	0.0901896316	0.4053924737
20	2008-05-23	0.1048429500	0.4138551500
35	2008-05-24	0.0878947143	0.3109272857
34	2008-05-25	0.0924345000	0.4865248235
25	2008-05-26	0.1333695600	0.3685746000
12	2008-05-28	0.3030660000	0.1222875000
33	2008-05-31	0.1043069091	0.4112137879
15	2008-06-02	0.1258072000	0.1864677333
22	2008-06-03	0.0838457727	0.2427416818
16	2008-06-09	0.1878141875	0.1065505625
26	2008-06-10	0.1322465769	0.2181718846
38	2008-06-11	0.1607787895	0.1773144474
24	2008-06-14	0.2511301250	0.1108675000
42	2008-06-15	0.2266714048	0.1365026905
18	2008-06-16	0.2450493333	0.1353916667
26	2008-06-17	0.1557323077	0.1024326538
32	2008-06-18	0.3549232813	0.0977901875
12	2008-06-26	0.3378470000	0.0579953333
19	2008-07-01	0.3201575263	0.1283044737
24	2008-07-04	0.1471903333	0.1893901667
12	2008-07-05	0.1576340000	0.1093840000
15	2008-07-06	0.2855515333	0.0203553333
12	2008-07-08	0.1108977500	0.1140025000
14	2008-07-09	0.1510732143	0.2571343571
25	2008-07-10	0.3594348800	0.0713625600
16	2008-07-11	0.4313146250	0.1335558750
14	2008-07-12	0.2201763571	0.1779505000
14	2008-07-17	0.1766709286	0.0956222857
27	2008-07-18	0.3066782593	0.1374684815
38	2008-07-19	0.2694846316	0.1238763421
45	2008-07-20	0.4326363556	0.1117742889
18	2008-07-21	0.5381773889	0.1086982222
20	2008-07-22	0.3246501000	0.1349705000
35	2008-07-23	0.1470369143	0.1957454571
36	2008-07-24	0.0904904444	0.1572725556
21	2008-07-25	0.1995417143	0.1047890000
27	2008-07-26	0.2283751481	0.0566544444
54	2008-07-27	0.1238699074	0.1208817963
42	2008-07-28	0.1135977857	0.0843684524
23	2008-08-02	0.2810239130	0.0451360000
37	2008-08-03	0.2753842973	0.0741210811
40	2008-08-04	0.1981735000	0.1068419500
33	2008-08-06	0.6926456667	0.0389573636
30	2008-08-07	0.1503710667	0.1982035333
40	2008-08-08	0.0920061000	0.1841488250
40	2008-08-09	0.2401902500	0.0931113000
33	2008-08-10	0.3604025758	0.0843572424
14	2008-08-11	0.3054706429	0.1255243571
16	2009-03-14	0.0996793125	0.2797858750
32	2009-03-16	0.0528915313	0.5440127813
32	2009-03-17	0.1035425313	0.3965952813
27	2009-03-18	0.0780676667	0.4111822963
24	2009-03-19	0.0666732083	0.4617756250
41	2009-03-20	0.0726131220	0.4950363171
15	2009-03-23	0.0778058000	0.6680784667
12	2009-03-27	0.1367723333	0.3893582500
13	2009-03-28	0.1365297692	0.2464503846
12	2009-04-01	0.0826271667	0.4716513333
14	2009-04-02	0.0609265714	0.5850252857
15	2009-04-03	0.0571146000	0.5301102667
32	2009-04-05	0.0783315000	0.9618923125
13	2009-04-06	0.0715329231	0.9471513077
22	2009-04-07	0.0704360909	0.9619909091
28	2009-04-08	0.1088177143	0.8691160357
15	2009-04-10	0.1139286000	0.4231434667
15	2009-04-11	0.0827868000	0.5646896000
19	2009-04-12	0.0911735789	0.3807697895
13	2009-04-13	0.1004356923	0.3489776154
42	2009-04-14	0.0951735476	0.5580890238
23	2009-04-15	0.0813606957	0.4339136522
22	2009-04-16	0.0943638182	0.3599988636
23	2009-04-17	0.0783977391	0.4634542174
17	2009-04-18	0.1054131176	0.5305991765
12	2009-04-27	0.0751024167	0.4333310833
13	2009-04-29	0.1209203077	0.1590841538
13	2009-05-11	0.0832310769	0.3635268462
18	2009-05-15	0.1213972222	0.2270766111
14	2009-05-21	0.1349717857	0.3479852857
24	2009-05-24	0.1489759167	0.3535154167
14	2009-05-25	0.1625989286	0.3135609286
14	2009-05-26	0.3331757857	0.2241560000
15	2009-05-27	0.4286304000	0.1907714667
22	2009-05-28	0.3899756818	0.1749455000
30	2009-05-31	0.0786455333	0.5353004333
14	2009-06-01	0.1431335000	0.2624636429
12	2009-06-03	0.1470930000	0.3720941667
23	2009-06-05	0.0840228696	0.4336888696
31	2009-06-08	0.4380548065	0.1340972581
13	2009-06-09	0.3565944615	0.1947972308
42	2009-06-10	0.1931892143	0.2334595714
25	2009-06-12	0.1263626800	0.2610000800
12	2009-06-13	0.2114929167	0.0633181667
32	2009-06-14	0.1840258125	0.1652060938
15	2009-06-15	0.1514004000	0.2928740667
18	2009-06-19	0.1275055000	0.1923322778
18	2009-06-22	0.0933145000	0.3823584444
18	2009-06-26	0.6973175000	0.0682815000
33	2009-06-27	0.4486172424	0.1036424848
42	2009-06-28	0.4372205714	0.1220537381
21	2009-06-29	0.2152731905	0.2009784762
20	2009-06-30	0.0977373000	0.5533250500
24	2009-07-01	0.1687584583	0.2018280833
14	2009-07-06	0.5655870714	0.0763127143
24	2009-07-07	0.1805470000	0.4471987917
39	2009-07-08	0.1352562051	0.5335312564
32	2009-07-09	0.2202751563	0.1952296875
20	2009-07-11	0.3329047000	0.1336806500
25	2009-07-12	0.0976861600	0.6037660000
14	2009-07-13	0.2851916429	0.1057095714
15	2009-07-22	0.5965968667	0.1100476000
12	2009-07-23	0.5047851667	0.0835730000
15	2009-07-24	0.4372901333	0.1434654667
13	2009-07-25	0.2935296923	0.1785186154
16	2009-07-28	0.4017258750	0.1241991250
18	2009-07-29	0.2594205556	0.1764790556
17	2009-07-31	0.3048607059	0.1791799412
16	2009-08-01	0.2511081250	0.1826514375
13	2009-08-02	0.1185497692	0.2094191538
26	2009-08-03	0.1889584615	0.1915193077
30	2009-08-04	0.3416028333	0.1699362000
34	2009-08-05	0.2877029118	0.1664404412
16	2009-09-24	0.0482428750	0.5371695625
35	2010-04-28	0.5325299429	0.1124373143
26	2010-04-29	0.1851645000	0.4648103846
27	2010-05-02	0.0967813704	0.8550462593
12	2010-05-04	0.1393907500	0.6417585833
22	2010-05-05	0.1412555000	0.7320242273
12	2010-05-06	0.0632578333	1.3388951667
24	2010-05-08	0.0830537083	0.7024003333
24	2010-05-09	0.0848048750	0.7019100000
15	2010-05-10	0.0716894667	0.6474826000
18	2010-05-18	0.1532180556	0.6244644444
12	2010-05-19	0.1549084167	0.4888327500
13	2010-05-21	0.1288109231	0.3712315385
21	2010-05-23	0.1944447143	0.3197319048
18	2010-05-25	0.3746784444	0.1805361111
23	2010-05-30	0.1291708696	0.5219686087
33	2010-05-31	0.6289675758	0.1022346667
12	2010-06-01	0.8173007500	0.1210299167
39	2010-06-02	0.8827860513	0.1514933333
35	2010-06-03	0.7722583429	0.1322472286
25	2010-06-05	0.1015221600	0.7552384000
24	2010-06-06	0.0928984583	0.8434555417
35	2010-06-07	0.1315206857	0.4542399143
21	2010-06-08	0.2853264762	0.1449743810
19	2010-06-12	0.1098192632	0.5911155789
53	2010-06-13	0.1118223585	0.5885197925
24	2010-06-14	0.0835360417	1.2292111250
23	2010-06-15	0.0860593043	0.8137416522
12	2010-06-20	0.1262622500	0.4380063333
16	2010-06-22	0.1940391250	0.2124432500
15	2010-06-27	0.2070190000	0.3049135333
36	2010-07-07	0.5182489722	0.1398263889
17	2010-07-08	0.1794224706	0.4261243529
31	2010-07-09	0.2061919032	0.2958408065
14	2010-07-13	0.3235347857	0.0806725714
19	2010-07-14	0.4007911579	0.1388853158
14	2010-07-15	0.2642594286	0.3040342143
28	2010-07-24	0.2845381071	0.2979543571
30	2010-07-25	0.3000370000	0.2920467333
17	2010-07-26	0.2198611765	0.3706587059
27	2010-07-27	0.0739590741	0.9899378889
16	2010-07-29	0.3392486875	0.1561673750
13	2010-07-31	0.2342120000	0.3895181538
22	2010-08-01	0.1040868636	0.6591095909
33	2010-08-05	0.2730720303	0.3357564545
30	2010-08-06	0.4299506000	0.2524862000
18	2010-08-07	0.1211071667	0.4674343333
16	2010-08-08	0.0789091875	0.8346131250
16	2010-08-10	0.1226998750	1.2905315000
26	2010-08-12	0.1917355385	0.5283395385
19	2010-08-13	0.1058597895	0.8850377895
37	2010-08-14	0.0889708108	1.1287226486
25	2010-08-17	0.3824038800	0.2489996000
30	2010-08-18	0.5289409667	0.1442649333
20	2010-08-19	0.4084787000	0.1607012000
14	2010-08-20	0.1852495000	0.4320142857
33	2010-09-02	0.3250937273	0.3103530909
31	2010-09-03	0.5415392258	0.2942128387
19	2010-09-04	0.1251665263	1.1262013158
12	2010-09-05	0.1142650000	1.0088502500
14	2010-09-06	0.1099173571	1.2808920714
16	2010-09-12	0.0940648750	0.8449806875
19	2010-09-14	0.0450150526	1.6730152105
17	2010-09-18	0.3382842353	0.7299772941
13	2010-09-19	0.1059452308	1.3713146154
16	2010-09-21	0.5969241875	0.0802286250
26	2010-09-24	0.1050078462	0.6779966154
27	2010-09-27	0.0663145185	2.5408598889
19	2010-10-10	0.2212400000	0.7602040000
50	2010-10-11	0.2315994000	1.1568029400
30	2010-10-12	0.1002272667	0.6802650667
44	2010-10-13	0.0816590000	0.9075440909
28	2010-10-14	0.0744500000	0.9485048571
17	2010-10-15	0.1000533529	0.8443002353
44	2010-10-16	0.0890607727	0.8207752955
51	2010-10-19	0.0686273725	1.0443204314
49	2010-10-20	0.0593370816	1.3129579796
32	2010-10-21	0.0676074688	2.2176101875
34	2010-10-22	0.0647702941	1.2727962059
23	2010-10-24	0.1056017826	0.8477284348
13	2010-10-25	0.1025907692	0.7280153077
17	2010-10-26	0.0913365882	0.6214934118
17	2010-10-28	0.0585712941	2.9093702941
15	2010-11-05	0.1339483333	0.4270993333
20	2010-11-07	0.0821921500	1.1495230500
20	2010-11-20	0.0934891000	0.9660291000
25	2010-11-24	0.0984384000	0.4641390800
31	2010-11-26	0.0569610000	1.5369210968
38	2010-11-29	0.0723692105	0.9035108421
14	2010-11-30	0.0583377857	0.8372301429
36	2010-12-01	0.0506231389	1.9099284722
27	2010-12-03	0.0734732593	1.4061618519
12	2010-12-04	0.0623998333	1.8252308333
15	2010-12-09	0.1180592667	0.4784748667
27	2010-12-10	0.1009820370	0.5017863704
34	2010-12-13	0.0488625882	2.1629156471
16	2010-12-14	0.0674953125	0.9427825625
20	2010-12-17	0.1021743500	0.9395678000
31	2010-12-19	0.0802146129	0.7257899032
22	2010-12-20	0.0780572727	1.0125601364
15	2010-12-21	0.0742282000	1.3867212667
15	2010-12-24	0.1371493333	1.0849386000
23	2010-12-27	0.1792627826	0.8980410435
17	2010-12-28	0.1124149412	1.2987529412
17	2010-12-29	0.0728670588	1.1390896471
16	2011-01-07	0.2168769375	0.6061754375
13	2011-01-11	0.1211872308	0.2638474615
33	2011-01-14	0.1497580606	0.9319127879
34	2011-01-15	0.0756968529	0.8032569706
31	2011-01-16	0.0608230000	1.2934929677
16	2011-01-17	0.0721868125	0.4414873750
26	2011-01-18	0.0836267308	0.5800923462
13	2011-01-19	0.0454852308	0.9680846923
35	2011-01-21	0.0775467429	0.7042239714
25	2011-01-22	0.0886932800	0.5249403200
21	2011-01-23	0.0833680952	0.6554331429
37	2011-01-27	0.0619052432	0.8204943784
46	2011-01-28	0.0682953043	0.9752288261
36	2011-01-29	0.0575530556	1.0265412222
35	2011-01-30	0.0529304000	1.2018136857
19	2011-01-31	0.0463627368	1.0297996316
27	2011-02-01	0.0557589259	1.8120764815
18	2011-02-05	0.0631956111	0.9833653333
28	2011-02-07	0.1027823929	0.3840193571
16	2011-02-08	0.0666154375	0.9534510625
18	2011-02-09	0.0945285556	0.3950429444
12	2011-02-10	0.0677521667	0.3989540833
12	2011-11-03	0.4011381667	0.1688145000
23	2011-11-04	0.2013688696	0.1781346087
20	2011-11-05	0.1182564500	0.1942482500
38	2011-11-08	0.1393540789	0.3232439474
27	2011-11-11	0.1126378148	0.3284040741
28	2011-11-12	0.1221662500	0.3358087143
30	2011-11-13	0.1247364667	0.4070562000
44	2011-11-14	0.0902681364	0.7583148636
52	2011-11-16	0.0627398269	0.7401892115
22	2011-11-17	0.0802743636	0.5665100909
39	2011-11-20	0.0531741795	1.1085635897
44	2011-11-21	0.0634677273	1.3615332500
41	2011-11-22	0.0646017317	1.2676446341
37	2011-11-23	0.0513984865	1.0235005946
22	2011-11-24	0.0578852273	0.4483483182
21	2011-11-26	0.1038001905	0.2698009524
22	2011-11-30	0.1113395909	1.6325830000
24	2011-12-01	0.1426851667	1.4664553750
12	2011-12-10	0.0566551667	1.2155320833
30	2011-12-11	0.0821415667	1.5403847000
31	2011-12-12	0.0971141935	1.0171269355
21	2011-12-13	0.0792564286	0.7062648571
12	2011-12-14	0.1558695833	1.0518206667
53	2011-12-15	0.0501784906	1.1959896792
13	2011-12-16	0.0828663077	0.4372462308
25	2011-12-17	0.0560570400	0.6305687200
14	2011-12-19	0.0928599286	0.7565582143
18	2011-12-21	0.0920173889	0.4405535000
31	2011-12-23	0.0795309355	0.2895990645
24	2011-12-24	0.1071165417	0.3840698333
23	2011-12-25	0.1143056087	0.5924210870
24	2011-12-26	0.0750833333	0.4975501250
38	2011-12-27	0.0528093947	0.6456586316
26	2011-12-28	0.0639117308	0.4997430000
21	2011-12-29	0.0874188571	0.3002053810
15	2011-12-31	0.1084699333	0.1277773333
20	2012-01-03	0.1308140500	0.0965852000
37	2012-01-04	0.0917022162	0.2036077838
24	2012-01-05	0.0748106667	0.3121152500
51	2012-01-06	0.0711423137	0.3059945098
19	2012-01-07	0.0674606842	0.3627020526
12	2012-01-09	0.0761080000	0.2685283333
27	2012-01-10	0.0664106296	0.4640631852
18	2012-01-11	0.0959241667	1.1861030000
26	2012-01-12	0.0670818846	0.6482271923
13	2012-01-13	0.1041533846	0.3440406154
14	2012-01-15	0.0737859286	0.2512763571
23	2012-01-16	0.0787022609	0.2343360000
43	2012-01-18	0.0659930233	0.5492602791
45	2012-01-19	0.0787816444	0.4372168000
40	2012-01-20	0.0870244250	0.2756783250
32	2012-01-21	0.0738163750	0.4000338750
19	2012-01-22	0.0655825263	0.3788866842
37	2012-01-23	0.0531156757	0.6365054324
47	2012-01-25	0.0474755957	0.8268732766
29	2012-01-26	0.0637054828	0.5825350345
16	2012-01-27	0.0715651875	0.4168530000
33	2012-02-02	0.0978809091	0.2416818182
24	2012-02-04	0.0903667917	0.3276947083
16	2012-02-05	0.0868122500	0.3544850000
43	2012-02-06	0.0848467907	0.2677319535
27	2012-02-09	0.0904625556	0.3925180000
33	2012-02-12	0.0720370000	0.2424635758
35	2012-02-13	0.0503191429	0.4822843714
52	2012-02-14	0.0546263462	0.4686787500
14	2012-02-15	0.0962652857	0.3610816429
31	2012-02-16	0.0887478710	0.3698670968
19	2012-02-17	0.0813912632	0.5008426842
43	2012-02-18	0.0462462093	0.7433071628
43	2012-02-19	0.0535190000	0.6410383023
18	2012-02-21	0.0631097778	0.4652442778
37	2012-02-23	0.0779402162	0.2920812703
13	2012-02-25	0.1170314615	0.3790768462
31	2012-02-26	0.1124279032	0.1552248387
15	2012-03-05	0.1004768000	0.1984500000
17	2012-03-06	0.1599690588	0.0940605882
17	2012-03-07	0.1729202941	0.1552698824
30	2012-03-08	0.1036389667	0.2263401667
35	2012-03-13	0.1013563429	0.7317996286
13	2012-03-14	0.0902045385	0.4089886923
22	2012-04-10	0.0857833636	0.6070218182
12	2012-04-11	0.1021618333	0.4384453333
15	2012-04-12	0.1217634667	0.3802946667
20	2012-04-13	0.1204777500	0.5568481500
19	2012-04-22	0.0963667895	0.5780987895
30	2012-04-23	0.1180715333	0.4312574667
13	2012-04-27	0.0806386154	0.6446393077
21	2012-04-28	0.0864518571	0.3694271429
18	2012-04-30	0.1196756111	0.3774115556
24	2012-05-15	0.1398699167	0.5175785417
15	2012-05-18	0.2324870667	0.3187170000
13	2012-05-20	0.1866546923	0.3229548462
25	2012-05-21	0.2377381600	0.2268286000
25	2012-05-22	0.2103266400	0.2166760800
14	2012-05-23	0.2287218571	0.2291257143
29	2012-05-24	0.1332188276	0.3049984138
29	2012-05-25	0.1534676207	0.3449275862
34	2012-05-27	0.1065330000	0.6417984706
33	2012-05-28	0.1873906364	0.3323218182
38	2012-05-29	0.2324328158	0.1383046316
13	2012-05-30	0.3116354615	0.1397329231
13	2012-06-01	0.4409334615	0.0842831538
20	2012-06-02	0.4130533500	0.1123802500
44	2012-06-03	0.4584889318	0.1567374318
56	2012-06-04	0.3276988214	0.1646953571
35	2012-06-05	0.0953570286	0.2711932286
22	2012-06-07	0.2873090000	0.0595898636
35	2012-06-09	0.1217313714	0.2766925429
25	2012-06-10	0.1665230000	0.0942517600
17	2012-06-12	0.3693060000	0.0644701176
24	2012-06-17	0.5162866667	0.0179082083
22	2012-06-18	0.2608945455	0.0674421364
12	2012-06-19	0.2253115833	0.0406956667
32	2012-06-21	0.4930799688	0.0403618438
40	2012-06-22	0.4456202250	0.0599224750
25	2012-06-23	0.0967768800	0.1946223200
47	2012-06-24	0.1431493830	0.1098574468
26	2012-06-25	0.2278875769	0.0961415769
20	2012-06-26	0.4941088500	0.1726862000
24	2012-06-27	0.5211415417	0.0890012083
30	2012-06-28	0.1752485333	0.1743716333
39	2012-06-29	0.2100028718	0.1316308718
14	2012-06-30	0.1711039286	0.1270411429
12	2012-07-03	0.3255380000	0.0658664167
15	2012-07-05	0.5474586000	0.0938440000
43	2012-07-08	0.0471269070	0.2708686744
30	2012-07-09	0.1862132667	0.1008384667
19	2012-07-10	0.3797505789	0.0544279474
14	2012-07-11	0.3647162143	0.0971552143
13	2012-07-12	0.1319934615	0.2267232308
21	2012-07-13	0.0527752857	0.0338786190
28	2012-07-16	0.4500082500	0.1381830000
15	2012-07-17	0.2632808667	0.1851973333
18	2012-07-22	0.5240697778	0.1272573889
17	2012-07-23	0.3128811176	0.1895730000
40	2012-07-24	0.3690484750	0.1143194000
41	2012-07-25	0.3353435610	0.1637185122
17	2012-07-26	0.3070975882	0.1731615294
33	2012-07-27	0.1487849091	0.2059685455
24	2012-08-01	0.4140731250	0.1154346250
19	2012-08-02	0.2857838947	0.1447618421
15	2012-09-06	0.2866475333	0.2181252667
51	2012-09-07	0.2489450784	0.2841593529
42	2012-09-08	0.2055012857	0.1192497381
23	2012-09-09	0.0956817826	0.2490086522
16	2012-09-10	0.0720448750	0.2807618125
22	2012-09-13	0.0560087273	0.7574335000
41	2012-09-14	0.0325915854	0.9271977561
44	2012-09-15	0.0280740227	0.1456085682
14	2012-09-16	0.0841194286	0.3818580000
15	2012-09-19	0.0757010000	1.0951760667
27	2012-09-20	0.1644941852	0.2724004815
31	2012-09-21	0.1749617742	0.1028679032
23	2012-09-22	0.2681861304	0.2708532174
24	2012-09-27	0.0906636250	0.5684596667
23	2012-09-28	0.0744338261	0.8338501739
38	2012-09-29	0.1032444211	0.9788343947
22	2012-09-30	0.0397925000	0.1511198636
15	2012-10-01	0.0560389333	0.1637219333
22	2012-10-07	0.1971373636	0.3802613182
18	2012-10-20	0.0435979444	0.1783861667
42	2012-10-21	0.0178438095	-0.2809077381
34	2012-10-22	0.0195607353	-0.0264163235
24	2012-10-23	0.0356499583	0.5648922917
37	2012-10-24	0.0281960811	0.1664428919
39	2012-10-25	0.0419833333	0.1726128718
22	2012-10-27	0.0890810909	0.0995017727
37	2012-10-29	0.0564565135	1.1523991081
35	2012-10-30	0.0705162571	0.3224756857
35	2012-10-31	0.1014299429	1.2592129143
40	2012-11-01	0.1506571750	0.0884002500
33	2012-11-02	0.1105481818	0.3339516364
20	2012-11-04	0.0288182000	0.3164199000
41	2012-11-05	0.0343546829	0.3057561220
27	2012-11-06	0.0342195926	0.0793862593
17	2012-11-07	0.0360478824	0.0795125294
41	2012-11-08	0.0394362927	0.3813016098
34	2012-11-09	0.0736813824	0.8198429118
21	2012-11-10	0.0694534286	0.9979760476
33	2012-11-15	0.0506346364	0.2625519697
22	2012-11-16	0.0215806364	0.0007762273
18	2012-11-18	0.0633242778	-0.0848322222
28	2012-11-19	0.0607660357	0.3582387143
33	2012-11-20	0.0453257273	0.0759610303
24	2012-11-21	0.0291932500	0.1842408750
45	2012-11-22	0.0402400889	0.5279933778
16	2012-11-23	0.0473040625	0.5630665625
40	2012-11-24	0.0299506500	0.1976544250
39	2012-11-25	0.0559569744	0.1808462821
27	2012-11-27	0.0515565185	-0.0941216296
27	2012-11-28	0.0395621481	0.0205365926
27	2012-11-29	0.0560892963	0.5602607778
21	2012-11-30	0.1078066190	0.1546540476
21	2012-12-02	0.0841732381	0.3360738571
17	2012-12-03	0.0539585294	1.0203333529
18	2012-12-09	0.0760784444	0.0944911111
15	2012-12-10	0.0847638667	0.0713217333
24	2012-12-11	0.0864324583	-0.0149447083
24	2012-12-12	0.1029354583	-0.0695068750
29	2012-12-14	0.0889005517	-0.0081646552
18	2012-12-16	0.0443477222	0.1797412778
17	2012-12-17	0.0428899412	0.1910520588
30	2012-12-18	0.0543308000	0.2208734333
29	2012-12-19	0.0576413103	0.2061911034
41	2012-12-20	0.0414268049	0.0279009024
39	2012-12-21	0.0447174103	0.2841512564
16	2012-12-25	0.0711420000	0.0133311875
27	2012-12-26	0.1723973704	0.3841357778
38	2012-12-27	0.0822301579	0.2678758421
32	2012-12-29	0.0628507188	-0.1171385000
36	2012-12-30	0.0625417222	-0.1219500833
19	2013-01-01	0.0369949474	-0.0388430526
21	2013-01-02	0.0475324286	0.0305233333
21	2013-01-03	0.0475329048	-0.1210056190
25	2013-01-04	0.1004401600	0.0159619200
17	2013-01-05	0.1047421765	-0.0205127647
30	2013-01-15	0.0356559667	0.1255003333
26	2013-01-16	0.0409410769	0.1276705385
14	2013-01-17	0.0523885000	-0.1531484286
30	2013-01-20	0.0313891000	-0.1918548667
36	2013-01-21	0.0464580278	-0.1032263333
19	2013-01-23	0.1558856842	-0.0077057895
15	2013-01-24	0.0855675333	0.0675791333
23	2013-01-25	0.0425910000	-0.1768418696
27	2013-01-26	0.0860619259	0.1541252593
12	2013-01-28	0.0634292500	0.0524185833
26	2013-01-29	0.0681503462	0.2293978846
34	2013-01-30	0.0421846471	0.0923274706
29	2013-01-31	0.0428637931	-0.1138048966
33	2013-02-01	0.0528315152	0.0169500000
29	2013-02-02	0.0806452414	-0.0040923793
39	2013-02-03	0.0290444103	-0.2068558462
18	2013-02-04	0.0326316111	0.2910421667
21	2013-02-05	0.0431879524	-0.0879975714
34	2013-02-06	0.0376380882	-0.0991351765
32	2013-02-07	0.0972649688	0.0063158125
23	2013-02-08	0.0540150870	-0.0960906522
15	2013-02-09	0.0573366000	0.0916399333
24	2013-02-10	0.0578327500	0.2589238333
18	2013-02-11	0.0392582778	-0.0306437222
19	2013-02-14	0.1004558947	0.2876141053
12	2013-02-15	0.0726577500	0.0507177500
23	2013-02-16	0.0504740870	-0.1608073478
16	2013-02-17	0.0909072500	-0.0665676250
29	2013-02-19	0.1011700690	-0.0271794828
26	2013-02-20	0.1187844231	0.2418803077
23	2013-02-23	0.0384784348	0.1693142174
40	2013-02-24	0.0718777250	0.6755108000
38	2013-02-25	0.0786392368	0.3910245789
45	2013-02-26	0.0588589111	0.0921542222
41	2013-02-27	0.0790011951	0.3620567073
43	2013-02-28	0.0795591395	0.3848576977
41	2013-03-01	0.0583651220	0.6046233171
42	2013-03-03	0.0795673810	0.4512473810
32	2013-03-04	0.0522813125	0.3616179063
14	2013-03-05	0.1168865000	0.6329346429
36	2013-03-06	0.1290164444	0.8085892778
17	2013-03-07	0.1371923529	0.6141932941
19	2013-03-08	0.2234954737	1.2272870000
31	2013-03-09	0.0990756129	0.8530011935
45	2013-03-15	0.0476486444	0.4317882444
19	2013-03-19	0.0631543684	0.2280091053
14	2013-03-20	0.0493219286	0.3630216429
28	2013-03-23	0.0798540357	0.2436312857
15	2013-03-24	0.0704340000	0.6680648000
32	2013-03-26	0.0347177188	0.0695908438
24	2013-03-27	0.0718901667	0.0593470833
36	2013-03-28	0.0583706944	0.1218887500
17	2013-03-29	0.1048834706	0.4479330000
13	2013-03-31	0.1243741538	0.5575706923
20	2013-04-02	0.1030511000	0.0067782500
20	2013-04-03	0.1113725500	0.2444720500
12	2013-04-05	0.0756629167	0.1033477500
21	2013-04-06	0.0497915238	-0.0137688571
13	2013-04-08	0.0526624615	-0.1359466154
17	2013-04-09	0.0585029412	-0.0381958235
27	2013-04-10	0.0639556667	0.2651231111
25	2013-04-11	0.0487908400	0.2186500400
33	2013-04-12	0.0341020606	0.1508054545
12	2013-04-13	0.0636148333	0.0812328333
33	2013-04-14	0.0563686970	0.0690881515
33	2013-04-15	0.0660541212	0.1420990909
12	2013-04-22	0.2087071667	0.3470235000
13	2013-04-23	0.1337478462	0.3671021538
17	2013-04-26	0.0974645882	0.6094368824
29	2013-04-27	0.0356424138	0.6249683793
24	2013-04-29	0.0696280417	0.4982508333
22	2013-05-04	0.2592628182	0.1881833636
33	2013-05-06	0.2407137879	0.5165584242
40	2013-05-07	0.1787391000	0.4944047250
58	2013-05-08	0.1489533103	0.4703363276
26	2013-05-09	0.1818848462	0.3117518846
17	2013-05-11	0.1977767647	0.1962947647
18	2013-05-12	0.1891363889	0.2943413889
16	2013-05-13	0.1540445000	0.2570380000
42	2013-05-16	0.1440744762	0.3104681905
15	2013-05-17	0.1480890667	0.4146038667
16	2013-05-23	0.1292968125	0.2832433125
14	2013-05-26	0.1310035000	0.2896961429
18	2013-05-29	0.2805656667	0.1909717778
20	2013-05-30	0.3783057500	0.0969061000
21	2013-05-31	0.3813623333	0.1096596190
29	2013-06-01	0.2912736207	0.1432433793
30	2013-06-02	0.2874916000	0.1381849333
24	2013-06-04	0.7649556667	0.0649950417
31	2013-06-06	0.1937340645	0.1985023548
14	2013-06-15	0.6754598571	0.0537067143
13	2013-06-16	0.6464968462	0.0877046154
20	2013-06-20	0.4617183500	0.1181958500
21	2013-06-21	0.1012673810	0.3773237619
25	2013-06-22	0.1373722000	0.2021275200
16	2013-06-23	0.2392828750	0.1137594375
22	2013-06-24	0.1918264545	0.1399436364
20	2013-06-27	0.3893632000	0.0948169500
21	2013-06-28	0.3497958095	0.1488877143
12	2013-07-02	0.1205088333	0.3283739167
25	2013-07-03	0.1108397600	0.2469730400
23	2013-07-04	0.4083523913	0.1659667826
13	2013-07-05	0.3062229231	0.2243923077
40	2013-07-06	0.1542874250	0.2602638500
13	2013-07-08	0.3413442308	0.1248010000
16	2013-07-10	0.5742135000	0.1250631250
30	2013-07-11	0.4786106000	0.1719884667
20	2013-07-12	0.3551513500	0.2675399500
22	2013-07-13	0.1947492273	0.3100439545
25	2013-07-14	0.1098358800	0.2901597200
20	2013-07-18	0.3977146500	0.1055523000
22	2013-07-19	0.3224055455	0.1106720455
18	2013-07-20	0.1967698333	0.1793048889
13	2013-07-23	0.4574896154	0.1979479231
23	2013-07-24	0.4271945652	0.2199164348
13	2013-09-07	0.4045694615	0.2290566923
15	2013-09-08	0.5619813333	0.0854539333
28	2013-09-09	0.2970703214	0.2503095714
18	2013-09-10	0.0772317222	0.4790118333
34	2013-09-14	0.0812960294	0.3843761176
21	2013-09-15	0.1454218571	0.1039712857
33	2013-09-20	0.1509092424	0.2431547273
22	2013-09-30	0.3458520909	0.1868276818
18	2013-10-01	0.2351162222	0.2062865556
30	2013-10-02	0.0533403000	0.3663437667
17	2013-10-03	0.1046975882	0.1463744706
38	2013-10-04	0.0473883684	0.2793423421
28	2013-10-11	0.0334106786	0.3482803929
30	2013-10-12	0.0378820667	0.2611772000
21	2013-10-13	0.2336016190	0.0482774762
27	2013-10-14	0.1144307037	0.0905957778
35	2013-10-15	0.0563434571	0.1719438286
22	2013-10-16	0.0595259091	0.2034189091
32	2013-10-17	0.0376475625	0.3792735938
24	2013-10-18	0.0636869167	0.5826603750
12	2013-10-19	0.0539320833	0.3315838333
12	2013-10-24	0.1837306667	0.0810653333
22	2013-10-25	0.2121285455	0.0943969091
20	2013-10-27	0.0887567000	0.0751065000
38	2013-10-29	0.1736346579	0.0933176053
33	2013-11-05	0.0417273636	0.1207690000
23	2013-11-06	0.0334495217	0.2566696522
53	2013-11-08	0.0351478113	0.5278125094
36	2013-11-09	0.0454566111	0.2275367500
28	2013-11-10	0.1548340357	0.2359695000
16	2013-11-12	0.1088935625	-0.0146312500
27	2013-11-13	0.0692635556	-0.0056530000
22	2013-11-14	0.0551920455	0.0569567273
31	2013-11-15	0.0374630323	0.2219683871
28	2013-11-17	0.0550745357	0.9693604286
21	2013-11-18	0.0565216190	1.0030898095
41	2013-11-19	0.1126264878	1.4541997805
24	2013-11-20	0.0691672083	1.2989123333
14	2013-11-21	0.0591607143	0.8514851429
31	2013-11-22	0.0483279032	0.6795460000
23	2013-11-23	0.0513424783	0.7825680435
24	2013-11-24	0.0397811250	0.2678167917
14	2013-11-25	0.0503438571	0.1245167857
16	2013-11-26	0.0759939375	0.1717520625
38	2013-11-27	0.0631048947	0.0777816842
22	2013-11-28	0.0584305000	0.0919898636
22	2013-11-29	0.0649131364	0.1488988182
26	2013-11-30	0.0422663462	0.3345081538
21	2013-12-02	0.0428978571	0.3244348095
20	2013-12-04	0.0405993000	0.4514081000
13	2013-12-05	0.0414574615	0.4701915385
14	2013-12-06	0.0360114286	0.2533220000
22	2013-12-09	0.0925872727	0.0023798182
25	2013-12-10	0.0986328800	0.0086753600
18	2013-12-12	0.1045404444	0.0142022222
17	2013-12-13	0.0865931176	-0.0267489412
28	2013-12-14	0.0955033929	-0.0249596071
24	2013-12-15	0.1244405833	-0.0493193333
21	2013-12-17	0.0924362381	-0.0884421905
19	2013-12-19	0.0905715263	-0.0193274211
17	2013-12-21	0.1022010000	-0.0369457059
18	2013-12-23	0.0706242222	0.0628520000
15	2013-12-27	0.1118370667	0.2393846667
25	2013-12-28	0.0957010800	0.1505400400
14	2013-12-29	0.0762937143	0.0789970714
17	2013-12-30	0.0965108235	0.1744862353
16	2014-01-01	0.0616288750	0.1280076250
30	2014-01-02	0.0700954333	0.0064389333
28	2014-01-03	0.0600300000	0.0441727143
12	2014-01-05	0.0850013333	-0.0336192500
20	2014-01-06	0.0578157500	-0.0186694000
19	2014-01-07	0.0997218421	0.1359097895
18	2014-01-09	0.0909839444	-0.0424453889
17	2014-01-10	0.0929700000	0.0090925294
19	2014-01-11	0.0749917895	0.0042154737
33	2014-01-12	0.0577280606	0.0125337273
13	2014-01-13	0.0541608462	0.0802732308
42	2014-01-14	0.0507404286	0.1567780476
21	2014-01-15	0.0534930476	0.2319119048
30	2014-01-16	0.0493961000	0.1076925667
38	2014-01-17	0.0426066316	0.1628566579
32	2014-01-18	0.2416327500	0.3373198438
16	2014-01-19	0.2870425000	0.3949515625
31	2014-01-20	0.1862977742	0.4167104194
23	2014-01-21	0.0595539130	0.1005973478
24	2014-01-22	0.0777625833	0.0361274167
27	2014-01-23	0.0385075185	0.2009588148
22	2014-01-25	0.0901361818	-0.0033082273
21	2014-01-27	0.0845862381	-0.0634668571
21	2014-01-28	0.0863983333	-0.0861219048
28	2014-01-29	0.0671440714	-0.0307651429
21	2014-01-30	0.0816619048	-0.0816104286
18	2014-01-31	0.0881640556	0.0178992222
29	2014-02-01	0.0602073103	0.0479327931
40	2014-02-02	0.0757883250	0.0110652500
20	2014-02-03	0.0761756500	-0.0237606000
15	2014-02-04	0.0666129333	0.1312226667
30	2014-02-05	0.0535666333	0.0747483667
13	2014-02-06	0.0695680769	0.1378975385
12	2014-02-07	0.0971070000	0.1829476667
19	2014-02-08	0.0881169474	0.0471139474
28	2014-02-10	0.0910478929	0.0308055000
18	2014-02-11	0.0989907222	0.0288452778
13	2014-02-12	0.1452186923	0.0999585385
14	2014-02-13	0.2786764286	0.5514438571
20	2014-02-14	0.1404989000	0.2037115000
32	2014-02-15	0.1419749063	0.0984899375
26	2014-02-16	0.1476338077	0.1122992308
16	2014-02-17	0.0570711250	0.0118175000
15	2014-02-18	0.0633429333	0.0732337333
14	2014-04-28	0.1637090714	0.4732358571
14	2014-04-30	0.4091335714	0.1954748571
45	2014-05-04	0.1428775778	0.3890133778
21	2014-05-05	0.1389044286	0.4501521905
48	2014-05-06	0.1726096042	0.3352308333
12	2014-05-07	0.0902819167	0.4144948333
12	2014-05-08	0.0750505000	0.3817372500
15	2014-05-09	0.0845529333	0.4430510000
20	2014-05-13	0.1155445000	0.5035782500
17	2014-05-14	0.0926891765	0.3810114118
14	2014-05-16	0.1115787857	0.5398417857
12	2014-05-17	0.0729999167	0.4765211667
12	2014-05-18	0.0865916667	0.3746808333
25	2014-05-20	0.2419281600	0.1166731600
28	2014-05-21	0.1857546071	0.1765345000
21	2014-05-22	0.1183333810	0.2327229524
13	2014-05-24	0.1019451538	0.1721203077
24	2014-05-25	0.0885692500	0.1443891667
17	2014-06-02	0.4347942353	0.0848697059
49	2014-06-03	0.4855349184	0.1110148367
15	2014-06-04	0.1894740667	0.1951957333
28	2014-06-06	0.1953972143	0.0881515357
31	2014-06-08	0.3249536452	0.0743086129
21	2014-06-09	0.3228078095	0.0910502857
21	2014-06-11	0.3929870000	0.1369602857
27	2014-06-12	0.2570512593	0.1508444074
36	2014-06-13	0.2213747778	0.1642584444
13	2014-06-14	0.5287447692	0.0922123846
24	2014-06-16	0.6720790000	0.0941705000
12	2014-06-21	0.1558116667	0.1531562500
27	2014-06-23	0.1200593704	0.1519262963
20	2014-06-24	0.1895552000	0.1130600500
12	2014-06-26	0.6161377500	0.1020023333
13	2014-06-27	0.1785484615	0.1486520000
13	2014-06-29	0.5934511538	0.0617703077
18	2014-07-02	0.2098385556	0.1857476667
13	2014-07-03	0.2776634615	0.1146428462
21	2014-07-04	0.3101866667	0.1265059524
21	2014-07-08	0.2387627143	0.1590747619
20	2014-07-09	0.1168611000	0.1079587000
25	2014-07-11	0.5141112800	0.0836962400
13	2014-07-12	0.4283850769	0.1708172308
34	2014-07-13	0.2745233824	0.1916934706
26	2014-07-16	0.1247378846	0.1254832692
35	2014-07-21	0.1125164857	0.2643808571
12	2014-07-22	0.2697725000	0.1078665833
24	2014-07-23	0.3594165000	0.1073689583
30	2014-07-28	0.1880741667	0.1744632000
36	2014-07-29	0.0643876111	0.2602406667
21	2014-07-31	0.1662045238	0.1211139048
20	2014-08-04	0.1459801500	0.1735340000
28	2014-08-06	0.2103742857	0.1085294643
17	2014-08-07	0.1444357059	0.1189455882
13	2014-08-09	0.1284980769	0.1915939231
16	2014-08-10	0.2680000000	0.1107909375
15	2014-08-13	0.2457228000	0.1114653333
21	2014-09-01	0.1145091429	0.1766472381
22	2014-09-02	0.2599461364	0.2157763636
17	2014-09-07	0.1759650000	1.0258274706
36	2014-09-09	0.1787955278	0.2494728889
24	2014-09-10	0.1733160833	0.2520580000
15	2014-09-11	0.4369816000	0.1122392000
22	2014-09-12	0.4418712273	0.1076972727
29	2014-09-14	0.0802288276	0.4081461379
29	2014-09-15	0.0521187931	0.5191758621
15	2014-09-16	0.0767819333	0.7757050667
12	2014-09-22	0.0377243333	0.5013660833
19	2014-09-25	0.0430867368	0.5219334211
20	2014-09-28	0.1605736500	0.6526463500
22	2014-09-30	0.0377512273	0.5569270909
29	2014-10-01	0.0410868621	0.5312025517
33	2014-10-02	0.3916113636	0.1044789091
14	2014-10-03	0.4010279286	0.1011181429
16	2014-10-05	0.2653550625	0.2042422500
16	2014-10-09	0.0981363125	1.0677030625
54	2014-10-14	0.1117132037	0.7447117963
41	2014-10-15	0.0926204878	0.1266189268
15	2014-10-16	0.0862948000	0.3470274000
18	2014-10-18	0.0556687222	1.0815376667
35	2014-10-20	0.0711590000	1.0128529429
21	2014-10-21	0.0598247619	0.8872709048
21	2014-10-22	0.0450185238	0.6449174286
24	2014-10-23	0.0532467500	0.3868293333
25	2014-10-24	0.0901312400	0.2996294800
36	2014-10-25	0.0693127778	0.3563222500
23	2014-10-26	0.0742755652	0.2910308696
16	2014-10-27	0.0848568125	0.3090396875
16	2014-10-30	0.1466454375	0.1442688125
21	2014-10-31	0.1121847143	0.1788876190
16	2014-11-01	0.0518720625	0.2759870000
17	2014-11-02	0.0698000000	0.2145538235
38	2014-11-03	0.0635656842	0.1976977368
21	2014-11-04	0.0669956667	0.2855727143
38	2014-11-05	0.0652541053	0.1814701579
14	2014-11-06	0.1011278571	0.0745665000
17	2014-11-10	0.0863921176	0.1322538235
19	2014-11-11	0.0843241579	0.1642888947
23	2014-11-12	0.0608801739	0.1972258696
23	2014-11-13	0.1009106957	0.2648113913
21	2014-11-14	0.0797412857	0.3858256190
27	2014-11-15	0.0841266296	0.2067998889
15	2014-11-17	0.0687794667	0.1419233333
21	2014-11-18	0.0845458095	0.1702904762
15	2014-11-19	0.0728085333	0.1411488667
18	2014-12-03	0.0373347222	0.6241616667
27	2014-12-06	0.0798008889	1.3960343333
35	2014-12-07	0.0648878571	1.0929912000
52	2014-12-08	0.0842332885	1.2588758654
22	2014-12-09	0.0598534545	0.5549853636
14	2014-12-12	0.0673779286	0.1490576429
19	2014-12-13	0.0686861053	0.2014061053
30	2014-12-14	0.0620509000	0.4619882333
41	2014-12-15	0.0591913415	0.6162443659
50	2014-12-16	0.0469262800	1.0873430800
21	2015-01-05	0.1143360952	0.0574733333
19	2015-01-07	0.1183960000	0.0363699474
25	2015-01-08	0.0779990400	0.0758268400
38	2015-01-09	0.0645690789	0.1801805263
18	2015-01-10	0.1126424444	0.0508272778
29	2015-01-11	0.0897211724	0.0271019310
16	2015-01-12	0.1045890000	0.0077777500
17	2015-01-15	0.1007308824	0.0620364706
14	2015-01-19	0.0796665000	0.2072915714
29	2015-01-20	0.0647227241	0.2616564483
40	2015-01-21	0.0371013500	0.5771607250
38	2015-01-22	0.0761428158	0.1884659737
15	2015-01-23	0.0834968000	0.2423677333
29	2015-01-25	0.0518022414	0.6464943448
23	2015-01-26	0.0664761739	0.1779033913
33	2015-01-27	0.0635907879	0.2075457273
42	2015-01-28	0.0595293333	0.3338945714
54	2015-01-29	0.0502350556	0.2205922407
47	2015-01-30	0.0438848723	0.4552893830
56	2015-01-31	0.0594232143	0.3510414643
14	2015-02-01	0.0534211429	0.5071637143
29	2015-02-02	0.0513845862	0.4234481034
20	2015-02-03	0.1317037500	0.1523109000
19	2015-02-25	0.0619224211	0.3621169474
13	2015-02-26	0.0706349231	0.1431443846
26	2015-02-27	0.0630067692	0.0876170000
19	2015-03-01	0.0951356842	0.0340191053
16	2015-03-04	0.0997799375	0.0665095000
18	2015-03-06	0.1009923333	0.2646294444
15	2015-03-07	0.0771159333	0.1586222667
24	2015-03-10	0.1361053333	0.1865775000
53	2015-03-16	0.1560889811	0.2743958113
24	2015-03-22	0.0539632083	0.6083024167
29	2015-03-23	0.0442946207	0.4979308276
21	2015-03-24	0.0560321429	0.4079171429
31	2015-03-26	0.0705200000	0.4383870645
18	2015-03-27	0.0648472222	0.2458943333
27	2015-03-28	0.0735006667	0.2877968889
22	2015-03-29	0.0835506364	0.2796122727
35	2015-03-30	0.0669232000	0.3652554857
15	2015-04-01	0.0723906000	0.4050442000
12	2015-04-07	0.0660155000	0.4007147500
19	2015-04-12	0.1116555789	0.1238023158
19	2015-04-20	0.1137376842	0.3387876316
42	2015-04-23	0.1036072857	0.2253304286
36	2015-04-25	0.2030678333	0.2385595556
31	2015-04-26	0.1753298065	0.2000490968
24	2015-04-27	0.4275524583	0.2116622917
42	2015-04-28	0.6033065238	0.2389380238
52	2015-04-29	0.4453373462	0.1948871923
42	2015-04-30	0.2305110238	0.1950656190
33	2015-05-01	0.2452300303	0.2029317576
40	2015-05-02	0.1284680750	0.2416936500
30	2015-05-03	0.2465594667	0.3007015667
26	2015-05-06	0.3880776538	0.1690587308
30	2015-05-07	0.4500182333	0.1809678667
17	2015-05-17	0.3377785882	0.1580680000
21	2015-05-20	0.3775469048	0.1681265714
25	2015-05-21	0.4531258800	0.1433971200
28	2015-05-22	0.4317800357	0.0979111786
20	2015-05-23	0.3718589000	0.1385858500
38	2015-06-03	0.1463917632	0.3370053947
21	2015-06-04	0.1851229048	0.2607439524
27	2015-06-07	0.3977044444	0.1264305185
12	2015-06-09	0.2176324167	0.1795693333
26	2015-06-14	0.3413888077	0.1208967692
28	2015-06-15	0.4118380714	0.1448248929
13	2015-06-18	1.0949248462	0.0566541538
27	2015-06-19	0.7272398148	0.0802139630
45	2015-06-20	0.1852341111	0.2208935778
38	2015-06-24	0.5286207368	0.1134566316
15	2015-06-25	0.1040118000	0.2485298000
12	2015-06-28	0.5475605833	0.0917915000
14	2015-07-03	0.3181642143	0.0835763571
19	2015-07-06	0.3469492632	0.0890641579
19	2015-07-10	0.1572857895	0.2240196842
14	2015-07-15	0.3363058571	0.2006595714
34	2015-07-24	0.1511787353	0.3337316471
14	2015-07-25	0.2282207143	0.1776966429
13	2015-07-26	0.3806405385	0.1069771538
16	2015-07-27	0.3834290000	0.1578003750
13	2015-08-04	0.1245665385	0.2127159231
37	2015-08-05	0.0871626486	0.3329012162
30	2015-08-06	0.0950932000	0.3036784333
27	2015-08-08	0.1192959630	0.1155427407
26	2015-08-09	0.0941160000	0.2474196923
14	2015-08-10	0.0722595000	0.3266789286
14	2015-08-12	0.0672102143	0.2312248571
22	2015-08-13	0.0968155909	0.2230828182
14	2015-08-14	0.1069502143	0.1787190714
19	2015-08-16	0.0886547368	0.2549408947
33	2015-08-17	0.0596761212	0.3314217273
18	2015-08-22	0.0710028333	0.3537010556
18	2015-08-30	0.3021430000	0.2185251111
27	2015-09-01	0.1201529259	0.2752172593
40	2015-09-02	0.3233629250	0.2025245750
24	2015-09-03	0.2274907917	0.2698985833
28	2015-09-05	0.1299090714	0.3253312500
31	2015-09-07	0.1256414194	0.1449248065
21	2015-09-08	0.0908123810	0.2993168571
16	2015-09-09	0.2918418125	0.1025969375
15	2015-09-13	0.2027752667	0.1322390667
12	2015-09-14	0.2184787500	0.0950850833
17	2015-09-16	0.3107432941	0.1489937059
24	2015-09-18	0.1474917917	0.3320328750
34	2015-09-19	0.0616136176	0.6600636765
29	2015-09-20	0.0396250690	0.9600306897
36	2015-09-21	0.0375047778	1.1919585556
32	2015-09-22	0.0385351250	1.2855675313
21	2015-09-23	0.0869055714	0.9195798571
12	2015-09-27	0.0843725000	0.9006870000
40	2015-09-28	0.0841411750	1.3160876000
52	2015-09-29	0.0512055769	1.4523522308
19	2015-09-30	0.0540012105	1.4147282632
28	2015-10-01	0.0476895714	1.0153840000
15	2015-10-07	0.0696316000	0.3512456667
12	2015-10-09	0.3516426667	0.0979835833
24	2015-10-10	0.2687489167	0.1285224167
31	2015-10-12	0.1060120968	0.1519838387
22	2015-10-13	0.1142914545	0.1687376818
27	2015-10-14	0.0475987778	0.4196391111
24	2015-10-15	0.0540498750	0.4602533750
23	2015-10-16	0.0760260000	0.3121128261
43	2015-10-20	0.0422830930	0.7922595581
22	2015-10-21	0.0519638182	0.3955054091
28	2015-10-22	0.0588301786	0.4167642143
35	2015-10-23	0.0366143429	0.5889100857
41	2015-10-28	0.0962228537	0.0757910488
27	2015-11-01	0.0595836296	0.1936181111
27	2015-11-03	0.0660303704	0.1769845556
17	2015-11-04	0.0608808824	0.2684381765
21	2015-11-12	0.0905526667	0.2981005238
42	2015-11-13	0.0493853571	0.5686786905
39	2015-11-14	0.0440502051	0.3914725128
17	2015-11-15	0.0519027059	0.2981164118
26	2015-11-18	0.1089353462	0.1644605385
29	2015-11-21	0.0577793793	0.6040222759
43	2015-11-23	0.0477216977	0.5091390000
26	2015-11-24	0.1206920000	0.3012097308
22	2015-11-25	0.1534569545	0.1132278636
14	2015-11-26	0.0919235000	0.1494548571
12	2015-11-27	0.0730491667	0.2219381667
23	2015-11-28	0.1053132174	0.0867647391
16	2015-12-03	0.0666384375	0.1113584375
23	2015-12-05	0.0954916087	0.0851449130
18	2015-12-06	0.0667277222	0.0933610556
27	2015-12-07	0.0708405556	0.1529876667
25	2015-12-08	0.0623482000	0.2062177200
37	2015-12-09	0.0439437027	0.2910859189
17	2015-12-10	0.0809318824	0.1399195882
46	2015-12-11	0.0978777391	0.0669468478
28	2015-12-12	0.1014538929	0.0535633571
33	2015-12-13	0.0739818182	0.1175178788
31	2015-12-16	0.0416834194	0.3743367742
23	2015-12-18	0.0600536522	0.2408603478
18	2015-12-19	0.1894555556	0.1837647222
44	2015-12-20	0.1138083636	0.2099940455
12	2015-12-22	0.1079840000	0.0517665833
12	2015-12-27	0.0797518333	0.1468324167
17	2015-12-29	0.0634212941	0.1992162353
27	2015-12-31	0.0900145926	0.1169468148
34	2016-01-01	0.1125687941	0.0907108235
26	2016-01-02	0.0627903462	0.1238123462
12	2016-01-03	0.0984081667	0.1621878333
19	2016-01-04	0.1677993158	0.5023558421
13	2016-01-06	0.1448902308	0.1048755385
12	2016-01-08	0.1152661667	0.3150973333
19	2016-01-09	0.0799157368	0.2903614211
47	2016-01-10	0.0450251489	0.5074456809
37	2016-01-11	0.0638056486	0.7742011892
28	2016-01-16	0.0289703571	0.6796861786
24	2016-01-17	0.0429858750	0.6978242500
14	2016-01-18	0.0477429286	0.4946982857
50	2016-01-20	0.0698817000	0.3175360200
23	2016-01-21	0.1668689130	0.1993422174
35	2016-01-22	0.1294000000	0.2838780286
27	2016-01-23	0.1182147407	0.3141690741
21	2016-01-26	0.2314400000	0.2529969524
22	2016-01-27	0.2072156364	0.3132171364
18	2016-01-28	0.0931262778	0.0865711111
18	2016-01-29	0.0641797778	0.1541630000
31	2016-02-01	0.1519636774	0.1862057742
31	2016-02-02	0.1923464516	0.2748815161
17	2016-02-03	0.2087981176	0.3580802941
27	2016-02-04	0.0672203333	0.5484662963
26	2016-02-05	0.1036519231	0.7801778462
38	2016-02-06	0.2295146316	0.4519340526
27	2016-02-07	0.2382489259	0.2029818519
29	2016-02-08	0.1420629310	0.1454614138
14	2016-02-09	0.0921497857	0.1227805714
40	2016-02-10	0.0609874250	0.1550749500
25	2016-02-11	0.1237388400	0.1537490400
36	2016-02-13	0.2167408611	0.1031051111
19	2016-02-16	0.1816585263	0.1856281053
13	2016-02-17	0.1522164615	0.2136966154
40	2016-02-19	0.1210062500	0.1360976000
35	2016-02-21	0.0491536571	0.3160872857
42	2016-02-22	0.0695216190	0.1690866429
18	2016-02-23	0.0601941111	0.1689797222
39	2016-02-24	0.0505741538	0.1951895128
26	2016-02-25	0.0634131923	0.0931908077
33	2016-02-26	0.0580486970	0.1670363333
20	2016-02-27	0.0553448000	0.2304450000
23	2016-02-28	0.1470806957	0.1471013913
12	2016-03-01	0.1444390000	0.2343173333
24	2016-03-05	0.0666564167	0.4187051250
19	2016-03-06	0.0652444737	0.9171295263
39	2016-03-07	0.1035260256	0.3985590769
12	2016-03-08	0.1094165000	0.5394419167
36	2016-03-10	0.1149976667	0.2440011944
24	2016-03-11	0.1063209167	0.2413841667
16	2016-03-12	0.0714000625	0.1609785000
17	2016-03-13	0.0584884118	0.2958379412
12	2016-03-14	0.0905074167	0.8320768333
35	2016-03-17	0.0673175143	0.7088207429
20	2016-03-18	0.0464653500	0.7720056000
23	2016-04-03	0.0906385217	0.2820573913
42	2016-04-04	0.0813041190	0.2230710476
21	2016-04-08	0.0704351429	0.3260720952
14	2016-04-11	0.0674832857	0.2659526429
43	2016-04-24	0.2937434651	0.2030826047
39	2016-04-25	0.2969016410	0.2775711538
21	2016-04-26	0.2793144762	0.3033439048
14	2016-04-27	0.2067271429	0.2749153571
14	2016-05-04	0.0965725714	0.5379582143
21	2016-05-05	0.0558772857	0.6485763810
45	2016-05-06	0.1247735556	0.3848246222
25	2016-05-07	0.2229106800	0.2794554800
16	2016-05-08	0.2143083125	0.1465498125
