month	hour	pm10
0	0	19.00000
0	2	19.00000
0	3	18.00000
0	4	18.00000
0	5	18.00000
0	6	18.00000
0	7	21.00000
0	8	21.00000
0	9	19.00000
0	10	17.00000
0	11	17.00000
0	12	19.00000
0	13	26.00000
0	14	28.00000
0	15	30.00000
0	16	27.00000
0	17	28.00000
0	18	28.00000
0	19	27.00000
0	20	26.00000
0	21	24.00000
0	22	23.00000
0	23	23.00000
1	0	16.44615
1	1	15.70388
1	2	15.18724
1	3	15.01577
1	4	15.00801
1	5	15.40449
1	6	15.95506
1	7	18.41190
1	8	21.75893
1	9	22.66012
1	10	21.52725
1	11	21.27922
1	12	21.56657
1	13	21.31084
1	14	20.28832
1	15	20.71161
1	16	20.17500
1	17	21.01168
1	18	21.02119
1	19	21.81361
1	20	20.76124
1	21	19.30237
1	22	18.04822
1	23	16.80030
2	0	16.90800
2	1	16.33742
2	2	15.91518
2	3	15.70698
2	4	15.88548
2	5	16.19934
2	6	16.69203
2	7	18.99402
2	8	22.02093
2	9	22.87483
2	10	21.96767
2	11	22.13377
2	12	21.73455
2	13	21.73046
2	14	21.61250
2	15	21.77243
2	16	21.77874
2	17	22.04983
2	18	22.73123
2	19	23.43033
2	20	22.48633
2	21	20.56700
2	22	18.79600
2	23	17.74367
3	0	23.40295
3	1	22.68912
3	2	21.93578
3	3	21.90853
3	4	22.04824
3	5	22.41026
3	6	23.28240
3	7	26.35279
3	8	29.63460
3	9	29.58260
3	10	28.79703
3	11	29.10537
3	12	29.48690
3	13	29.79320
3	14	29.95905
3	15	29.54077
3	16	29.89589
3	17	30.52765
3	18	30.94218
3	19	31.15664
3	20	30.30982
3	21	28.02811
3	22	26.17751
3	23	24.73787
4	0	21.65289
4	1	20.70030
4	2	20.65994
4	3	20.31037
4	4	20.16564
4	5	20.48471
4	6	21.27073
4	7	24.12800
4	8	26.58318
4	9	26.73405
4	10	26.63140
4	11	27.23676
4	12	27.42406
4	13	27.59350
4	14	27.12400
4	15	27.93221
4	16	27.84677
4	17	27.96758
4	18	28.12080
4	19	28.20485
4	20	28.22061
4	21	25.74303
4	22	23.86261
4	23	22.43537
5	0	30.13612
5	1	29.52619
5	2	29.28284
5	3	29.15710
5	4	29.17367
5	5	29.26036
5	6	29.63994
5	7	33.34053
5	8	35.58846
5	9	35.91313
5	10	36.75542
5	11	36.13000
5	12	36.52380
5	13	37.22145
5	14	37.36994
5	15	37.64818
5	16	37.08845
5	17	37.66807
5	18	38.57568
5	19	37.97039
5	20	37.21562
5	21	34.95689
5	22	33.04881
5	23	31.62866
6	0	35.57143
6	1	34.62523
6	2	34.29877
6	3	34.47523
6	4	34.02539
6	5	33.76019
6	6	34.54294
6	7	37.68252
6	8	40.56300
6	9	41.72578
6	10	42.80745
6	11	44.05237
6	12	44.90688
6	13	44.70878
6	14	45.84138
6	15	45.08844
6	16	45.25000
6	17	44.09558
6	18	44.38558
6	19	42.96192
6	20	41.90031
6	21	39.68129
6	22	38.07292
6	23	37.08502
7	0	32.62418
7	1	32.07130
7	2	31.80089
7	3	31.82433
7	4	31.70269
7	5	31.71905
7	6	32.40564
7	7	35.72433
7	8	37.40533
7	9	38.86239
7	10	39.76280
7	11	40.97576
7	12	41.12713
7	13	42.07644
7	14	42.12229
7	15	41.99910
7	16	41.30879
7	17	40.39364
7	18	40.00687
7	19	39.50534
7	20	38.54451
7	21	36.64807
7	22	35.43373
7	23	34.17411
8	0	28.99571
8	1	28.60831
8	2	27.98646
8	3	27.68585
8	4	27.56780
8	5	27.64092
8	6	27.72615
8	7	30.36327
8	8	32.38854
8	9	32.40402
8	10	34.13031
8	11	35.24044
8	12	35.49185
8	13	38.27000
8	14	34.86636
8	15	35.31526
8	16	34.64013
8	17	34.77383
8	18	34.84630
8	19	34.70617
8	20	34.55789
8	21	32.93086
8	22	31.03241
8	23	29.76378
9	0	22.46708
9	1	21.84908
9	2	21.17368
9	3	21.30217
9	4	21.52025
9	5	21.72570
9	6	22.37709
9	7	26.41446
9	8	30.47638
9	9	30.11832
9	10	29.92336
9	11	29.04938
9	12	28.78050
9	13	29.60599
9	14	29.15570
9	15	29.30314
9	16	28.26161
9	17	28.92105
9	18	29.25846
9	19	29.64677
9	20	28.69470
9	21	26.99315
9	22	24.81770
9	23	23.28148
10	0	20.24507
10	1	19.52733
10	2	19.14209
10	3	18.79461
10	4	18.71134
10	5	18.99491
10	6	19.44281
10	7	25.12395
10	8	26.40746
10	9	26.66506
10	10	26.56647
10	11	25.14421
10	12	25.40942
10	13	25.16405
10	14	25.85274
10	15	25.95767
10	16	25.92755
10	17	25.66697
10	18	26.03598
10	19	26.53465
10	20	25.05872
10	21	23.20732
10	22	21.84096
10	23	21.05449
11	0	16.18219
11	1	15.30311
11	2	15.25311
11	3	15.43168
11	4	15.77802
11	5	15.72991
11	6	16.15559
11	7	19.29689
11	8	22.40218
11	9	22.77329
11	10	21.56991
11	11	21.01429
11	12	20.71054
11	13	21.18259
11	14	21.11195
11	15	20.99465
11	16	21.36859
11	17	21.70376
11	18	21.92107
11	19	22.30095
11	20	21.03229
11	21	19.16906
11	22	17.56250
11	23	16.91620
12	0	14.63273
12	1	14.29937
12	2	14.01719
12	3	13.77862
12	4	13.57931
12	5	13.90282
12	6	14.20597
12	7	16.40282
12	8	19.80969
12	9	20.49245
12	10	19.95142
12	11	19.52825
12	12	19.33228
12	13	18.79937
12	14	18.95611
12	15	18.39340
12	16	18.68540
12	17	19.07293
12	18	19.78861
12	19	20.16025
12	20	19.52579
12	21	18.05678
12	22	16.68013
12	23	15.49401
