
    78866 TNCM Juliana Airport Observations at 12Z 19 Feb 1999

-----------------------------------------------------------------------------
   PRES   HGHT   TEMP   DWPT   RELH   MIXR   DRCT   SKNT   THTA   THTE   THTV
    hPa     m      C      C      %    g/kg    deg   knot     K      K      K 
-----------------------------------------------------------------------------
 1017.0      4   21.8   17.2     75  12.28     60     10  293.5  328.8  295.7
 1005.0    109   20.8   18.2     85  13.26     46     13  293.5  331.5  295.9
 1000.0    153   20.4   17.9     86  13.07     40     14  293.6  331.0  295.9
  982.5    305   19.3   17.7     90  13.12     30     15  294.0  331.6  296.3
  977.0    354   19.0   17.6     92  13.13     34     14  294.1  331.8  296.4
  948.3    610   18.2   12.4     69   9.60     55     10  295.8  323.8  297.5
  941.0    676   18.0   11.0     64   8.83     69      9  296.2  322.1  297.8
  925.0    823   17.0    9.0     59   7.84    100      8  296.7  319.8  298.1
  918.0    888   16.8    8.8     59   7.80    107      8  297.1  320.1  298.5
  915.2    914   16.5    8.5     59   7.67    110      8  297.1  319.7  298.5
  910.0    962   16.0    8.0     59   7.45    112      8  297.1  319.0  298.4
  882.8   1219   13.7    7.0     64   7.19    120      8  297.3  318.5  298.6
  870.0   1342   12.6    6.6     67   7.07    112     10  297.4  318.3  298.6
  853.0   1508   11.4    9.2     86   8.63    101     12  297.8  323.2  299.3
  851.3   1524   11.3    9.1     86   8.58    100     12  297.8  323.1  299.4
  850.0   1537   11.2    9.0     86   8.54    100     12  297.9  323.1  299.4
  820.5   1829    9.3    7.8     90   8.16     80     12  298.9  323.1  300.4
  790.9   2134    7.4    6.6     95   7.78     55     13  300.0  323.2  301.4
  762.4   2438    5.4    5.3     99   7.40     20     10  301.0  323.3  302.4
  759.0   2474    5.2    5.2    100   7.36     15     11  301.2  323.3  302.5
  754.0   2528    5.6   -6.4     42   3.16      7     12  302.2  312.1  302.8
  746.0   2617   11.2   -6.8     28   3.09    354     14  309.2  319.2  309.8
  734.8   2743   10.8   -7.4     27   2.99    335     17  310.1  319.9  310.7
  708.3   3048    9.9   -8.9     26   2.76    330     19  312.4  321.5  312.9
  700.0   3146    9.6   -9.4     25   2.69    315     17  313.1  322.0  313.6
  684.0   3337    8.0   -9.0     29   2.84    301     15  313.4  322.8  313.9
  682.7   3353    8.1   -9.1     29   2.83    300     15  313.7  323.1  314.2
  671.0   3496    9.2   -9.8     25   2.72    288     14  316.4  325.6  317.0
  657.8   3658    7.7  -10.4     26   2.64    275     13  316.6  325.4  317.1
  633.7   3962    4.9  -11.6     29   2.49    275     14  316.7  325.1  317.2
  610.4   4267    2.0  -12.8     32   2.35    270     15  316.9  324.8  317.3
  599.0   4420    0.6  -13.4     34   2.28    263     14  316.9  324.7  317.4
  587.6   4572   -0.2  -14.7     33   2.10    255     13  317.8  324.9  318.2
  565.5   4877   -1.7  -17.2     30   1.77    240     11  319.4  325.6  319.8
  544.1   5182   -3.3  -19.7     27   1.49    240     13  321.1  326.4  321.4
  523.6   5486   -4.8  -22.2     24   1.24    250     16  322.8  327.2  323.0
  510.0   5695   -5.9  -23.9     23   1.09    257     18  323.9  327.9  324.2
  503.8   5791   -5.7  -23.6     23   1.13    260     19  325.4  329.5  325.6
  500.0   5850   -5.5  -23.5     23   1.16    265     20  326.3  330.5  326.5
  491.0   5992   -5.9  -23.9     23   1.14    268     21  327.5  331.6  327.7
  484.5   6096   -6.8  -24.6     23   1.08    270     21  327.7  331.7  327.9
  447.7   6706  -11.8  -28.8     23   0.80    280     21  328.8  331.8  329.0
  447.0   6719  -11.9  -28.9     23   0.79    280     21  328.8  331.8  329.0
  413.1   7315  -15.4  -31.7     23   0.65    280     29  331.8  334.3  331.9
  400.0   7560  -16.9  -32.9     24   0.60    260     34  332.9  335.3  333.1
  387.0   7808  -17.7  -33.7     23   0.58    257     35  335.0  337.3  335.2
  380.9   7925  -18.6  -34.5     23   0.54    255     35  335.4  337.5  335.5
  350.8   8534  -23.3  -38.4     24   0.40    265     35  337.0  338.6  337.1
  346.0   8637  -24.1  -39.1     24   0.37    266     36  337.3  338.8  337.4
  341.0   8743  -24.7  -38.7     26   0.40    267     37  337.9  339.5  337.9
  322.4   9144  -28.6  -41.2     28   0.32    270     40  338.0  339.3  338.1
  300.0   9660  -33.5  -44.5     32   0.24    265     39  338.0  339.1  338.1
  295.9   9754  -34.3  -45.1     33   0.23    265     39  338.2  339.2  338.3
  270.8  10363  -39.6  -48.9     36   0.17    260     48  339.3  340.0  339.3
  259.0  10668  -42.2  -50.8     39   0.14    255     54  339.7  340.3  339.8
  250.0  10910  -44.3  -52.3     41   0.12    255     60  340.1  340.6  340.1
  245.0  11045  -45.1  -53.1     40   0.11    255     61  340.8  341.3  340.9
  225.7  11582  -49.3                         255     63  342.5         342.5
  205.5  12192  -54.1                         265     66  344.2         344.2
  200.0  12370  -55.5                         270     70  344.7         344.7
  185.0  12850  -59.9                         275     74  345.4         345.4
  160.8  13716  -67.8                         280     67  346.1         346.1
  160.0  13745  -68.1                         280     66  346.1         346.1
  150.0  14130  -69.1                         280     58  350.9         350.9
  145.1  14326  -69.7                         280     58  353.1         353.1
  124.1  15240  -72.6                         270     48  363.9         363.9
  110.0  15948  -74.9                         270     36  372.5         372.5
  106.2  16154  -74.7                         270     36  376.7         376.7
  100.0  16500  -74.3                         275     28  383.9         383.9
   95.6  16764  -74.9                         275     28  387.7         387.7
   77.6  17976  -77.7                         285     19  405.7         405.7
   70.0  18580  -71.5                         290     14  431.1         431.1
   69.8  18593  -71.4                         295     15  431.5         431.5
   59.9  19510  -65.9                         291     13  463.2         463.2
   57.0  19812  -66.1                         290     12  469.4         469.4
   50.0  20600  -66.7                         290     16  485.9         485.9
   47.5  20908  -67.9                         290     16  490.2         490.2
   46.5  21031  -66.8                         290     16  495.8         495.8
   42.0  21659  -60.9                         307     11  525.1         525.1
   40.1  21946  -61.2                         315      9  531.3         531.3
   34.6  22860  -62.2                           5      7  551.7         551.7
   32.9  23167  -62.5                         349      7  558.8         558.8
   30.4  23657  -58.9                         324      8  581.3         581.3
   30.0  23740  -59.3                         320      8  582.4         582.4
   28.6  24038  -60.1                         320      8  588.2         588.2
   28.4  24079  -59.8                         320      8  590.0         590.0
   24.6  24994  -53.4                         300      8  633.1         633.1
   21.4  25908  -46.9                         275     10  678.7         678.7
   21.1  25995  -46.3                         272     11  683.1         683.1
   20.0  26350  -47.1                         260     17  691.2         691.2
   18.6  26822  -47.5                         260     18  704.2         704.2
   15.5  28042  -48.7                         250     26  738.7         738.7
   14.0  28699  -49.3                         259     66  757.9         757.9
   13.9  28746  -49.2                         260     69  759.7         759.7
   13.5  28956  -49.0                         260     62  767.6         767.6
   11.3  30108  -47.5                                     812.3         812.3


      Station information and sounding indices

                         Station identifier: TNCM
                             Station number: 78866
                           Observation time: 990219/1200
                           Station latitude: 18.03
                          Station longitude: -63.11
                          Station elevation: 4.0
                            Showalter index: 9.33
                               Lifted index: 5.65
    LIFT computed using virtual temperature: 5.31
                                SWEAT index: 152.02
                                    K index: 6.70
                         Cross totals index: 14.50
                      Vertical totals index: 16.70
                        Totals totals index: 31.20
      Convective Available Potential Energy: 69.61
             CAPE using virtual temperature: 90.12
                      Convective Inhibition: -27.45
             CINS using virtual temperature: -13.92
                           Equilibrum Level: 751.57
 Equilibrum Level using virtual temperature: 750.33
                   Level of Free Convection: 884.26
             LFCT using virtual temperature: 902.67
                     Bulk Richardson Number: 3.42
          Bulk Richardson Number using CAPV: 4.43
  Temp [K] of the Lifted Condensation Level: 289.81
Pres [hPa] of the Lifted Condensation Level: 951.50
   Equivalent potential temp [K] of the LCL: 330.36
     Mean mixed layer potential temperature: 293.97
              Mean mixed layer mixing ratio: 12.72
              1000 hPa to 500 hPa thickness: 5697.00
Precipitable water [mm] for entire sounding: 31.36


    78866 TNCM Juliana Airport Observations at 12Z 21 Feb 1999

-----------------------------------------------------------------------------
   PRES   HGHT   TEMP   DWPT   RELH   MIXR   DRCT   SKNT   THTA   THTE   THTV
    hPa     m      C      C      %    g/kg    deg   knot     K      K      K 
-----------------------------------------------------------------------------
 1017.0      4   23.4   20.7     85  15.36    110      2  295.1  339.3  297.8
 1000.0    152   22.0   20.1     89  15.05     90      8  295.1  338.4  297.8
  999.0    161   22.0   20.2     90  15.16     90      8  295.2  338.9  297.9
  982.5    305   20.8   19.6     92  14.79     90      8  295.5  338.1  298.1
  948.5    610   18.3   18.2     99  14.05    110      9  295.9  336.5  298.4
  944.0    651   18.0   18.0    100  13.95    111      9  296.0  336.3  298.5
  925.0    825   17.0   16.4     96  12.84    115      8  296.7  334.0  299.0
  915.4    914   16.5   15.8     95  12.45    110      7  297.0  333.2  299.3
  883.1   1219   14.7   13.6     93  11.16     80      4  298.3  331.0  300.3
  851.9   1524   12.9   11.3     90   9.99     80      3  299.5  329.0  301.3
  850.0   1543   12.8   11.2     90   9.92     85      3  299.5  328.9  301.3
  833.0   1713   11.6   10.8     95   9.86     41      2  300.0  329.2  301.8
  821.5   1829   11.5    8.3     81   8.43     10      2  301.1  326.2  302.6
  817.0   1875   11.4    7.3     76   7.91      4      2  301.5  325.2  302.9
  813.0   1916   11.4    4.4     62   6.49    359      3  301.9  321.6  303.1
  792.1   2134   12.9   -9.2     20   2.41    330      4  305.8  313.6  306.2
  791.0   2146   13.0  -10.0     19   2.27    329      4  306.0  313.4  306.4
  787.0   2189   13.6   -8.4     21   2.59    324      3  307.1  315.5  307.5
  764.0   2438   12.8   -4.4     30   3.64    295      1  308.9  320.5  309.5
  763.0   2449   12.8   -4.2     30   3.69    295      1  308.9  320.8  309.6
  736.5   2743   10.7   -4.3     35   3.80    300      1  309.7  321.9  310.4
  709.9   3048    8.4   -4.4     40   3.92    350      2  310.6  323.1  311.3
  700.0   3165    7.6   -4.4     42   3.96     20      2  310.9  323.6  311.6
  697.0   3200    7.2   -3.8     45   4.16     24      2  310.8  324.2  311.6
  684.1   3353    6.1   -5.9     42   3.60     40      2  311.2  322.9  311.9
  672.0   3500    5.0   -8.0     38   3.13    347      2  311.6  321.8  312.2
  667.0   3561    4.2   -2.8     60   4.69    325      1  311.4  326.4  312.2
  659.1   3658    3.4   -2.8     64   4.75    290      1  311.5  326.7  312.4
  657.0   3684    3.2   -2.8     65   4.76    287      1  311.6  326.8  312.5
  647.0   3808    2.6  -10.4     38   2.69    273      3  312.3  321.2  312.8
  634.8   3962    1.5  -10.4     41   2.75    255      6  312.7  321.8  313.3
  615.0   4216   -0.3  -10.3     47   2.85    263      8  313.5  322.9  314.1
  611.1   4267   -0.7  -11.4     44   2.62    265      8  313.7  322.4  314.2
  600.0   4414   -1.7  -14.7     36   2.05    284      8  314.1  321.0  314.5
  588.2   4572   -2.2  -17.5     30   1.65    305      8  315.4  321.0  315.7
  585.0   4615   -2.3  -18.3     28   1.55    309      8  315.7  321.1  316.0
  566.0   4877   -3.4  -20.4     26   1.34    330      8  317.3  322.0  317.6
  565.0   4891   -3.5  -20.5     26   1.33    329      8  317.4  322.1  317.7
  561.0   4947   -3.9  -16.9     36   1.82    324      8  317.6  323.9  317.9
  547.0   5146   -4.9  -22.9     23   1.12    308      9  318.7  322.7  318.9
  544.5   5182   -5.1  -21.0     27   1.32    305      9  318.9  323.6  319.2
  541.0   5233   -5.3  -18.3     35   1.68    301     10  319.2  325.1  319.6
  537.0   5291   -5.1  -25.1     19   0.93    296     10  320.2  323.5  320.3
  523.8   5486   -5.1  -25.1     19   0.96    280     12  322.4  325.9  322.6
  523.0   5499   -5.1  -25.1     19   0.96    279     12  322.6  326.1  322.8
  503.8   5791   -7.6  -25.9     22   0.92    265     14  323.0  326.4  323.2
  500.0   5850   -8.1  -26.1     22   0.91    270     14  323.1  326.4  323.3
  484.3   6096  -10.2  -29.1     20   0.72    275     15  323.4  326.1  323.6
  481.0   6150  -10.7  -29.7     19   0.68    275     16  323.5  326.0  323.6
  452.0   6626  -12.9  -36.9     11   0.36    271     26  326.5  327.9  326.6
  447.2   6706  -13.3  -37.0     12   0.36    270     28  327.0  328.4  327.1
  412.6   7315  -16.2  -37.9     13   0.35    255     47  330.9  332.3  331.0
  400.0   7550  -17.3  -38.3     14   0.35    250     51  332.4  333.8  332.5
  395.0   7644  -17.7  -39.7     13   0.31    250     51  333.1  334.3  333.1
  380.1   7925  -19.7  -41.2     13   0.27    250     50  334.1  335.2  334.2
  349.6   8534  -24.1  -44.5     13   0.21    265     49  336.3  337.1  336.3
  321.5   9144  -28.5  -47.8     14   0.16    280     57  338.3  339.0  338.4
  313.0   9340  -29.9  -48.9     14   0.14    278     58  339.0  339.6  339.0
  302.0   9593  -32.3  -50.3     15   0.13    275     60  339.1  339.6  339.1
  300.0   9640  -32.7  -50.7     15   0.12    275     60  339.2  339.7  339.2
  295.1   9754  -33.7  -51.0     16   0.12    275     60  339.3  339.8  339.3
  270.0  10363  -39.3  -52.7     23   0.11    275     60  340.0  340.4  340.0
  258.2  10668  -42.1  -53.5     28   0.10    270     59  340.2  340.7  340.2
  250.0  10890  -44.1  -54.1     32   0.10    260     58  340.4  340.8  340.4
  234.0  11331  -47.3  -56.3     35   0.08    254     59  342.0  342.4  342.0
  225.1  11582  -49.4                         250     60  342.6         342.6
  204.9  12192  -54.4                         250     64  344.1         344.1
  200.0  12350  -55.7                         255     67  344.4         344.4
  173.0  13237  -63.8                         265     73  345.7         345.7
  160.0  13716  -68.1                         270     72  346.1         346.1
  150.0  14110  -71.7                         275     68  346.4         346.4
  149.0  14149  -72.3                         275     68  346.0         346.0
  144.6  14326  -73.0                         275     68  347.8         347.8
  144.0  14349  -73.1                         280     65  348.0         348.0
  137.0  14641  -70.3                         278     62  357.9         357.9
  123.7  15240  -71.2                         275     55  366.9         366.9
  105.9  16154  -72.6                         270     44  380.9         380.9
  100.0  16490  -73.1                         265     37  386.2         386.2
   95.5  16764  -72.6                         265     37  392.3         392.3
   92.3  16961  -72.3                         268     34  396.8         396.8
   82.1  17646  -75.5                         280     24  403.7         403.7
   74.8  18190  -72.5                         289     16  420.9         420.9
   70.0  18580  -72.9                         295     10  428.1         428.1
   69.8  18593  -72.9                         290     12  428.3         428.3
   61.7  19317  -74.5                         290      7  440.3         440.3
   56.8  19812  -70.4                         290      4  460.2         460.2
   52.0  20332  -66.1                         207      3  481.9         481.9
   50.0  20570  -65.5                         170      2  488.7         488.7
   47.1  20934  -65.3                         154      3  497.6         497.6
   46.4  21031  -65.2                         150      3  500.1         500.1
   39.9  21946  -64.1                         120      8  524.6         524.6
   37.5  22326  -63.7                         120      8  535.2         535.2
   34.4  22860  -60.8                         120      7  556.0         556.0
   30.0  23720  -56.1                         330      4  591.1         591.1
   28.7  24003  -54.5                         330      4  603.0         603.0
   28.4  24079  -54.4                         330      4  605.2         605.2
   24.6  24994  -53.8                         330      7  632.4         632.4
   21.5  25860  -53.1                         297      5  659.1         659.1
   21.3  25908  -52.8                         295      5  661.5         661.5
   20.0  26330  -49.9                         240     12  682.7         682.7
   19.1  26632  -48.5                         240     13  696.0         696.0
   18.6  26822  -49.0                         240     13  700.4         700.4
   16.6  27550  -50.7                         246     31  717.4         717.4
   15.4  28042  -49.4                         250     43  737.2         737.2
   13.9  28713  -47.7                                     764.9         764.9


      Station information and sounding indices

                         Station identifier: TNCM
                             Station number: 78866
                           Observation time: 990221/1200
                           Station latitude: 18.03
                          Station longitude: -63.11
                          Station elevation: 4.0
                            Showalter index: 3.79
                               Lifted index: -0.47
    LIFT computed using virtual temperature: -1.02
                                SWEAT index: 154.39
                                    K index: 20.10
                         Cross totals index: 19.30
                      Vertical totals index: 20.90
                        Totals totals index: 40.20
      Convective Available Potential Energy: 191.35
             CAPE using virtual temperature: 300.45
                      Convective Inhibition: -0.02
             CINS using virtual temperature: 0.00
                           Equilibrum Level: 440.27
 Equilibrum Level using virtual temperature: 429.72
                   Level of Free Convection: 958.10
             LFCT using virtual temperature: 960.13
                     Bulk Richardson Number: 23.31
          Bulk Richardson Number using CAPV: 36.60
  Temp [K] of the Lifted Condensation Level: 292.52
Pres [hPa] of the Lifted Condensation Level: 966.60
   Equivalent potential temp [K] of the LCL: 338.21
     Mean mixed layer potential temperature: 295.39
              Mean mixed layer mixing ratio: 14.88
              1000 hPa to 500 hPa thickness: 5698.00
Precipitable water [mm] for entire sounding: 35.50


    78866 TNCM Juliana Airport Observations at 12Z 22 Feb 1999

-----------------------------------------------------------------------------
   PRES   HGHT   TEMP   DWPT   RELH   MIXR   DRCT   SKNT   THTA   THTE   THTV
    hPa     m      C      C      %    g/kg    deg   knot     K      K      K 
-----------------------------------------------------------------------------
 1017.0      4   24.8   20.5     77  15.17    120      8  296.5  340.4  299.2
 1001.0    144   23.4   20.0     81  14.93    111     10  296.5  339.7  299.1
 1000.0    153   23.2   19.9     82  14.86    110     10  296.4  339.3  299.0
  982.7    305   21.9   19.7     88  14.95    100     12  296.5  339.8  299.2
  961.0    499   20.2   19.5     96  15.08    106     13  296.7  340.4  299.4
  948.8    610   19.9   16.3     80  12.46    110     13  297.5  333.8  299.7
  946.0    636   19.8   15.6     77  11.92    111     13  297.6  332.4  299.8
  925.0    829   18.6   12.6     68  10.00    120     13  298.3  327.7  300.1
  920.0    875   18.2   12.2     68   9.79    120     13  298.4  327.2  300.1
  915.8    914   17.9   12.2     69   9.84    120     13  298.5  327.4  300.2
  883.5   1219   15.8   12.2     79  10.20    125     10  299.3  329.4  301.1
  852.4   1524   13.6   12.2     91  10.58    130     11  300.1  331.4  302.0
  850.0   1548   13.4   12.2     92  10.61    135     12  300.2  331.5  302.1
  822.0   1829   11.2   11.0     98  10.10    140     13  300.8  330.7  302.6
  814.0   1912   10.6   10.6    100   9.95    140     13  300.9  330.5  302.7
  810.0   1953   10.6   10.5     99   9.94    140     13  301.4  330.9  303.2
  800.0   2057   10.2    8.4     89   8.72    140     12  302.0  328.1  303.6
  795.0   2109   11.0    3.0     58   6.01    140     12  303.4  321.8  304.5
  792.6   2134   11.0    2.2     55   5.69    140     12  303.7  321.1  304.7
  789.0   2172   11.0    1.0     50   5.24    141     11  304.1  320.2  305.0
  772.0   2354   12.6   -4.4     30   3.59    144      8  307.7  319.1  308.4
  764.3   2438   12.1   -4.3     32   3.64    145      6  308.0  319.6  308.6
  736.7   2743   10.0   -4.1     37   3.85    210      3  309.0  321.3  309.7
  710.2   3048    8.0   -3.9     43   4.06    240      5  310.0  323.0  310.8
  700.0   3168    7.2   -3.8     45   4.14    230      8  310.4  323.7  311.2
  697.0   3203    7.0   -3.0     49   4.42    229      8  310.6  324.7  311.4
  684.2   3353    6.0   -4.3     48   4.08    225      9  311.1  324.2  311.8
  658.9   3658    3.8   -7.0     45   3.46    210      8  312.0  323.3  312.7
  634.6   3962    1.7   -9.6     43   2.91    215      7  313.0  322.6  313.5
  611.1   4267   -0.4  -12.3     40   2.45    200     10  313.9  322.1  314.4
  606.0   4335   -0.9  -12.9     40   2.35    203     11  314.1  322.0  314.6
  590.0   4548   -0.9  -18.9     24   1.46    214     13  316.6  321.6  316.8
  588.3   4572   -0.9  -18.5     25   1.52    215     13  316.8  322.1  317.1
  586.0   4603   -0.9  -17.9     26   1.61    216     13  317.2  322.7  317.5
  565.9   4877   -2.5  -19.7     25   1.42    225     10  318.5  323.5  318.8
  544.4   5182   -4.2  -21.7     24   1.24    235     14  319.9  324.4  320.2
  523.7   5486   -6.0  -23.7     23   1.08    245     17  321.4  325.3  321.6
  503.8   5791   -7.8  -25.7     22   0.94    255     18  322.8  326.2  323.0
  500.0   5850   -8.1  -26.1     22   0.91    265     19  323.1  326.4  323.3
  484.3   6096   -9.9  -27.9     21   0.80    275     21  323.8  326.7  323.9
  483.0   6117  -10.1  -28.1     21   0.79    275     22  323.9  326.8  324.0
  447.3   6706  -11.2  -29.2     21   0.77    265     36  329.7  332.6  329.8
  418.0   7226  -12.1  -30.1     21   0.75    256     36  334.9  337.9  335.1
  413.1   7315  -12.9  -30.9     21   0.70    255     36  335.0  337.7  335.1
  400.0   7560  -15.3  -33.3     20   0.58    260     36  335.0  337.3  335.1
  391.0   7732  -16.9  -33.9     21   0.56    262     37  335.1  337.3  335.2
  380.8   7925  -18.6  -34.9     22   0.52    265     38  335.4  337.5  335.5
  350.2   8534  -24.0  -38.0     26   0.41    260     39  336.3  337.9  336.4
  322.1   9144  -29.4  -41.1     31   0.33    250     38  337.0  338.3  337.0
  302.0   9613  -33.5  -43.5     36   0.27    250     45  337.4  338.5  337.5
  300.0   9660  -33.7  -42.7     40   0.30    250     46  337.8  339.0  337.8
  295.9   9754  -34.5  -43.0     42   0.29    250     45  338.0  339.2  338.1
  270.9  10363  -39.4  -44.8     57   0.26    255     49  339.4  340.5  339.5
  264.0  10542  -40.9  -45.3     62   0.25    255     47  339.8  340.9  339.8
  259.1  10668  -41.8  -46.7     58   0.22    255     46  340.3  341.2  340.3
  250.0  10910  -43.5  -49.5     51   0.17    255     45  341.3  342.0  341.3
  243.0  11100  -45.3  -52.3     45   0.12    254     46  341.3  341.9  341.4
  225.7  11582  -49.5                         250     47  342.2         342.2
  205.5  12192  -54.8                         250     51  343.2         343.2
  200.0  12370  -56.3                         255     53  343.4         343.4
  177.0  13131  -63.3                         266     63  344.2         344.2
  160.8  13716  -64.5                         275     71  351.8         351.8
  153.0  14019  -65.1                         280     74  355.8         355.8
  150.0  14140  -65.3                         280     73  357.4         357.4
  145.3  14326  -66.5                         280     74  358.5         358.5
  124.5  15240  -72.6                         280     65  363.8         363.8
  112.0  15867  -76.7                         275     55  367.2         367.2
  100.0  16520  -75.3                         275     43  382.0         382.0


      Station information and sounding indices

                         Station identifier: TNCM
                             Station number: 78866
                           Observation time: 990222/1200
                           Station latitude: 18.03
                          Station longitude: -63.11
                          Station elevation: 4.0
                            Showalter index: 2.50
                               Lifted index: -1.17
    LIFT computed using virtual temperature: -1.76
                                SWEAT index: 189.41
                                    K index: 22.70
                         Cross totals index: 20.30
                      Vertical totals index: 21.50
                        Totals totals index: 41.80
      Convective Available Potential Energy: 217.13
             CAPE using virtual temperature: 351.36
                      Convective Inhibition: -7.01
             CINS using virtual temperature: -1.67
                           Equilibrum Level: 461.81
 Equilibrum Level using virtual temperature: 456.15
                   Level of Free Convection: 911.65
             LFCT using virtual temperature: 936.66
                     Bulk Richardson Number: 16.33
          Bulk Richardson Number using CAPV: 26.42
  Temp [K] of the Lifted Condensation Level: 292.40
Pres [hPa] of the Lifted Condensation Level: 952.40
   Equivalent potential temp [K] of the LCL: 339.88
     Mean mixed layer potential temperature: 296.52
              Mean mixed layer mixing ratio: 14.99
              1000 hPa to 500 hPa thickness: 5697.00
Precipitable water [mm] for entire sounding: 36.23


    78866 TNCM Juliana Airport Observations at 12Z 23 Feb 1999

-----------------------------------------------------------------------------
   PRES   HGHT   TEMP   DWPT   RELH   MIXR   DRCT   SKNT   THTA   THTE   THTV
    hPa     m      C      C      %    g/kg    deg   knot     K      K      K 
-----------------------------------------------------------------------------
 1019.0      4   24.0   21.0     83  15.62     60      8  295.6  340.6  298.3
 1011.0     72   23.2   21.1     88  15.85     64      9  295.4  341.1  298.2
 1000.0    166   22.6   20.9     90  15.83     70     11  295.8  341.4  298.6
  984.2    305   21.3   20.5     95  15.69     80     11  295.8  341.1  298.6
  980.0    342   21.0   20.4     96  15.65     81     12  295.9  341.0  298.6
  950.1    610   19.2   18.8     98  14.58     90     16  296.6  338.9  299.2
  925.0    841   17.6   17.4     99  13.70     90     14  297.3  337.1  299.7
  917.1    914   17.2   17.0     99  13.45     95     13  297.6  336.7  300.0
  884.8   1219   15.4   15.2     99  12.42     80      9  298.8  335.2  301.0
  853.7   1524   13.6   13.4     99  11.45     95      6  300.0  333.8  302.1
  850.0   1561   13.4   13.2     99  11.34     95      7  300.2  333.6  302.2
  823.2   1829   11.9   11.8     99  10.68     65      6  301.4  333.1  303.3
  793.8   2134   10.3   10.2    100   9.97     35      6  302.8  332.6  304.6
  782.0   2260    9.6    9.6    100   9.68     33      5  303.3  332.4  305.1
  779.0   2292    7.8   -5.2     39   3.35     32      4  301.7  312.2  302.3
  773.0   2355    7.4  -18.6     14   1.15     31      4  302.0  305.8  302.2
  765.3   2438    8.1  -22.1     10   0.86     30      3  303.6  306.5  303.8
  762.0   2473    8.4  -23.6      8   0.75     32      3  304.3  306.9  304.4
  758.0   2517    9.0  -16.0     15   1.46     34      3  305.4  310.2  305.7
  741.0   2704    8.4  -11.6     23   2.13     43      2  306.7  313.7  307.1
  737.5   2743    8.3  -12.1     22   2.06     45      2  307.0  313.8  307.4
  714.0   3010    7.4  -15.6     18   1.60    348      2  308.9  314.3  309.2
  710.7   3048    7.1  -15.4     18   1.63    340      2  309.0  314.5  309.3
  700.0   3172    6.2  -14.8     21   1.74    305      2  309.3  315.1  309.6
  684.6   3353    4.7  -16.3     20   1.58    270      2  309.6  315.0  309.9
  659.3   3658    2.2  -18.8     19   1.33    260      5  310.2  314.7  310.4
  657.0   3686    2.0  -19.0     19   1.30    265      5  310.2  314.7  310.5
  640.0   3897    1.8  -31.2      7   0.44    299      3  312.3  314.0  312.4
  634.8   3962    1.5  -31.5      7   0.44    310      3  312.8  314.4  312.8
  611.0   4267    0.2  -32.8      6   0.40    330      6  314.7  316.1  314.7
  588.0   4572   -1.1  -34.1      6   0.36    300      7  316.6  318.0  316.7
  565.9   4877   -2.5  -35.5      6   0.33    265     11  318.5  319.8  318.6
  549.0   5119   -3.5  -36.5      6   0.31    261     16  320.0  321.2  320.1
  544.6   5182   -3.9  -36.9      6   0.30    260     17  320.3  321.5  320.4
  523.8   5486   -5.8  -38.8      5   0.26    265     21  321.6  322.6  321.6
  503.8   5791   -7.7  -40.7      5   0.22    265     22  322.9  323.7  322.9
  500.0   5850   -8.1  -41.1      5   0.21    265     23  323.1  323.9  323.1
  484.2   6096   -9.3  -41.2      6   0.21    260     25  324.6  325.5  324.7
  447.2   6706  -12.2  -41.5      7   0.23    240     33  328.4  329.3  328.4
  413.1   7315  -15.2  -41.8      8   0.24    235     39  332.1  333.1  332.2
  405.0   7466  -15.9  -41.9      9   0.24    235     40  333.1  334.0  333.1
  400.0   7560  -16.7  -36.7     16   0.41    235     40  333.2  334.8  333.3
  380.3   7925  -19.7  -40.2     14   0.30    240     40  334.1  335.3  334.1
  349.6   8534  -24.8  -46.2     12   0.17    255     40  335.4  336.1  335.4
  321.3   9144  -29.8  -52.1     10   0.10    265     49  336.6  337.0  336.6
  300.0   9640  -33.9  -56.9      8   0.06    265     52  337.5  337.7  337.5
  295.2   9754  -34.8  -57.3      8   0.06    265     52  337.8  338.1  337.8
  289.0   9902  -35.9  -57.9      9   0.05    265     52  338.2  338.5  338.3
  275.0  10248  -38.7  -47.7     38   0.19    265     52  339.0  339.8  339.1
  270.4  10363  -39.5  -48.2     39   0.18    265     52  339.5  340.3  339.6
  258.7  10668  -41.6  -49.6     41   0.16    255     50  340.8  341.5  340.8
  258.0  10686  -41.7  -49.7     41   0.16    254     50  340.9  341.5  340.9
  250.0  10900  -43.3  -51.3     41   0.14    245     47  341.6  342.1  341.6
  245.0  11035  -44.5  -52.5     40   0.12    244     46  341.7  342.3  341.8
  225.2  11582  -49.5                         240     43  342.4         342.4
  204.9  12192  -55.1                         245     46  343.0         343.0
  200.0  12350  -56.5                         250     49  343.1         343.1
  160.2  13716  -67.9                         270     62  346.3         346.3
  154.0  13958  -70.0                         280     64  346.8         346.8
  150.0  14120  -71.3                         285     64  347.1         347.1
  149.0  14159  -71.5                         285     63  347.4         347.4
  144.8  14326  -71.6                         285     64  350.0         350.0
  124.0  15240  -72.2                         295     52  364.9         364.9
  106.1  16154  -72.8                         290     29  380.4         380.4
  103.0  16327  -72.9                         275     26  383.4         383.4
  100.0  16500  -73.7                         260     23  385.1         385.1
   95.5  16764  -75.1                         260     23  387.5         387.5
   84.7  17456  -78.7                         265     23  393.7         393.7
   70.0  18550  -74.9                         305      5  423.8         423.8
   69.5  18593  -74.9                         290      8  424.7         424.7
   65.8  18909  -75.1                         306      8  430.9         430.9
   56.9  19772  -66.5                         348      8  468.7         468.7
   56.5  19812  -66.6                         350      8  469.3         469.3
   50.9  20443  -68.9                           7      9  478.3         478.3
   50.0  20550  -67.3                          10      9  484.5         484.5
   47.5  20862  -64.1                           7     10  499.3         499.3
   46.2  21031  -63.8                           5     10  504.0         504.0
   40.4  21860  -62.1                          23     13  527.9         527.9
   39.8  21946  -62.3                          25     13  529.6         529.6
   34.3  22860  -64.0                          55     13  547.9         547.9
   32.5  23199  -64.7                          31     10  554.9         554.9
   30.0  23690  -63.3                         355      5  571.5         571.5
   29.5  23793  -62.9                         355      5  575.4         575.4
   28.2  24079  -60.1                         355      5  590.7         590.7
   26.9  24366  -57.3                         347      7  606.5         606.5
   25.6  24679  -54.9                         338      8  621.9         621.9
   24.4  24994  -54.3                         330     10  632.6         632.6
   21.1  25908  -52.4                         305     10  664.5         664.5
   20.0  26260  -51.7                         265     10  677.2         677.2
   18.4  26822  -50.7                         260     10  697.0         697.0
   15.2  28042  -48.5                         220     15  742.2         742.2
   13.3  28956  -46.9                         245     36  777.9         777.9
   11.6  29842  -45.3                                     814.1         814.1


      Station information and sounding indices

                         Station identifier: TNCM
                             Station number: 78866
                           Observation time: 990223/1200
                           Station latitude: 18.03
                          Station longitude: -63.11
                          Station elevation: 4.0
                            Showalter index: 1.54
                               Lifted index: -1.57
    LIFT computed using virtual temperature: -2.29
                                SWEAT index: 195.39
                                    K index: 13.70
                         Cross totals index: 21.30
                      Vertical totals index: 21.50
                        Totals totals index: 42.80
      Convective Available Potential Energy: 387.41
             CAPE using virtual temperature: 587.59
                      Convective Inhibition: -0.01
             CINS using virtual temperature: 0.00
                           Equilibrum Level: 280.85
 Equilibrum Level using virtual temperature: 277.41
                   Level of Free Convection: 960.17
             LFCT using virtual temperature: 963.23
                     Bulk Richardson Number: 27.82
          Bulk Richardson Number using CAPV: 42.20
  Temp [K] of the Lifted Condensation Level: 293.38
Pres [hPa] of the Lifted Condensation Level: 971.67
   Equivalent potential temp [K] of the LCL: 340.86
     Mean mixed layer potential temperature: 295.81
              Mean mixed layer mixing ratio: 15.63
              1000 hPa to 500 hPa thickness: 5684.00
Precipitable water [mm] for entire sounding: 34.71


    78866 TNCM Juliana Airport Observations at 12Z 24 Feb 1999

-----------------------------------------------------------------------------
   PRES   HGHT   TEMP   DWPT   RELH   MIXR   DRCT   SKNT   THTA   THTE   THTV
    hPa     m      C      C      %    g/kg    deg   knot     K      K      K 
-----------------------------------------------------------------------------
 1019.0      4   24.6   20.3     77  14.95     70     20  296.1  339.4  298.8
 1018.0     13   24.6   20.4     77  15.06     69     20  296.2  339.8  298.9
 1000.0    167   22.6   20.1     86  15.05     60     21  295.8  339.2  298.4
  984.3    305   21.4   19.8     91  14.99     55     21  295.8  339.1  298.5
  970.0    432   20.2   19.5     96  14.94     57     20  295.9  339.1  298.6
  950.2    610   18.9   18.5     97  14.27     60     18  296.3  337.6  298.9
  925.0    842   17.2   17.1     99  13.44     65     18  296.9  335.9  299.3
  917.2    914   16.6   16.6    100  13.13     65     18  297.0  335.2  299.4
  914.0    944   16.4   16.4    100  13.00     65     18  297.1  334.9  299.4
  884.9   1219   15.2   14.9     98  12.17     70     20  298.6  334.2  300.7
  853.7   1524   13.8   13.2     96  11.29     75     22  300.2  333.5  302.2
  850.0   1561   13.6   13.0     96  11.19     75     22  300.4  333.5  302.4
  823.4   1829   11.8   11.6     99  10.50     75     23  301.2  332.4  303.1
  815.0   1915   11.2   11.1     99  10.28     74     23  301.5  332.1  303.3
  793.9   2134   11.2    5.3     67   7.07     70     22  303.7  325.2  305.0
  769.0   2400   11.2   -1.8     40   4.38     66     19  306.5  320.3  307.3
  765.5   2438   11.0   -2.2     40   4.28     65     19  306.7  320.1  307.4
  737.8   2743    9.1   -5.2     36   3.53     60     17  307.9  319.1  308.5
  711.1   3048    7.2   -8.3     32   2.89     65     15  309.0  318.4  309.6
  700.0   3178    6.4   -9.6     31   2.65     70     13  309.5  318.2  310.0
  685.1   3353    5.2  -10.3     32   2.56     75     11  310.1  318.5  310.6
  671.0   3523    4.0  -11.0     33   2.47     61     10  310.6  318.8  311.1
  659.9   3658    3.4  -12.1     31   2.31     50      9  311.4  319.1  311.9
  635.4   3962    2.1  -14.4     28   1.98     20      7  313.3  320.0  313.7
  611.8   4267    0.8  -16.8     26   1.69      5      4  315.2  321.0  315.5
  602.0   4398    0.2  -17.8     24   1.58      7      4  316.0  321.4  316.3
  589.0   4572   -0.5  -17.7     26   1.63     10      4  317.1  322.8  317.4
  572.0   4805   -1.5  -17.5     28   1.70    359      4  318.7  324.6  319.0
  566.8   4877   -2.0  -17.9     28   1.65    355      4  318.9  324.6  319.2
  545.2   5182   -4.2  -19.9     28   1.46    325      7  319.8  325.0  320.1
  524.4   5486   -6.4  -21.8     28   1.29    300     11  320.8  325.3  321.0
  504.4   5791   -8.6  -23.7     29   1.13    295     15  321.7  325.7  321.9
  500.0   5860   -9.1  -24.1     29   1.10    295     19  321.9  325.8  322.1
  485.0   6096   -9.4  -25.1     27   1.03    300     21  324.3  328.1  324.5
  461.0   6489   -9.9  -26.9     24   0.92    294     20  328.4  331.9  328.6
  448.0   6706  -11.4  -28.2     24   0.84    290     19  329.3  332.4  329.4
  413.6   7315  -15.6  -31.8     24   0.65    320     15  331.5  334.0  331.6
  400.0   7570  -17.3  -33.3     24   0.58    325     18  332.4  334.7  332.5
  380.8   7925  -20.1  -35.5     24   0.49    320     20  333.5  335.4  333.6
  350.1   8534  -24.8  -39.4     24   0.36    310     23  335.2  336.6  335.3
  321.8   9144  -29.6  -43.3     25   0.26    285     29  336.8  337.9  336.9
  300.0   9650  -33.5  -46.5     26   0.20    285     41  338.0  338.9  338.1
  295.6   9754  -34.1  -47.0     26   0.19    285     39  338.6  339.4  338.6
  276.0  10233  -37.1  -49.1     28   0.16    281     52  341.0  341.7  341.0
  270.8  10363  -38.3  -50.0     28   0.15    280     55  341.1  341.7  341.1
  259.0  10668  -41.2  -51.9     30   0.12    275     58  341.2  341.7  341.2
  250.0  10910  -43.5  -53.5     32   0.11    275     60  341.3  341.7  341.3
  233.0  11371  -47.5                         270     60  342.1         342.1
  225.6  11582  -49.4                         270     60  342.4         342.4
  205.5  12192  -54.7                         275     59  343.2         343.2
  200.0  12370  -56.3                         280     57  343.4         343.4
  171.0  13349  -63.3                         298     53  347.6         347.6
  161.0  13716  -64.3                         305     51  351.9         351.9
  150.0  14150  -65.5                         315     45  357.1         357.1
  145.7  14326  -66.0                         315     46  359.2         359.2
  140.0  14564  -66.7                         316     42  362.1         362.1
  124.6  15240  -70.6                         320     29  367.1         367.1
  106.5  16154  -76.0                         315     28  373.9         373.9
  100.0  16520  -78.1                         305     23  376.6         376.6
   98.4  16612  -78.9                         305     22  376.8         376.8
   95.8  16764  -78.9                         305     23  379.6         379.6
   85.5  17417  -78.9                         327     17  392.2         392.2
   70.0  18580  -72.5                           5      6  428.9         428.9
   69.8  18593  -72.4                         335      7  429.4         429.4
   66.4  18891  -70.9                         342      7  438.9         438.9
   57.5  19739  -72.5                           3      7  453.8         453.8
   56.8  19812  -72.0                           5      7  456.4         456.4
   50.0  20570  -67.3                         355      9  484.5         484.5
   46.3  21031  -65.2                         355      8  500.3         500.3
   43.4  21427  -63.3                           6      9  514.3         514.3
   39.9  21946  -62.2                          20     10  529.4         529.4
   34.4  22860  -60.4                          50      7  557.0         557.0
   30.0  23710  -58.7                         315      3  584.0         584.0
   28.3  24079  -58.5                         315      3  594.4         594.4
   27.8  24188  -58.5                         317      4  597.4         597.4
   24.5  24994  -54.3                         330      8  631.5         631.5
   22.8  25452  -51.9                         320      8  651.7         651.7
   21.2  25908  -52.0                         310      8  664.6         664.6
   20.0  26300  -52.1                         275     10  675.9         675.9
   18.5  26822  -51.8                         270     11  692.6         692.6
   15.3  28042  -51.0                         245     15  733.2         733.2
   13.3  28956  -50.5                         265     32  765.2         765.2
   11.5  29898  -49.9                                     799.6         799.6


      Station information and sounding indices

                         Station identifier: TNCM
                             Station number: 78866
                           Observation time: 990224/1200
                           Station latitude: 18.03
                          Station longitude: -63.11
                          Station elevation: 4.0
                            Showalter index: 0.62
                               Lifted index: -1.86
    LIFT computed using virtual temperature: -2.41
                                SWEAT index: 219.01
                                    K index: 19.70
                         Cross totals index: 22.10
                      Vertical totals index: 22.70
                        Totals totals index: 44.80
      Convective Available Potential Energy: 196.35
             CAPE using virtual temperature: 334.21
                      Convective Inhibition: -0.22
             CINS using virtual temperature: -0.10
                           Equilibrum Level: 475.93
 Equilibrum Level using virtual temperature: 470.45
                   Level of Free Convection: 953.29
             LFCT using virtual temperature: 955.74
                     Bulk Richardson Number: 24.19
          Bulk Richardson Number using CAPV: 41.17
  Temp [K] of the Lifted Condensation Level: 292.54
Pres [hPa] of the Lifted Condensation Level: 960.75
   Equivalent potential temp [K] of the LCL: 339.15
     Mean mixed layer potential temperature: 295.91
              Mean mixed layer mixing ratio: 14.98
              1000 hPa to 500 hPa thickness: 5693.00
Precipitable water [mm] for entire sounding: 37.99


    78866 TNCM Juliana Airport Observations at 12Z 25 Feb 1999

-----------------------------------------------------------------------------
   PRES   HGHT   TEMP   DWPT   RELH   MIXR   DRCT   SKNT   THTA   THTE   THTV
    hPa     m      C      C      %    g/kg    deg   knot     K      K      K 
-----------------------------------------------------------------------------
 1018.0      4   24.8   21.4     81  16.04    100     10  296.4  342.9  299.3
 1000.0    161   23.4   21.5     89  16.44    100     14  296.6  344.1  299.5
  983.5    305   22.2   20.7     91  15.86     95     14  296.7  342.7  299.5
  949.5    610   19.6   18.9     96  14.70     95     15  297.1  339.7  299.7
  925.0    837   17.6   17.6    100  13.88     95     18  297.3  337.6  299.8
  916.7    914   16.8   16.8    100  13.28    100     18  297.2  335.8  299.6
  911.0    968   16.2   16.2    100  12.88    101     18  297.2  334.6  299.5
  903.0   1043   15.4   14.2     93  11.40    102     18  297.1  330.3  299.1
  896.0   1109   15.4   13.9     91  11.26    103     17  297.8  330.7  299.8
  884.5   1219   15.4   12.2     81  10.17    105     17  298.9  328.8  300.7
  860.0   1458   15.4    8.4     63   8.10    101     15  301.3  325.5  302.7
  853.3   1524   14.7    8.4     66   8.17    100     15  301.2  325.7  302.7
  850.0   1557   14.4    8.4     67   8.20    100     14  301.2  325.8  302.7
  836.0   1697   13.8   10.9     83   9.89     95     12  302.0  331.5  303.8
  822.9   1829   13.0    9.6     80   9.22     90     11  302.5  330.2  304.2
  793.4   2134   11.1    6.7     74   7.82     95     10  303.7  327.4  305.1
  765.1   2438    9.2    3.8     69   6.61     85      7  304.8  325.1  306.1
  750.0   2604    8.2    2.2     66   6.02     82      8  305.4  324.0  306.6
  741.0   2704    7.4    1.4     66   5.75     81      9  305.6  323.4  306.7
  737.5   2743    7.0    2.9     75   6.45     80      9  305.7  325.5  306.9
  731.0   2816    6.4    5.8     96   7.97     78      9  305.7  330.1  307.2
  719.0   2952    5.6    2.4     80   6.37     73      9  306.3  326.0  307.5
  711.0   3043    6.2   -0.8     61   5.10     70      9  307.9  324.0  308.9
  710.6   3048    6.2   -1.3     59   4.93     70      9  308.0  323.5  308.9
  704.0   3124    6.4   -8.6     33   2.85     64      8  309.0  318.3  309.6
  700.0   3171    6.4   -9.6     31   2.65     60      8  309.5  318.2  310.0
  692.0   3265    7.2  -12.8     23   2.07     55      8  311.4  318.4  311.8
  689.0   3301    7.2  -13.8     21   1.92     53      8  311.8  318.3  312.2
  684.6   3353    6.8  -13.0     23   2.07     50      8  312.0  318.9  312.4
  671.0   3518    5.6  -10.4     31   2.59     55      8  312.4  321.0  312.9
  665.0   3591    5.6  -15.4     20   1.74     58      8  313.2  319.1  313.5
  661.0   3640    5.2  -14.8     22   1.84     59      8  313.3  319.6  313.6
  659.5   3658    5.1  -14.9     22   1.83     60      8  313.3  319.6  313.7
  635.0   3962    2.6  -16.6     23   1.66     60      8  314.0  319.6  314.3
  611.3   4267    0.2  -18.3     24   1.49      5      6  314.6  319.8  314.9
  588.4   4572   -2.2  -19.9     24   1.34    335      4  315.2  319.9  315.5
  568.0   4855   -4.5  -21.5     25   1.21    303      7  315.8  320.0  316.0
  566.4   4877   -4.5  -23.1     22   1.06    300      7  316.0  319.8  316.2
  565.0   4897   -4.5  -24.5     19   0.94    301      7  316.2  319.6  316.4
  558.0   4995   -4.9  -24.9     19   0.91    304      9  316.9  320.2  317.1
  554.0   5051   -5.1  -16.1     42   1.98    306      9  317.3  324.1  317.7
  550.0   5108   -3.9  -28.9     12   0.64    308     10  319.4  321.8  319.5
  544.9   5182   -3.6  -28.9     12   0.65    310     11  320.7  323.1  320.8
  535.0   5327   -2.9  -28.9     11   0.66    308     11  323.1  325.6  323.3
  524.3   5486   -3.4  -29.0     12   0.67    305     10  324.4  326.9  324.6
  509.0   5720   -4.1  -29.1     12   0.68    301     10  326.3  328.9  326.4
  504.4   5791   -4.6  -29.6     12   0.66    300     10  326.5  329.0  326.7
  500.0   5860   -5.1  -30.1     12   0.63    300     11  326.8  329.1  326.9
  484.9   6096   -6.9  -31.5     12   0.57    300     11  327.4  329.6  327.5
  448.1   6706  -11.6  -35.2     12   0.43    285     14  328.9  330.6  329.0
  427.0   7078  -14.5  -37.5     12   0.36    279     18  329.8  331.2  329.9
  413.8   7315  -15.8  -38.3     13   0.34    275     20  331.2  332.6  331.3
  400.0   7570  -17.1  -39.1     13   0.32    280     27  332.7  334.0  332.7
  381.4   7925  -18.7  -40.7     13   0.29    280     30  335.1  336.3  335.2
  379.0   7972  -18.9  -40.9     12   0.28    280     30  335.5  336.6  335.5
  350.6   8534  -23.6  -43.9     14   0.22    275     31  336.7  337.6  336.8
  322.2   9144  -28.6  -47.1     15   0.17    270     34  338.0  338.7  338.0
  300.0   9660  -32.9  -49.9     17   0.13    265     44  338.9  339.5  338.9
  295.9   9754  -33.7  -50.3     17   0.13    265     44  339.1  339.6  339.1
  271.0  10363  -38.8  -53.0     21   0.10    265     53  340.3  340.7  340.3
  259.3  10668  -41.4  -54.4     23   0.09    260     55  340.8  341.2  340.9
  250.0  10920  -43.5  -55.5     25   0.08    270     56  341.3  341.6  341.3
  225.9  11582  -48.7                         280     56  343.4         343.4
  205.8  12192  -53.4                         300     58  345.1         345.1
  200.0  12380  -54.9                         305     63  345.7         345.7
  196.0  12508  -55.3                         310     64  347.0         347.0
  171.0  13370  -58.1                         306     51  356.2         356.2
  161.7  13716  -60.8                         305     45  357.5         357.5
  150.0  14180  -64.3                         295     32  359.1         359.1
  146.4  14326  -65.3                         295     33  359.8         359.8
  125.7  15240  -71.8                         260     21  364.2         364.2
  123.0  15369  -72.7                         261     20  364.8         364.8
  107.4  16154  -75.6                         265     11  373.7         373.7
  100.0  16570  -77.1                         325     12  378.5         378.5
   96.7  16764  -78.7                         320     11  379.1         379.1
   90.5  17139  -81.7                         310     13  380.3         380.3
   78.3  17959  -79.1                         301     12  401.8         401.8
   71.7  18469  -73.3                         296     12  424.3         424.3
   70.2  18593  -74.0                         295     12  425.4         425.4
   70.0  18610  -74.1                         305      9  425.5         425.5
   67.9  18787  -75.3                         310      9  426.7         426.7
   57.0  19812  -69.7                         340      8  461.1         461.1
   56.6  19855  -69.5                         339      8  462.6         462.6
   51.2  20450  -71.1                         320      6  472.3         472.3
   50.0  20590  -70.3                         315      6  477.4         477.4
   46.5  21031  -65.5                         320      6  499.1         499.1
   46.2  21066  -65.1                         322      6  500.8         500.8
   43.9  21375  -66.9                         339      7  503.8         503.8
   40.0  21946  -65.5                          10      9  521.1         521.1
   34.4  22860  -63.1                          40     15  550.0         550.0
   33.5  23025  -62.7                          39     14  555.4         555.4
   30.0  23710  -59.7                          35     10  581.3         581.3
   28.3  24079  -58.0                          35     10  595.7         595.7
   24.6  24994  -53.7                           0      8  632.9         632.9
   21.3  25908  -49.4                         280      9  672.1         672.1
   20.5  26148  -48.3                         277     21  682.7         682.7
   20.0  26310  -48.3                         275     29  687.6         687.6
   18.5  26822  -48.1                         275     30  703.7         703.7
   17.4  27227  -47.9                                     716.8         716.8


      Station information and sounding indices

                         Station identifier: TNCM
                             Station number: 78866
                           Observation time: 990225/1200
                           Station latitude: 18.03
                          Station longitude: -63.11
                          Station elevation: 4.0
                            Showalter index: 8.31
                               Lifted index: 0.69
    LIFT computed using virtual temperature: -0.01
                                SWEAT index: 139.81
                                    K index: 11.90
                         Cross totals index: 13.50
                      Vertical totals index: 19.50
                        Totals totals index: 33.00
      Convective Available Potential Energy: 421.34
             CAPE using virtual temperature: 611.65
                      Convective Inhibition: -0.11
             CINS using virtual temperature: -0.01
                           Equilibrum Level: 248.36
 Equilibrum Level using virtual temperature: 247.64
                   Level of Free Convection: 957.02
             LFCT using virtual temperature: 960.41
                     Bulk Richardson Number: 67.10
          Bulk Richardson Number using CAPV: 97.41
  Temp [K] of the Lifted Condensation Level: 293.53
Pres [hPa] of the Lifted Condensation Level: 963.58
   Equivalent potential temp [K] of the LCL: 342.71
     Mean mixed layer potential temperature: 296.67
              Mean mixed layer mixing ratio: 15.91
              1000 hPa to 500 hPa thickness: 5699.00
Precipitable water [mm] for entire sounding: 37.41


    78866 TNCM Juliana Airport Observations at 12Z 26 Feb 1999

-----------------------------------------------------------------------------
   PRES   HGHT   TEMP   DWPT   RELH   MIXR   DRCT   SKNT   THTA   THTE   THTV
    hPa     m      C      C      %    g/kg    deg   knot     K      K      K 
-----------------------------------------------------------------------------
 1017.0      4   24.4   20.8     80  15.46     90     12  296.1  340.8  298.9
 1000.0    154   23.4   19.8     80  14.76     90     16  296.6  339.3  299.2
  998.0    172   23.2   19.7     81  14.70     90     16  296.5  339.1  299.1
  982.7    305   22.1   18.9     82  14.18     90     18  296.7  337.8  299.2
  948.7    610   19.6   17.0     85  13.04     95     17  297.2  335.1  299.5
  925.0    829   17.8   15.7     88  12.27     95     16  297.5  333.3  299.7
  915.8    914   17.2   15.1     88  11.91     95     15  297.7  332.5  299.8
  883.5   1219   14.9   12.9     88  10.67     90     13  298.4  329.7  300.3
  852.3   1524   12.6   10.7     88   9.54     80     14  299.1  327.2  300.8
  850.0   1547   12.4   10.5     88   9.46     80     14  299.1  327.1  300.8
  846.0   1587   12.2   10.4     89   9.44     81     14  299.3  327.2  301.0
  822.0   1828   11.2    5.2     67   6.79     90     12  300.7  321.2  302.0
  821.9   1829   11.2    5.2     67   6.79     90     12  300.7  321.2  302.0
  802.0   2033    9.8    5.0     72   6.86     97     11  301.4  322.1  302.6
  792.3   2134    9.4    3.8     68   6.38    100     10  302.0  321.3  303.1
  764.0   2436    8.2    0.2     57   5.11    100     11  303.8  319.6  304.8
  763.8   2438    8.2    0.1     57   5.08    100     11  303.9  319.5  304.8
  740.0   2699    6.8   -9.2     31   2.59     91      8  305.1  313.4  305.6
  737.0   2732    6.6   -5.4     42   3.49     90      8  305.2  316.3  305.9
  736.0   2743    6.8   -6.2     39   3.30     90      8  305.6  316.1  306.2
  731.0   2799    8.0  -10.0     27   2.46     84      8  307.5  315.5  307.9
  709.2   3048    7.4  -13.3     21   1.94     60      9  309.5  316.0  309.9
  700.0   3156    7.2  -14.8     19   1.74     55     11  310.4  316.3  310.8
  699.0   3168    7.2  -14.8     19   1.74     55     11  310.6  316.4  310.9
  683.2   3353    6.0  -16.2     19   1.59     55     12  311.3  316.7  311.6
  658.1   3658    4.1  -18.5     17   1.36     45     12  312.5  317.2  312.8
  633.9   3962    2.2  -20.7     16   1.16     30     11  313.7  317.8  313.9
  631.0   3999    2.0  -21.0     16   1.14     29     11  313.8  317.8  314.1
  610.3   4267    1.8  -23.0     14   0.99     25     11  316.6  320.1  316.8
  596.0   4458    1.6  -24.4     12   0.90     13     10  318.5  321.8  318.7
  587.6   4572    1.2  -24.4     13   0.91      5     10  319.3  322.6  319.5
  565.6   4877    0.1  -24.5     14   0.94    335      8  321.5  324.9  321.7
  555.0   5028   -0.5  -24.5     14   0.95    335      8  322.6  326.1  322.8
  544.3   5182   -1.7  -25.2     15   0.91    335      7  322.9  326.2  323.1
  523.8   5486   -4.2  -26.7     15   0.83    320     10  323.6  326.6  323.7
  513.0   5650   -5.5  -27.5     16   0.78    312     12  323.9  326.8  324.0
  503.8   5791   -6.6  -27.2     18   0.82    305     13  324.2  327.2  324.4
  500.0   5850   -7.1  -27.1     19   0.83    300     15  324.3  327.4  324.5
  484.4   6096   -9.4  -24.0     29   1.14    295     17  324.4  328.6  324.7
  477.0   6215  -10.5  -22.5     37   1.32    295     19  324.5  329.3  324.8
  460.0   6494  -12.5  -28.5     25   0.80    295     25  325.4  328.4  325.6
  447.3   6706  -13.7  -29.9     24   0.72    295     29  326.4  329.1  326.6
  412.6   7315  -17.3  -34.1     22   0.52    280     39  329.4  331.5  329.6
  400.0   7550  -18.7  -35.7     21   0.46    270     43  330.6  332.4  330.7
  385.0   7834  -19.3  -38.3     17   0.37    266     45  333.4  334.9  333.5
  380.3   7925  -20.1  -38.6     17   0.36    265     46  333.6  335.0  333.7
  354.0   8452  -24.5  -40.5     21   0.32    265     55  334.5  335.8  334.6
  350.0   8534  -23.6  -40.3     20   0.33    265     56  336.9  338.2  337.0
  349.0   8556  -23.3  -40.3     20   0.33    265     56  337.5  338.9  337.6
  344.0   8661  -24.1  -41.1     19   0.31    265     56  337.8  339.1  337.9
  321.5   9144  -28.7  -44.3     21   0.23    265     56  338.0  339.0  338.1
  300.0   9640  -33.5  -47.5     23   0.18    260     56  338.0  338.8  338.1
  295.1   9754  -34.4  -47.8     24   0.17    260     56  338.4  339.1  338.4
  277.0  10193  -37.9  -48.9     31   0.16    256     57  339.5  340.2  339.5
  270.1  10363  -39.1  -50.3     29   0.14    255     58  340.2  340.8  340.2
  258.3  10668  -41.2  -52.9     27   0.11    260     60  341.5  342.0  341.5
  250.0  10890  -42.7  -54.7     26   0.09    265     63  342.4  342.9  342.5
  225.3  11582  -49.2  -59.4     29   0.06    275     65  342.9  343.1  342.9
  222.0  11679  -50.1  -60.1     30   0.05    279     67  342.9  343.1  342.9
  221.0  11709  -50.1  -60.2     30   0.05    280     68  343.3  343.5  343.3
  205.2  12192  -50.7  -61.5     27   0.05    285     66  349.7  350.0  349.7
  200.0  12360  -50.9  -61.9     26   0.05    280     55  352.0  352.2  352.0
  197.0  12458  -51.1                         279     54  353.2         353.2
  161.4  13716  -60.9                         265     41  357.4         357.4
  150.0  14180  -64.5                         265     38  358.8         358.8
  146.4  14326  -65.7                         265     39  359.1         359.1
  127.0  15175  -72.9                         274     33  361.1         361.1
  125.6  15240  -73.1                         275     33  361.9         361.9
  107.3  16154  -76.0                         260     22  373.1         373.1
  100.0  16560  -77.3                         250     10  378.1         378.1
   96.5  16764  -78.3                         250     11  380.1         380.1
   82.8  17628  -82.5                                     388.5         388.5
   80.2  17806  -82.9                                     391.2         391.2
   70.3  18547  -78.9                                     414.8         414.8
   26.5  25601   26.6                                     845.8         845.8
   19.8  27831  -50.1                                     684.0         684.0
   18.0  28453  -49.9                                     703.5         703.5


      Station information and sounding indices

                         Station identifier: TNCM
                             Station number: 78866
                           Observation time: 990226/1200
                           Station latitude: 18.03
                          Station longitude: -63.11
                          Station elevation: 4.0
                            Showalter index: 5.66
                               Lifted index: 0.49
    LIFT computed using virtual temperature: -0.07
                                SWEAT index: 169.01
                                    K index: 8.00
                         Cross totals index: 17.60
                      Vertical totals index: 19.50
                        Totals totals index: 37.10
      Convective Available Potential Energy: 168.56
             CAPE using virtual temperature: 298.64
                      Convective Inhibition: -4.57
             CINS using virtual temperature: -2.14
                           Equilibrum Level: 403.85
 Equilibrum Level using virtual temperature: 398.11
                   Level of Free Convection: 923.88
             LFCT using virtual temperature: 932.08
                     Bulk Richardson Number: 16.07
          Bulk Richardson Number using CAPV: 28.47
  Temp [K] of the Lifted Condensation Level: 291.58
Pres [hPa] of the Lifted Condensation Level: 941.78
   Equivalent potential temp [K] of the LCL: 338.28
     Mean mixed layer potential temperature: 296.63
              Mean mixed layer mixing ratio: 14.40
              1000 hPa to 500 hPa thickness: 5696.00
Precipitable water [mm] for entire sounding: 32.66


    78866 TNCM Juliana Airport Observations at 12Z 27 Feb 1999

-----------------------------------------------------------------------------
   PRES   HGHT   TEMP   DWPT   RELH   MIXR   DRCT   SKNT   THTA   THTE   THTV
    hPa     m      C      C      %    g/kg    deg   knot     K      K      K 
-----------------------------------------------------------------------------
 1017.0      4   25.4   21.0     77  15.65     60      5  297.1  342.6  299.9
 1009.0     74   24.0   19.9     78  14.72     69      6  296.4  339.0  299.0
 1000.0    154   23.0   19.9     83  14.86     80      7  296.1  339.1  298.8
  982.8    305   21.6   20.1     91  15.29     95      8  296.2  340.4  298.9
  981.0    321   21.4   20.1     92  15.34     95      8  296.2  340.5  298.9
  962.0    491   20.0   19.6     98  15.16     92      9  296.4  340.3  299.1
  948.8    610   19.3   18.6     96  14.44     90      9  296.9  338.8  299.4
  925.0    829   18.0   16.8     93  13.18     75      7  297.7  336.1  300.1
  915.8    914   17.4   16.3     93  12.87     75      7  297.9  335.5  300.2
  883.6   1219   15.2   14.4     95  11.79     80      5  298.7  333.2  300.8
  856.0   1490   13.2   12.7     97  10.89     49      5  299.4  331.4  301.3
  852.5   1524   13.0   12.2     95  10.60     45      5  299.5  330.7  301.4
  850.0   1549   12.8   11.9     94  10.40     40      5  299.5  330.2  301.4
  837.0   1679   12.0   10.6     91   9.68     31      5  300.0  328.7  301.8
  822.1   1829   11.2    9.3     88   9.02     20      4  300.8  327.6  302.4
  802.0   2036   10.2    7.5     83   8.17     27      5  301.8  326.3  303.3
  793.0   2130   10.4    2.4     58   5.77     30      5  303.0  320.6  304.0
  792.6   2134   10.4    2.5     58   5.83     30      5  303.0  320.8  304.1
  777.0   2299    9.4    7.9     90   8.67     52      6  303.7  329.9  305.3
  768.0   2396    8.8    2.8     66   6.13     64      6  304.0  322.8  305.2
  764.1   2438    8.5    4.2     75   6.83     70      6  304.2  325.0  305.4
  755.0   2537    7.8    7.6     99   8.75     80      7  304.4  330.9  306.0
  736.4   2743    6.9    6.8     99   8.50    100      9  305.6  331.5  307.2
  722.0   2905    6.2    6.2    100   8.30    100      7  306.6  332.0  308.1
  713.0   3008    6.2    3.9     85   7.15    100      6  307.7  329.8  309.0
  709.5   3048    6.3   -3.2     51   4.27    100      6  308.2  321.8  309.0
  706.0   3089    6.4  -10.6     28   2.43     93      5  308.8  316.7  309.2
  700.0   3159    6.0   -6.0     42   3.51     80      4  309.1  320.4  309.8
  699.0   3171    5.8   -5.2     45   3.73     79      4  309.0  321.0  309.7
  695.0   3218    5.6   -8.4     36   2.93     75      4  309.3  318.8  309.8
  688.0   3301    5.4  -13.6     24   1.96     69      3  310.0  316.5  310.3
  684.0   3348    5.2   -7.8     39   3.12     65      3  310.2  320.4  310.8
  683.6   3353    5.2   -8.2     37   3.03     65      3  310.3  320.2  310.9
  673.0   3481    4.8  -18.2     17   1.36     17      2  311.2  315.9  311.5
  668.0   3541    4.2  -12.8     28   2.15    354      2  311.2  318.4  311.6
  658.5   3658    3.8  -17.9     19   1.43    310      1  312.1  317.0  312.4
  652.0   3738    3.6  -21.4     14   1.07    306      2  312.7  316.4  312.9
  634.2   3962    2.7  -21.8     14   1.06    295      3  314.2  317.9  314.4
  610.6   4267    1.4  -22.4     15   1.04    305     10  316.1  319.8  316.3
  588.0   4572    0.2  -23.0     16   1.03    295     16  318.1  321.8  318.3
  583.0   4640   -0.1  -23.1     16   1.03    293     17  318.6  322.2  318.8
  565.9   4877   -2.1  -19.7     25   1.42    285     19  318.9  323.9  319.2
  561.0   4947   -2.7  -18.7     28   1.57    283     19  319.0  324.5  319.3
  544.5   5182   -4.2  -26.1     16   0.84    275     20  320.0  323.0  320.1
  539.0   5263   -4.7  -28.7     13   0.67    272     20  320.3  322.8  320.4
  523.8   5486   -6.1  -29.7     14   0.62    265     21  321.2  323.5  321.3
  503.8   5791   -8.1  -31.2     14   0.57    255     23  322.4  324.5  322.5
  502.0   5819   -8.3  -31.3     14   0.56    255     23  322.5  324.6  322.6
  500.0   5850   -8.5  -30.5     15   0.61    255     24  322.6  324.9  322.7
  484.1   6096  -10.7  -31.2     17   0.59    255     25  322.9  325.1  323.0
  450.0   6655  -15.7  -32.7     22   0.55    255     33  323.4  325.5  323.5
  446.9   6706  -15.8  -33.2     21   0.52    255     34  323.9  325.9  324.0
  414.0   7281  -16.9  -38.9     13   0.32    260     52  329.7  330.9  329.7
  412.1   7315  -16.5  -38.8     13   0.32    260     53  330.6  331.9  330.6
  407.0   7409  -15.5  -38.5     12   0.34    262     54  333.1  334.5  333.2
  402.0   7502  -16.1  -39.1     12   0.32    264     56  333.5  334.8  333.6
  400.0   7540  -15.9  -38.9     12   0.33    265     56  334.2  335.6  334.3
  390.0   7730  -16.9  -38.9     13   0.34    270     58  335.4  336.7  335.4
  379.7   7925  -18.5  -39.9     13   0.32    275     61  335.8  337.1  335.9
  349.2   8534  -23.5  -42.9     15   0.25    275     68  337.2  338.3  337.3
  321.2   9144  -28.4  -46.0     17   0.19    265     69  338.5  339.3  338.6
  300.0   9640  -32.5  -48.5     19   0.16    265     69  339.4  340.1  339.5
  295.1   9754  -33.4  -49.2     19   0.15    265     69  339.8  340.4  339.8
  270.2  10363  -38.4  -53.2     19   0.10    265     71  341.2  341.7  341.3
  258.5  10668  -40.8  -55.2     20   0.08    265     71  341.9  342.3  342.0
  250.0  10900  -42.7  -56.7     20   0.07    265     73  342.4  342.8  342.5
  225.5  11582  -48.5  -61.7     20   0.04    275     78  343.8  344.0  343.8
  224.0  11625  -48.9  -62.0     20   0.04    275     79  343.9  344.1  343.9
  220.0  11745  -49.9  -62.9     20   0.04    276     78  344.1  344.3  344.1
  205.3  12192  -52.1                         280     76  347.5         347.5
  200.0  12360  -52.9                         280     72  348.8         348.8
  178.0  13108  -54.3                         275     68  358.4         358.4
  161.5  13716  -59.6                         270     64  359.5         359.5
  150.0  14180  -63.7                         265     60  360.1         360.1
  146.4  14326  -65.0                         265     61  360.4         360.4
  125.5  15240  -73.2                         260     52  361.7         361.7
  119.0  15556  -76.1                         255     43  362.0         362.0
  107.3  16154  -75.9                         250     37  373.3         373.3
  100.0  16560  -75.7                         255     27  381.2         381.2
   96.6  16761  -75.3                         255     28  385.8         385.8
   96.5  16764  -75.3                         255     28  385.8         385.8
   73.9  18300  -79.5                         289     13  407.6         407.6
   72.7  18393  -79.9                         291     12  408.7         408.7
   70.2  18593  -76.2                         295     10  420.7         420.7
   70.0  18610  -75.9                         300      8  421.7         421.7
   69.1  18685  -74.7                         300      8  425.8         425.8
   57.1  19812  -71.1                         305      7  457.7         457.7
   50.2  20576  -68.7                         329      5  480.6         480.6
   50.0  20600  -68.3                         330      5  482.1         482.1
   47.9  20860  -64.7                         333      4  496.6         496.6
   46.6  21031  -65.3                         335      4  499.1         499.1
   44.6  21294  -66.3                         348      4  503.0         503.0
   40.1  21946  -64.6                          20      5  522.9         522.9
   34.5  22860  -62.1                          25      7  551.9         551.9
   32.8  23178  -61.3                           1      7  562.4         562.4
   30.0  23740  -54.9                         320      8  594.4         594.4
   28.5  24079  -52.9                         320      8  608.9         608.9
   28.3  24115  -52.7                         319      8  610.5         610.5
   24.7  24994  -53.4                         295     13  632.7         632.7
   23.3  25370  -53.7                         287     15  642.4         642.4
   21.4  25908  -52.0                         275     18  663.0         663.0
   20.0  26360  -50.5                         260     31  680.8         680.8
   18.6  26822  -50.2                         260     32  695.7         695.7
   16.7  27537  -49.7                         222     18  719.4         719.4
   15.5  28042  -47.2                         195      9  743.5         743.5
   14.6  28425  -45.3                                     762.3         762.3


      Station information and sounding indices

                         Station identifier: TNCM
                             Station number: 78866
                           Observation time: 990227/1200
                           Station latitude: 18.03
                          Station longitude: -63.11
                          Station elevation: 4.0
                            Showalter index: 2.73
                               Lifted index: -1.61
    LIFT computed using virtual temperature: -2.25
                                SWEAT index: 176.79
                                    K index: 21.20
                         Cross totals index: 20.40
                      Vertical totals index: 21.30
                        Totals totals index: 41.70
      Convective Available Potential Energy: 399.06
             CAPE using virtual temperature: 555.79
                      Convective Inhibition: -0.80
             CINS using virtual temperature: -0.44
                           Equilibrum Level: 411.64
 Equilibrum Level using virtual temperature: 410.58
                   Level of Free Convection: 938.77
             LFCT using virtual temperature: 945.74
                     Bulk Richardson Number: 43.65
          Bulk Richardson Number using CAPV: 60.80
  Temp [K] of the Lifted Condensation Level: 292.61
Pres [hPa] of the Lifted Condensation Level: 957.02
   Equivalent potential temp [K] of the LCL: 339.99
     Mean mixed layer potential temperature: 296.31
              Mean mixed layer mixing ratio: 15.11
              1000 hPa to 500 hPa thickness: 5696.00
Precipitable water [mm] for entire sounding: 38.40

Description of the data columns
<http://weather.uwyo.edu/upperair/columns.html> or sounding indices
<http://weather.uwyo.edu/upperair/indices.html>.

------------------------------------------------------------------------
/Interested in graduate studies in atmospheric science? Check out our
program at the University of Wyoming
<http://www.uwyo.edu/atsc/howtoapply/>/
------------------------------------------------------------------------
Questions about the weather data provided by this site can be addressed
to Larry Oolman (ldoolman@uwyo.edu) <mailto:ldoolman@uwyo.edu>
------------------------------------------------------------------------
