
    78866 TNCM Juliana Airport Observations at 12Z 28 Apr 2011

-----------------------------------------------------------------------------
   PRES   HGHT   TEMP   DWPT   RELH   MIXR   DRCT   SKNT   THTA   THTE   THTV
    hPa     m      C      C      %    g/kg    deg   knot     K      K      K 
-----------------------------------------------------------------------------
 1017.0      4   26.2   20.2     70  14.88    100     15  297.9  341.3  300.6
 1000.0    166   23.8   14.8     57  10.69     95     19  296.9  328.2  298.9
  998.0    183   23.8   14.8     57  10.71     95     19  297.1  328.4  299.0
  983.9    305   21.9    7.1     38   6.46     95     23  296.4  315.5  297.6
  969.0    435   19.8   -1.2     24   3.63     93     26  295.6  306.6  296.2
  949.0    610   17.2   -3.8     24   3.05     90     31  294.7  304.1  295.3
  925.0    825   14.0   -7.0     23   2.46     85     37  293.6  301.2  294.1
  915.4    914   12.7   -7.7     23   2.34     85     39  293.2  300.4  293.6
  907.0    993   11.6   -8.4     24   2.25     84     41  292.8  299.7  293.2
  883.3   1219   10.9   -9.1     24   2.19     80     46  294.4  301.2  294.8
  878.0   1270   10.8   -9.2     24   2.18     79     45  294.7  301.5  295.1
  850.0   1545   10.2  -10.8     22   1.98     75     41  296.8  303.1  297.2
  844.0   1603   10.2   -8.8     25   2.34     75     41  297.4  304.8  297.8
  821.1   1829    9.9  -13.1     18   1.71     75     39  299.4  304.9  299.7
  815.0   1890    9.8  -14.2     17   1.57     74     38  300.0  305.1  300.3
  808.0   1961   10.0  -19.0     11   1.06     73     38  300.9  304.5  301.1
  791.2   2134   10.0  -13.4     18   1.73     70     36  302.8  308.4  303.1
  764.0   2421   10.0   -4.0     37   3.74     65     32  305.8  317.6  306.5
  762.4   2438   10.0   -4.1     37   3.72     65     32  305.9  317.7  306.6
  734.6   2743    9.2   -5.9     34   3.38     55     25  308.4  319.2  309.0
  711.0   3011    8.6   -7.4     31   3.10     41     17  310.6  320.7  311.2
  702.0   3115    8.2   -2.8     46   4.46     36     14  311.3  325.6  312.1
  700.0   3138    8.0   -5.0     39   3.78     35     13  311.3  323.5  312.0
  696.0   3185    8.0  -10.0     27   2.58     24     12  311.8  320.4  312.3
  682.0   3353    7.4  -12.2     23   2.21    345      8  312.9  320.4  313.4
  678.0   3401    7.2  -12.8     23   2.12    342      8  313.3  320.4  313.7
  676.0   3425    7.0  -13.0     23   2.09    340      8  313.3  320.3  313.7
  661.0   3609    5.4   -8.6     36   3.04    328      9  313.5  323.5  314.1
  657.1   3658    4.9   -6.6     43   3.56    325      9  313.5  325.1  314.2
  650.0   3746    4.0   -3.0     60   4.74    323      9  313.4  328.7  314.4
  623.0   4090    1.6   -3.4     69   4.80    314     10  314.5  330.0  315.4
  609.4   4267    0.7   -7.4     55   3.62    310     10  315.4  327.4  316.1
  584.0   4609   -1.1  -15.1     34   2.04    307     12  317.2  324.2  317.6
  564.6   4877   -3.0  -15.5     37   2.03    305     13  318.1  325.1  318.5
  557.0   4985   -3.7  -15.7     39   2.03    302     13  318.5  325.5  318.9
  546.0   5143   -4.9  -17.9     35   1.72    298     14  318.9  324.9  319.2
  529.0   5391   -5.9  -26.9     17   0.80    292     15  320.6  323.5  320.7
  507.0   5722   -8.3  -26.3     22   0.89    283     16  321.6  324.8  321.8
  500.0   5830   -9.1  -30.1     16   0.63    280     16  321.9  324.2  322.0
  483.0   6096  -10.0  -41.2      6   0.22    280     16  323.9  324.8  324.0
  475.0   6225  -10.5  -46.5      3   0.12    281     16  324.9  325.4  324.9
  469.0   6322  -11.1  -37.1     10   0.34    282     17  325.3  326.7  325.4
  462.0   6437  -12.1  -26.1     30   0.99    284     17  325.5  329.1  325.7
  456.0   6536  -12.9  -31.9     19   0.58    285     17  325.7  327.9  325.8
  428.3   7010  -15.9  -31.4     25   0.65    290     18  327.7  330.2  327.9
  425.0   7068  -16.3  -31.3     26   0.66    289     19  328.0  330.5  328.1
  412.0   7300  -18.3  -25.3     54   1.19    284     21  328.3  332.7  328.6
  400.0   7520  -19.7  -28.7     45   0.90    280     23  329.3  332.7  329.5
  395.0   7613  -20.5  -29.5     44   0.85    280     24  329.4  332.6  329.6
  394.6   7620  -20.6  -29.5     45   0.85    280     24  329.4  332.6  329.6
  373.0   8034  -24.3  -28.4     69   0.99    275     30  329.8  333.5  330.0
  371.0   8073  -24.3  -28.6     68   0.98    274     31  330.4  334.0  330.6
  365.0   8192  -24.5  -39.5     24   0.34    273     32  331.6  333.0  331.7
  344.0   8620  -27.3  -48.3     12   0.14    268     39  333.5  334.1  333.5
  333.6   8839  -28.8  -51.2     10   0.10    265     42  334.4  334.9  334.4
  323.0   9070  -30.3  -54.3      8   0.07    265     42  335.4  335.7  335.4
  319.6   9144  -31.0  -52.2     11   0.10    265     42  335.4  335.9  335.5
  304.0   9498  -34.3  -42.3     44   0.31    269     44  335.6  336.9  335.7
  300.0   9590  -34.9  -41.9     49   0.32    270     44  336.1  337.4  336.1
  296.0   9683  -36.1  -43.1     48   0.29    270     45  335.7  336.8  335.7
  292.0   9778  -36.7  -44.7     43   0.25    270     46  336.1  337.1  336.2
  272.0  10266  -39.5  -58.5     11   0.05    270     51  338.9  339.2  338.9
  244.9  10973  -43.8  -62.8     10   0.03    270     59  342.8  343.0  342.8
  227.0  11483  -46.9  -65.9     10   0.02                345.6  345.7  345.6


      Station information and sounding indices

                         Station identifier: TNCM
                             Station number: 78866
                           Observation time: 110428/1200
                           Station latitude: 18.03
                          Station longitude: -63.11
                          Station elevation: 4.0
                            Showalter index: 17.77
                               Lifted index: 8.24
    LIFT computed using virtual temperature: 8.03
                                SWEAT index: 98.02
                                    K index: -4.50
                         Cross totals index: -1.70
                      Vertical totals index: 19.30
                        Totals totals index: 17.60
      Convective Available Potential Energy: 0.00
             CAPE using virtual temperature: 0.00
                      Convective Inhibition: 0.00
             CINS using virtual temperature: 0.00
                     Bulk Richardson Number: 0.00
          Bulk Richardson Number using CAPV: 0.00
  Temp [K] of the Lifted Condensation Level: 279.38
Pres [hPa] of the Lifted Condensation Level: 811.40
   Equivalent potential temp [K] of the LCL: 318.36
     Mean mixed layer potential temperature: 296.58
              Mean mixed layer mixing ratio: 8.28
              1000 hPa to 500 hPa thickness: 5664.00
Precipitable water [mm] for entire sounding: 17.99


    78866 TNCM Juliana Airport Observations at 12Z 29 Apr 2011

-----------------------------------------------------------------------------
   PRES   HGHT   TEMP   DWPT   RELH   MIXR   DRCT   SKNT   THTA   THTE   THTV
    hPa     m      C      C      %    g/kg    deg   knot     K      K      K 
-----------------------------------------------------------------------------
 1015.0      4   25.4    0.4     19   3.90    110     11  297.3  309.2  298.0
 1001.0    127   24.0   18.0     69  13.14     96     17  297.1  335.3  299.4
 1000.0    136   23.8   17.8     69  12.99     95     17  296.9  334.7  299.3
  996.0    171   23.6   18.6     74  13.73     92     18  297.1  337.0  299.5
  980.9    305   22.3   18.3     78  13.70     80     22  297.1  336.9  299.6
  947.2    610   19.4   17.7     90  13.62     90     22  297.1  336.7  299.6
  938.0    695   18.6   17.5     93  13.60     88     23  297.1  336.6  299.6
  925.0    816   18.0   16.5     91  12.93     85     24  297.7  335.4  300.0
  914.5    914   17.6   15.6     88  12.31     85     24  298.3  334.3  300.5
  899.0   1060   17.0   14.2     84  11.45     87     23  299.1  332.8  301.2
  882.3   1219   15.8   13.5     86  11.14     90     21  299.5  332.3  301.5
  850.0   1535   13.4   12.1     92  10.54     85     18  300.2  331.3  302.1
  840.0   1635   13.0   12.3     96  10.81     85     18  300.8  332.8  302.7
  820.8   1829   11.9   11.1     95  10.23     85     19  301.6  332.1  303.5
  791.4   2134   10.2    9.3     94   9.38     90     18  303.0  331.1  304.7
  771.0   2353    9.0    8.0     93   8.80     94     16  303.9  330.5  305.5
  766.0   2406    8.0    1.0     61   5.40     94     15  303.4  320.0  304.4
  764.0   2428    8.2    0.2     57   5.11     95     15  303.8  319.6  304.8
  763.1   2438    8.4   -0.2     55   4.97     95     15  304.2  319.6  305.1
  758.0   2493    9.6   -2.4     43   4.25     95     14  306.0  319.4  306.8
  755.0   2526   10.0  -19.0     11   1.13     95     14  306.8  310.7  307.0
  754.0   2537   10.0  -23.0      8   0.80     95     13  306.9  309.7  307.1
  750.0   2581   10.0  -39.0      2   0.17     95     13  307.4  308.1  307.4
  744.0   2648   10.0  -38.0      2   0.20     95     12  308.1  308.9  308.1
  735.5   2743    9.3  -38.7      2   0.18     95     10  308.4  309.1  308.4
  732.0   2783    9.0  -39.0      2   0.18     96     10  308.4  309.1  308.5
  723.0   2885    8.0  -10.0     27   2.49     98      9  308.4  316.6  308.9
  718.0   2942    8.2  -31.8      4   0.37    100      9  309.3  310.6  309.4
  700.0   3151    7.0  -26.0      7   0.66    105      7  310.2  312.6  310.3
  682.9   3353    6.1  -29.8      6   0.48    115      4  311.4  313.2  311.5
  657.8   3658    4.8  -35.5      3   0.28     35      1  313.3  314.4  313.3
  643.0   3844    4.0  -39.0      3   0.20    354      2  314.4  315.2  314.5
  615.0   4204    2.2  -14.8     27   1.98    274      5  316.4  323.1  316.8
  610.2   4267    1.8  -15.4     27   1.90    260      5  316.6  323.1  317.0
  587.4   4572   -0.1  -18.4     24   1.54    245      4  317.9  323.3  318.2
  573.0   4770   -1.3  -20.3     22   1.34    258      5  318.7  323.4  319.0
  566.0   4868   -1.7  -40.7      3   0.19    264      5  319.4  320.1  319.4
  565.4   4877   -1.7  -40.7      3   0.19    265      5  319.5  320.2  319.5
  562.0   4924   -1.7  -40.7      3   0.20    268      5  320.0  320.8  320.1
  544.0   5182   -3.8  -38.3      5   0.26    285      8  320.5  321.6  320.6
  538.0   5269   -4.5  -37.5      6   0.28    281      9  320.7  321.8  320.8
  522.0   5506   -6.7  -18.7     38   1.68    269     12  320.8  326.7  321.2
  503.2   5791   -9.1  -18.5     46   1.77    255     15  321.3  327.5  321.7
  500.0   5840   -9.5  -18.5     48   1.79    255     15  321.4  327.6  321.7
  493.0   5949  -10.5  -17.5     56   1.97    255     16  321.5  328.3  321.9
  489.0   6011  -10.9  -19.9     47   1.62    255     16  321.7  327.4  322.0
  483.6   6096  -11.3  -18.3     56   1.87    255     17  322.3  328.8  322.6
  478.0   6186  -11.7  -16.7     66   2.18    255     18  322.8  330.4  323.3
  464.0   6413  -12.5  -51.5      2   0.07    254     21  324.6  324.9  324.6
  449.0   6663  -13.3  -43.6      6   0.18    253     24  326.6  327.4  326.7
  437.0   6868  -15.1  -37.1     13   0.36    252     27  326.9  328.3  327.0
  433.0   6937  -15.7  -22.7     55   1.43    252     27  327.0  332.2  327.3
  426.0   7060  -16.3  -21.3     65   1.65    252     29  327.8  333.7  328.1
  411.0   7328  -18.5  -25.5     54   1.18    251     32  328.3  332.6  328.5
  409.0   7365  -18.7  -23.4     66   1.43    251     33  328.5  333.7  328.8
  400.0   7530  -19.7  -30.7     37   0.75    250     35  329.3  332.1  329.4
  395.2   7620  -20.1  -39.4     16   0.32    250     34  329.9  331.2  330.0
  393.0   7661  -20.3  -43.3     11   0.21    250     34  330.2  331.0  330.2
  382.0   7871  -21.5  -22.6     91   1.64    252     35  331.3  337.2  331.6
  375.0   8007  -22.7  -29.7     53   0.87    252     36  331.5  334.8  331.6
  350.0   8508  -27.1  -31.6     66   0.78    256     39  332.1  335.1  332.3
  320.1   9144  -31.7  -42.5     33   0.28    260     43  334.4  335.5  334.4
  315.0   9259  -32.5  -44.5     29   0.23                334.8  335.7  334.8
  295.0   9718  -35.7  -43.7     44   0.27                336.6  337.7  336.6
  285.0   9957  -37.1  -61.1      6   0.04                337.9  338.0  337.9


      Station information and sounding indices

                         Station identifier: TNCM
                             Station number: 78866
                           Observation time: 110429/1200
                           Station latitude: 18.03
                          Station longitude: -63.11
                          Station elevation: 4.0
                            Showalter index: 1.20
                               Lifted index: 1.25
    LIFT computed using virtual temperature: 0.99
                                SWEAT index: 196.21
                                    K index: 2.00
                         Cross totals index: 21.60
                      Vertical totals index: 22.90
                        Totals totals index: 44.50
      Convective Available Potential Energy: 0.34
             CAPE using virtual temperature: 2.02
                      Convective Inhibition: -55.61
             CINS using virtual temperature: -57.84
                           Equilibrum Level: 763.81
 Equilibrum Level using virtual temperature: 761.22
                   Level of Free Convection: 768.45
             LFCT using virtual temperature: 769.85
                     Bulk Richardson Number: 0.03
          Bulk Richardson Number using CAPV: 0.16
  Temp [K] of the Lifted Condensation Level: 287.56
Pres [hPa] of the Lifted Condensation Level: 891.94
   Equivalent potential temp [K] of the LCL: 331.17
     Mean mixed layer potential temperature: 297.12
              Mean mixed layer mixing ratio: 12.37
              1000 hPa to 500 hPa thickness: 5704.00
Precipitable water [mm] for entire sounding: 33.35

Description of the data columns
<http://weather.uwyo.edu/upperair/columns.html> or sounding indices
<http://weather.uwyo.edu/upperair/indices.html>.

------------------------------------------------------------------------
/Interested in graduate studies in atmospheric science? Check out our
program at the University of Wyoming
<http://www.uwyo.edu/atsc/howtoapply/>/
------------------------------------------------------------------------
Questions about the weather data provided by this site can be addressed
to Larry Oolman (ldoolman@uwyo.edu) <mailto:ldoolman@uwyo.edu>
------------------------------------------------------------------------
