
    78866 TNCM Juliana Airport Observations at 21Z 14 Jul 2003

-----------------------------------------------------------------------------
   PRES   HGHT   TEMP   DWPT   RELH   MIXR   DRCT   SKNT   THTA   THTE   THTV
    hPa     m      C      C      %    g/kg    deg   knot     K      K      K 
-----------------------------------------------------------------------------
 1017.0      4   29.8   20.8     59  15.46     90     15  301.5  347.3  304.3
 1000.0    148   27.0   21.0     70  15.93     75     16  300.1  347.0  303.0
  997.0    175   26.6   20.6     70  15.58     74     16  300.0  345.8  302.8
  982.9    305   25.4   21.0     77  16.24     70     17  300.0  347.7  302.9
  974.0    387   24.6   21.3     82  16.67     66     17  300.0  349.0  303.0
  953.0    584   23.2   19.0     77  14.73     56     18  300.4  343.9  303.1
  950.3    610   23.0   19.0     78  14.75     55     18  300.5  344.0  303.2
  925.0    852   21.2   18.7     86  14.90     50     13  301.0  345.0  303.7
  922.0    881   20.6   18.4     87  14.66     52     14  300.6  343.9  303.3
  918.5    914   20.4   18.1     87  14.44     55     15  300.8  343.4  303.4
  887.1   1219   18.6   15.3     81  12.49     60     20  301.9  339.0  304.2
  856.8   1524   16.8   12.5     76  10.76     65     20  303.1  335.3  305.0
  850.0   1594   16.4   11.9     75  10.40     65     20  303.3  334.5  305.2
  843.0   1665   16.0   11.9     77  10.49     64     20  303.6  335.1  305.5
  834.0   1756   15.2   10.9     75   9.91     62     21  303.7  333.5  305.5
  826.8   1829   14.9    9.8     71   9.25     60     21  304.2  332.1  305.9
  797.5   2134   13.8    5.0     55   6.88     65     23  306.1  327.3  307.4
  773.0   2397   12.8    0.8     44   5.27     61     25  307.8  324.3  308.8
  769.3   2438   13.1   -0.5     39   4.82     60     25  308.5  323.7  309.4
  761.0   2529   13.6   -3.4     31   3.93     57     26  310.0  322.6  310.8
  741.9   2743   13.5   -4.8     28   3.61     50     27  312.1  323.9  312.8
  732.0   2856   13.4   -5.6     26   3.46     48     28  313.3  324.6  313.9
  715.4   3048   12.3   -6.7     26   3.24     45     29  314.1  324.8  314.7
  700.0   3230   11.2   -7.8     26   3.05     40     32  314.9  325.0  315.4
  689.7   3353   10.2   -7.5     28   3.16     40     32  315.0  325.5  315.6
  669.0   3606    8.0   -7.0     34   3.40     40     32  315.4  326.6  316.0
  664.8   3658    7.7   -7.9     32   3.20     40     32  315.6  326.2  316.2
  640.6   3962    6.1  -12.9     24   2.23     45     28  317.2  324.7  317.6
  627.0   4139    5.2  -15.8     20   1.79     51     26  318.1  324.2  318.4
  617.2   4267    4.5  -16.3     20   1.75     55     25  318.8  324.8  319.1
  594.4   4572    3.0  -17.4     21   1.65     65     24  320.4  326.2  320.7
  575.0   4841    1.6  -18.4     21   1.57     69     21  321.8  327.4  322.1
  572.4   4877    1.3  -18.3     22   1.59     70     21  321.9  327.5  322.2
  550.9   5182   -1.3  -17.6     28   1.75     80     20  322.3  328.5  322.7
  530.3   5486   -3.9  -16.9     36   1.93     85     23  322.8  329.5  323.1
  524.0   5581   -4.7  -16.7     39   1.99     85     22  322.9  329.8  323.3
  510.2   5791   -5.2  -20.9     28   1.42     85     20  324.8  329.9  325.0
  502.0   5919   -5.5  -23.5     23   1.15     85     14  325.9  330.1  326.1
  500.0   5950   -5.9  -23.9     23   1.12     85     12  325.8  329.9  326.0
  490.7   6096   -6.4  -23.6     24   1.17     85     12  326.9  331.2  327.1
  489.0   6124   -6.5  -23.5     25   1.18     85     12  327.1  331.4  327.4
  454.0   6697  -11.3  -27.3     25   0.90     85     11  328.1  331.5  328.3
  453.5   6706  -11.3  -27.3     25   0.90     85     11  328.2  331.6  328.4
  434.0   7042  -11.7  -28.7     23   0.83     90     12  331.9  335.0  332.0
  418.6   7315  -13.6  -30.6     22   0.72     95     13  332.9  335.7  333.1
  400.0   7660  -15.9  -32.9     22   0.60    100     10  334.2  336.6  334.4
  386.1   7925  -17.3  -34.3     21   0.55     95      9  335.8  338.0  335.9
  384.0   7967  -17.5  -34.5     21   0.54     94      9  336.1  338.2  336.2
  355.6   8534  -22.7  -34.5     33   0.58     85     13  336.6  338.8  336.7
  341.0   8843  -25.5  -34.5     43   0.60     95     13  336.8  339.1  336.9
  326.9   9144  -27.7  -37.3     39   0.48    105     12  337.9  339.8  338.0
  300.2   9754  -32.1  -43.0     33   0.29    135     14  340.0  341.2  340.1
  300.0   9760  -32.1  -43.1     33   0.28    140     14  340.0  341.2  340.1
  274.9  10363  -37.0                         150     14  341.5         341.5
  263.1  10668  -39.5                         145     14  342.3         342.3
  250.0  11020  -42.3                         140     15  343.0         343.0
  229.4  11582  -47.2                         145     13  344.1         344.1
  209.0  12192  -52.6                         180     11  345.0         345.0
  200.0  12480  -55.1                         180     11  345.4         345.4
  165.0  13682  -64.7                         170     12  348.8         348.8
  164.1  13716  -64.9                         170     12  349.0         349.0
  150.0  14260  -67.9                         195     17  352.9         352.9
  148.3  14326  -68.2                         190     16  353.5         353.5
  127.2  15240  -72.9                         200      5  361.1         361.1
  122.0  15486  -74.1                         135      5  363.1         363.1
  108.8  16154  -73.5                         135      6  376.2         376.2
  100.0  16650  -73.1                          95      9  386.2         386.2
   98.1  16764  -72.9                         105      8  388.8         388.8
   72.0  18593  -69.8                          85     21  431.3         431.3
   70.0  18760  -69.5                          80     23  435.4         435.4
   58.7  19812  -67.3                          80     26  462.7         462.7
   55.2  20185  -66.5                          80     29  472.8         472.8
   50.0  20790  -61.7                          80     35  497.7         497.7
   49.1  20903  -59.5                          80     35  505.4         505.4
   48.1  21031  -59.2                          80     34  509.2         509.2
   41.6  21946  -56.7                          85     39  536.8         536.8
   37.0  22690  -54.7                          89     37  560.3         560.3
   36.0  22860  -54.7                          90     36  564.6         564.6
   30.0  24030  -54.7                          90     37  594.9         594.9
   29.8  24079  -54.7                          90     37  596.2         596.2
   29.4  24160  -54.7                          90     37  598.4         598.4
   25.9  24994  -52.5                          85     40  626.9         626.9
   22.5  25908  -50.1                          90     48  659.6         659.6
   20.0  26670  -48.1                          90     49  688.2         688.2
   19.6  26822  -46.6                          90     49  697.2         697.2
   19.5  26837  -46.5                          90     49  698.1         698.1
   16.4  27984  -47.3                          90     44  730.9         730.9
   16.3  28042  -47.1                          90     44  733.5         733.5
   14.4  28850  -43.9                          90     40  770.0         770.0
   14.2  28956  -44.2                          90     40  772.6         772.6
   13.1  29483  -45.5                          87     39  785.6         785.6
   11.3  30480  -46.7                          80     38  815.5         815.5
   10.8  30765  -47.1                                     824.3         824.3


      Station information and sounding indices

                         Station identifier: TNCM
                             Station number: 78866
                           Observation time: 030714/2100
                           Station latitude: 18.03
                          Station longitude: -63.11
                          Station elevation: 4.0
                            Showalter index: 3.35
                               Lifted index: -1.83
    LIFT computed using virtual temperature: -2.58
                                SWEAT index: 194.82
                                    K index: 15.20
                         Cross totals index: 17.80
                      Vertical totals index: 22.30
                        Totals totals index: 40.10
      Convective Available Potential Energy: 563.40
             CAPE using virtual temperature: 755.77
                      Convective Inhibition: -8.78
             CINS using virtual temperature: -3.17
                           Equilibrum Level: 184.83
 Equilibrum Level using virtual temperature: 183.97
                   Level of Free Convection: 879.93
             LFCT using virtual temperature: 902.17
                     Bulk Richardson Number: 85.71
          Bulk Richardson Number using CAPV: 114.98
  Temp [K] of the Lifted Condensation Level: 292.73
Pres [hPa] of the Lifted Condensation Level: 914.73
   Equivalent potential temp [K] of the LCL: 347.18
     Mean mixed layer potential temperature: 300.29
              Mean mixed layer mixing ratio: 15.96
              1000 hPa to 500 hPa thickness: 5802.00
Precipitable water [mm] for entire sounding: 38.95


    78866 TNCM Juliana Airport Observations at 12Z 15 Jul 2003

-----------------------------------------------------------------------------
   PRES   HGHT   TEMP   DWPT   RELH   MIXR   DRCT   SKNT   THTA   THTE   THTV
    hPa     m      C      C      %    g/kg    deg   knot     K      K      K 
-----------------------------------------------------------------------------
 1017.0      4   27.2   21.2     70  15.85    110     12  298.9  345.3  301.7
 1000.0    148   26.4   22.5     79  17.50     85      9  299.6  350.9  302.7
  997.0    175   26.0   22.5     81  17.55     85     10  299.4  350.9  302.6
  982.9    305   24.8   22.1     85  17.41     85     13  299.4  350.5  302.5
  955.0    566   22.4   21.4     94  17.12     98     20  299.5  349.7  302.5
  950.3    610   22.1   20.9     92  16.63    100     21  299.6  348.4  302.6
  925.0    852   20.8   17.9     83  14.15    100     20  300.6  342.3  303.1
  918.3    914   20.6   16.7     79  13.22     95     21  300.9  340.0  303.3
  903.0   1059   20.0   14.0     68  11.25     93     20  301.8  335.3  303.9
  886.1   1219   18.8   13.9     73  11.39     90     19  302.2  336.1  304.2
  854.9   1524   16.4   13.7     84  11.68     80     24  302.8  337.6  304.9
  850.0   1573   16.0   13.7     86  11.72     80     24  302.9  337.9  305.0
  824.7   1829   13.8   12.6     93  11.23     75     19  303.2  336.8  305.2
  816.0   1919   13.0   12.2     95  11.06     75     20  303.3  336.4  305.3
  798.0   2107   12.0    9.7     86   9.55     75     22  304.1  332.9  305.9
  795.5   2134   12.1    9.1     82   9.22     75     22  304.5  332.4  306.2
  790.0   2192   12.2    7.9     75   8.53     73     22  305.2  331.2  306.8
  781.0   2288   11.8   10.5     92  10.31     70     22  305.8  337.0  307.7
  772.0   2385   11.2    8.2     82   8.91     67     21  306.2  333.3  307.8
  768.0   2429   11.0   10.2     95  10.27     65     21  306.4  337.6  308.3
  767.1   2438   11.1    9.3     89   9.67     65     21  306.6  336.0  308.4
  765.0   2462   11.2    7.0     75   8.28     65     21  307.0  332.3  308.5
  739.7   2743   10.0    7.7     85   8.98     65     21  308.7  336.3  310.3
  739.0   2750   10.0    7.7     86   9.00     65     21  308.7  336.4  310.4
  729.0   2864    9.8    8.3     90   9.51     67     22  309.7  339.0  311.5
  723.0   2933   10.2   -0.8     46   5.02     68     23  310.9  326.8  311.8
  719.0   2979   10.6   -2.4     40   4.48     69     23  311.8  326.2  312.6
  716.0   3014   10.6   -2.4     40   4.50     69     24  312.2  326.6  313.0
  713.1   3048   10.4   -2.6     40   4.46     70     24  312.3  326.7  313.2
  700.0   3202    9.6   -3.4     40   4.27     75     25  313.1  326.9  313.9
  687.3   3353    8.1   -4.1     42   4.11     75     25  313.1  326.4  313.9
  683.0   3405    7.6   -4.4     42   4.06     74     25  313.1  326.2  313.8
  672.0   3539    7.8   -1.2     53   5.24     72     24  314.7  331.6  315.7
  664.0   3638    8.2   -2.8     46   4.71     70     23  316.3  331.6  317.2
  662.4   3658    8.2   -3.0     45   4.67     70     23  316.5  331.8  317.4
  648.0   3839    8.6   -4.4     40   4.28     70     24  318.9  333.1  319.8
  638.4   3962    7.8   -5.2     39   4.10     70     25  319.4  333.0  320.2
  638.0   3967    7.8   -5.2     39   4.09     70     25  319.4  333.0  320.2
  614.6   4267    5.5   -7.0     40   3.70     70     24  320.2  332.6  320.9
  591.7   4572    3.1   -8.8     41   3.33     70     23  321.0  332.2  321.6
  569.7   4877    0.8  -10.7     42   2.99     55     20  321.7  331.9  322.3
  548.4   5182   -1.5  -12.5     43   2.68     55     19  322.5  331.7  323.0
  528.1   5486   -3.9  -14.3     44   2.40     60     20  323.2  331.5  323.6
  511.0   5750   -5.9  -15.9     45   2.18     64     21  323.8  331.4  324.2
  508.3   5791   -6.0  -16.5     43   2.08     65     21  324.1  331.4  324.5
  500.0   5920   -6.5  -18.5     38   1.79     65     19  325.1  331.4  325.4
  488.9   6096   -6.7  -19.3     36   1.71     65     19  326.9  333.0  327.2
  480.0   6239   -6.9  -19.9     35   1.65     71     20  328.4  334.3  328.7
  451.8   6706   -9.3  -22.3     34   1.42     90     25  331.0  336.2  331.3
  422.0   7233  -12.1  -25.1     33   1.19     99     17  334.0  338.5  334.3
  417.5   7315  -12.7  -25.7     33   1.14    100     16  334.3  338.6  334.5
  400.0   7640  -15.1  -28.1     32   0.95    100     12  335.3  338.9  335.5
  384.7   7925  -17.5  -30.1     33   0.82     95     11  335.9  339.1  336.1
  353.9   8534  -22.5  -34.2     34   0.60     85      8  337.2  339.6  337.4
  325.5   9144  -27.6  -38.4     35   0.43     85      7  338.4  340.1  338.5
  300.0   9740  -32.5  -42.5     36   0.30    170      7  339.4  340.7  339.5
  299.4   9754  -32.6                         150      7  339.5         339.5
  274.1  10363  -37.4                         180      6  341.3         341.3
  262.3  10668  -39.7                         160      7  342.1         342.1
  250.0  11000  -42.3                         160      7  343.0         343.0
  228.9  11582  -47.4                         130      6  344.1         344.1
  208.6  12192  -52.7                         110      4  345.0         345.0
  200.0  12470  -55.1                         135      5  345.4         345.4
  186.0  12930  -59.1                         151      6  346.1         346.1
  163.6  13716  -64.6                         180      9  349.8         349.8
  150.0  14250  -68.3                         210     13  352.2         352.2
  148.1  14326  -68.7                         205     12  352.8         352.8
  126.8  15240  -74.0                         240      9  359.2         359.2
  125.0  15327  -74.5                         256      9  359.8         359.8
  108.4  16154  -75.4                          55     13  373.1         373.1
  104.0  16393  -75.7                          68     15  377.0         377.0
  100.0  16620  -74.7                          80     16  383.1         383.1
   97.6  16764  -73.4                          75     16  388.3         388.3
   89.9  17246  -69.1                          80     20  406.1         406.1
   71.8  18593  -66.4                          95     30  438.7         438.7
   70.0  18750  -66.1                          95     33  442.6         442.6
   58.8  19812  -65.1                          95     33  467.4         467.4
   58.6  19833  -65.1                          95     33  467.9         467.9
   50.0  20820  -57.3                          90     29  508.0         508.0
   48.4  21031  -56.9                          95     30  513.8         513.8
   48.3  21039  -56.9                          95     30  514.0         514.0
   41.8  21946  -58.1                          85     29  532.5         532.5
   38.2  22518  -58.9                          85     32  544.6         544.6
   36.2  22860  -57.9                          85     33  555.5         555.5
   30.0  24050  -54.5                          95     40  595.5         595.5
   29.9  24079  -54.4                          90     40  596.6         596.6
   27.9  24516  -52.3                          95     42  614.1         614.1
   25.9  24994  -52.4                         100     44  626.8         626.8
   22.5  25908  -52.7                         100     47  651.9         651.9
   22.4  25933  -52.7                         100     47  652.6         652.6
   20.0  26670  -48.7                          95     50  686.3         686.3
   19.6  26822  -48.4                          95     50  691.8         691.8
   16.3  28042  -46.0                          90     52  736.7         736.7
   14.2  28956  -44.2                          90     54  772.2         772.2
   12.8  29640  -42.9                                     799.8         799.8


      Station information and sounding indices

                         Station identifier: TNCM
                             Station number: 78866
                           Observation time: 030715/1200
                           Station latitude: 18.03
                          Station longitude: -63.11
                          Station elevation: 4.0
                            Showalter index: 1.28
                               Lifted index: -3.31
    LIFT computed using virtual temperature: -4.01
                                SWEAT index: 231.42
                                    K index: 23.20
                         Cross totals index: 20.20
                      Vertical totals index: 22.50
                        Totals totals index: 42.70
      Convective Available Potential Energy: 1056.93
             CAPE using virtual temperature: 1247.54
                      Convective Inhibition: -5.97
             CINS using virtual temperature: -1.47
                           Equilibrum Level: 166.09
 Equilibrum Level using virtual temperature: 165.99
                   Level of Free Convection: 893.94
             LFCT using virtual temperature: 931.94
                     Bulk Richardson Number: 97.53
          Bulk Richardson Number using CAPV: 115.12
  Temp [K] of the Lifted Condensation Level: 294.37
Pres [hPa] of the Lifted Condensation Level: 942.80
   Equivalent potential temp [K] of the LCL: 349.61
     Mean mixed layer potential temperature: 299.37
              Mean mixed layer mixing ratio: 17.17
              1000 hPa to 500 hPa thickness: 5772.00
Precipitable water [mm] for entire sounding: 47.47


    78866 TNCM Juliana Airport Observations at 00Z 16 Jul 2003

-----------------------------------------------------------------------------
   PRES   HGHT   TEMP   DWPT   RELH   MIXR   DRCT   SKNT   THTA   THTE   THTV
    hPa     m      C      C      %    g/kg    deg   knot     K      K      K 
-----------------------------------------------------------------------------
 1015.0      4   27.8   20.8     66  15.49     90     14  299.7  345.2  302.4
 1000.0    135   26.6   23.5     83  18.63     85     17  299.8  354.5  303.1
  986.0    261   26.2   24.3     89  19.86     74     13  300.6  359.1  304.1
  981.2    305   25.7   24.0     90  19.56     70     11  300.5  358.1  304.0
  954.0    555   22.8   22.1     96  17.91     66     13  300.0  352.6  303.2
  948.0    610   22.1   21.4     96  17.28     65     14  299.8  350.6  302.9
  938.0    704   21.0   20.3     96  16.27     69     14  299.6  347.3  302.5
  925.0    826   20.8   20.0     95  16.19     75     15  300.6  348.2  303.5
  916.0    914   20.3   19.5     95  15.84     75     18  300.9  347.6  303.8
  885.3   1219   18.6   17.8     95  14.68     85     15  302.1  345.6  304.8
  855.6   1524   16.9   16.0     94  13.58     95     22  303.3  343.8  305.8
  850.0   1583   16.6   15.7     94  13.37     95     21  303.5  343.5  306.0
  827.0   1817   15.2   14.3     94  12.54    100     18  304.4  342.1  306.7
  825.8   1829   15.1   14.2     94  12.48    100     18  304.5  341.9  306.7
  796.5   2134   12.7   11.7     93  10.97    100     21  305.1  338.2  307.1
  778.0   2332   11.2   10.1     93  10.07    106     22  305.5  336.0  307.3
  770.0   2418    8.8    4.2     73   6.76    109     23  303.8  324.4  305.1
  768.2   2438    8.8    3.2     68   6.30    110     23  304.0  323.2  305.1
  760.0   2526    8.6   -1.4     49   4.57    107     23  304.7  319.0  305.6
  755.0   2581   10.8  -10.2     22   2.34    105     23  307.7  315.4  308.1
  740.4   2743   10.0   -9.3     25   2.57    100     22  308.5  316.9  309.0
  730.0   2861    9.4   -8.6     27   2.75     96     22  309.1  318.1  309.6
  718.0   2998   10.8   -6.2     30   3.37     92     23  312.1  323.1  312.8
  713.7   3048   10.2   -6.8     30   3.24     90     23  312.1  322.6  312.7
  712.0   3068   10.0   -7.0     30   3.19     89     23  312.0  322.4  312.6
  700.0   3209    9.2   -6.8     32   3.30     85     22  312.6  323.4  313.3
  688.0   3352    8.0   -8.0     31   3.06     90     21  312.9  322.9  313.4
  687.9   3353    8.0   -8.0     31   3.06     90     21  312.9  322.9  313.4
  662.8   3658    6.2   -5.3     44   3.92    100     22  314.1  326.9  314.9
  638.7   3962    4.4   -2.5     61   5.00    100     20  315.4  331.6  316.4
  634.0   4022    4.0   -2.0     65   5.24     97     20  315.7  332.6  316.7
  615.2   4267    3.9  -18.6     18   1.44     85     22  318.2  323.3  318.5
  609.0   4349    3.8  -24.2     11   0.89     84     23  319.1  322.3  319.3
  592.5   4572    3.4  -18.9     18   1.46     80     26  321.2  326.3  321.5
  583.0   4703    3.2  -15.8     23   1.92     78     27  322.4  329.1  322.8
  570.6   4877    2.0  -15.2     27   2.08     75     28  323.0  330.2  323.4
  549.4   5182   -0.1  -14.0     34   2.37     75     28  324.0  332.2  324.4
  544.0   5261   -0.7  -13.7     37   2.45     74     27  324.2  332.7  324.7
  528.8   5486   -2.0  -17.0     31   1.92     70     23  325.3  332.1  325.7
  508.8   5791   -3.7  -21.5     24   1.36     75     21  326.8  331.7  327.1
  500.0   5930   -4.5  -23.5     21   1.16     75     19  327.5  331.7  327.7
  499.0   5946   -4.7  -23.7     21   1.14     75     19  327.4  331.6  327.7
  489.5   6096   -5.0  -27.1     16   0.85     80     18  328.9  332.1  329.1
  484.0   6185   -5.1  -29.1     13   0.72     82     17  329.8  332.5  329.9
  452.3   6706   -8.9  -32.2     13   0.57     95     13  331.5  333.8  331.6
  417.8   7315  -13.3  -35.7     13   0.44    105      9  333.5  335.2  333.6
  400.0   7650  -15.7  -37.7     13   0.37     65     10  334.5  336.0  334.6
  385.4   7925  -17.8  -39.2     14   0.33     65     10  335.4  336.7  335.4
  354.8   8534  -22.4  -42.6     14   0.25    100      7  337.2  338.2  337.2
  326.6   9144  -27.0  -46.0     15   0.19    180      6  338.9  339.7  338.9
  326.0   9158  -27.1  -46.1     15   0.19    181      6  338.9  339.7  339.0
  300.0   9750  -32.9  -49.9     17   0.13    245      3  338.9  339.5  338.9
  299.8   9754  -32.9                         205      4  338.9         338.9
  274.3  10363  -37.9                         355      5  340.4         340.4
  262.4  10668  -40.4                          60      5  341.1         341.1
  250.0  11000  -43.1                         105      5  341.9         341.9
  228.7  11582  -48.0                         120      4  343.1         343.1
  208.4  12192  -53.2                         110      5  344.3         344.3
  200.0  12460  -55.5                         140      5  344.7         344.7
  187.0  12886  -59.3                         167      6  345.3         345.3
  163.4  13716  -64.9                         220      9  349.4         349.4
  150.0  14240  -68.5                         235     11  351.9         351.9
  147.8  14326  -69.0                         235     12  352.5         352.5
  126.6  15240  -74.0                         255      2  359.4         359.4
  124.0  15364  -74.7                         130      2  360.3         360.3
  108.3  16154  -73.4                         130      7  376.9         376.9
  100.0  16620  -72.7                          60      4  387.0         387.0
   97.6  16764  -72.6                          55      2  389.9         389.9
   75.7  18264  -71.7                          92     19  421.1         421.1
   71.6  18593  -69.9                         100     23  431.7         431.7
   70.0  18730  -69.1                         100     23  436.2         436.2
   58.6  19812  -65.0                          90     25  468.4         468.4
   50.0  20770  -61.3                          90     29  498.6         498.6
   48.4  20973  -59.5                          90     27  507.5         507.5
   48.0  21031  -59.5                          90     27  509.0         509.0
   41.5  21946  -58.7                          90     37  532.5         532.5
   35.9  22860  -57.9                          90     40  557.0         557.0
   30.0  23990  -56.9                          85     43  588.9         588.9
   29.6  24079  -56.9                          85     43  591.4         591.4
   29.6  24075  -56.9                          85     43  591.2         591.2
   25.7  24994  -52.1                          85     45  629.4         629.4
   23.3  25616  -48.9                          85     47  656.5         656.5
   22.3  25908  -48.6                          85     48  665.7         665.7
   20.0  26620  -47.9                          85     48  688.8         688.8
   19.4  26822  -48.0                          85     49  694.7         694.7
   16.1  28042  -48.2                          90     48  731.5         731.5
   14.0  28956  -48.5                          90     52  760.4         760.4
   12.2  29873  -48.7                                     790.5         790.5


      Station information and sounding indices

                         Station identifier: TNCM
                             Station number: 78866
                           Observation time: 030716/0000
                           Station latitude: 18.03
                          Station longitude: -63.11
                          Station elevation: 4.0
                            Showalter index: 1.01
                               Lifted index: -3.00
    LIFT computed using virtual temperature: -3.94
                                SWEAT index: 249.39
                                    K index: 20.80
                         Cross totals index: 20.20
                      Vertical totals index: 21.10
                        Totals totals index: 41.30
      Convective Available Potential Energy: 2235.55
             CAPE using virtual temperature: 2521.63
                      Convective Inhibition: 0.00
             CINS using virtual temperature: 0.00
                           Equilibrum Level: 141.76
 Equilibrum Level using virtual temperature: 141.55
                   Level of Free Convection: 949.50
             LFCT using virtual temperature: 949.50
                     Bulk Richardson Number: 353.40
          Bulk Richardson Number using CAPV: 398.62
  Temp [K] of the Lifted Condensation Level: 295.69
Pres [hPa] of the Lifted Condensation Level: 949.50
   Equivalent potential temp [K] of the LCL: 354.51
     Mean mixed layer potential temperature: 300.11
              Mean mixed layer mixing ratio: 18.56
              1000 hPa to 500 hPa thickness: 5795.00
Precipitable water [mm] for entire sounding: 45.71


    78866 TNCM Juliana Airport Observations at 12Z 16 Jul 2003

-----------------------------------------------------------------------------
   PRES   HGHT   TEMP   DWPT   RELH   MIXR   DRCT   SKNT   THTA   THTE   THTV
    hPa     m      C      C      %    g/kg    deg   knot     K      K      K 
-----------------------------------------------------------------------------
 1018.0      4   26.8   20.8     70  15.44    120     10  298.4  343.5  301.2
 1012.0     52   27.2   22.6     76  17.40    117     14  299.3  350.3  302.4
 1000.0    150   25.2   21.8     81  16.75    110     21  298.4  347.2  301.3
  982.7    305   24.2   21.6     85  16.85    105     23  298.9  348.2  301.9
  964.0    476   23.2   21.4     90  16.96    108     22  299.5  349.2  302.5
  949.5    610   22.2   20.2     88  15.95    110     22  299.8  346.6  302.7
  925.0    841   20.6   18.1     86  14.34    105     22  300.4  342.6  302.9
  917.4    914   20.1   17.6     85  13.96    105     23  300.6  341.8  303.1
  886.1   1219   18.3   15.3     83  12.45    105     16  301.7  338.6  303.9
  856.0   1524   16.4   13.0     80  11.09     95     15  302.7  335.8  304.7
  850.0   1586   16.0   12.5     80  10.82     90     16  302.9  335.3  304.9
  826.0   1829   14.4   10.8     79   9.93     90     16  303.6  333.5  305.5
  818.0   1912   13.8   10.2     79   9.64     90     16  303.9  332.9  305.7
  807.0   2026   13.2   11.5     89  10.67     90     16  304.4  336.6  306.4
  803.0   2068   13.2    7.2     67   7.99     90     16  304.9  329.2  306.3
  798.0   2121   13.2    7.2     67   8.04     90     16  305.4  329.9  306.9
  796.7   2134   13.2    6.7     65   7.80     90     16  305.5  329.4  306.9
  786.0   2248   12.8    2.8     51   5.99     88     19  306.3  324.9  307.4
  768.4   2438   12.1    1.4     48   5.55     85     23  307.6  324.9  308.6
  740.8   2743   11.1   -0.8     44   4.89     80     22  309.6  325.1  310.6
  715.0   3040   10.0   -3.0     40   4.31     65     21  311.6  325.5  312.4
  714.3   3048    9.9   -2.7     41   4.42     65     21  311.7  325.9  312.5
  706.0   3145    9.4    1.4     57   6.03     62     20  312.1  331.2  313.2
  700.0   3216    9.4   -1.6     46   4.89     60     20  312.9  328.5  313.8
  696.0   3264    9.2    1.2     57   6.03     60     20  313.1  332.4  314.3
  688.5   3353    8.8   -3.9     41   4.20     60     19  313.7  327.3  314.5
  688.0   3359    8.8   -4.2     40   4.09     60     19  313.7  327.0  314.5
  671.0   3565    6.8    0.8     66   6.08     63     18  313.8  333.1  314.9
  663.4   3658    6.2    0.8     68   6.15     65     18  314.1  333.7  315.2
  639.2   3962    4.1    0.8     79   6.39     70     12  315.1  335.5  316.3
  626.0   4132    3.0    0.8     85   6.52     73     11  315.7  336.6  316.9
  616.0   4262    2.0   -1.5     78   5.60     75     10  316.0  334.1  317.1
  615.6   4267    2.0   -1.4     79   5.65     75     10  316.0  334.2  317.1
  611.0   4328    1.4    0.3     92   6.44     73     11  316.1  336.7  317.3
  603.0   4434    1.0    0.2     94   6.48     70     12  316.8  337.6  318.0
  592.8   4572    1.0   -0.0     93   6.48     65     14  318.3  339.3  319.6
  590.0   4610    1.0   -0.1     92   6.48     64     14  318.8  339.8  320.0
  585.0   4678    1.4   -9.6     44   3.17     63     15  320.0  330.7  320.6
  572.0   4859    1.6  -12.4     35   2.59     60     17  322.3  331.2  322.8
  570.7   4877    1.5  -12.5     35   2.59     60     17  322.4  331.3  322.9
  549.3   5182   -0.2  -13.6     36   2.45     55     17  323.9  332.4  324.4
  528.7   5486   -1.9  -14.7     37   2.33     60     17  325.5  333.6  325.9
  508.8   5791   -3.5  -15.8     38   2.21     60     14  327.0  334.8  327.5
  500.0   5930   -4.3  -16.3     39   2.15     60     14  327.7  335.4  328.2
  495.0   6009   -4.3  -17.3     36   2.00     62     14  328.7  335.8  329.1
  489.4   6096   -5.0  -17.9     36   1.92     65     15  328.9  335.8  329.3
  452.2   6706   -9.6  -22.1     35   1.44     50      8  330.7  336.0  331.0
  417.8   7315  -14.2  -26.4     35   1.07     65      8  332.3  336.3  332.5
  400.0   7650  -16.7  -28.7     35   0.90     70      9  333.2  336.6  333.4
  385.2   7925  -18.8  -30.6     35   0.78     70      8  334.0  337.0  334.2
  354.4   8534  -23.5  -34.7     35   0.57     10      5  335.8  338.0  335.9
  326.0   9144  -28.2  -38.8     36   0.41      0      7  337.4  339.0  337.5
  300.0   9750  -32.9  -42.9     36   0.29     25      7  338.9  340.1  338.9
  299.8   9754  -32.9  -42.9     36   0.29     25      7  338.9  340.1  338.9
  281.0  10205  -36.9  -44.9     43   0.25     32      7  339.5  340.6  339.6
  274.5  10363  -38.1                          35      7  340.0         340.0
  262.5  10668  -40.5                          25      4  340.9         340.9
  250.0  11000  -43.1                          30      7  341.9         341.9
  228.7  11582  -47.9                          40      7  343.4         343.4
  208.4  12192  -52.9                           5      3  344.8         344.8
  200.0  12460  -55.1                         285      5  345.4         345.4
  163.4  13716  -64.7                         305     12  349.8         349.8
  156.0  14004  -66.9                         281      8  350.7         350.7
  150.0  14240  -68.3                         260      5  352.2         352.2
  147.8  14326  -68.7                         280      6  353.0         353.0
  126.8  15240  -72.7                         235     10  361.6         361.6
  124.0  15371  -73.3                         265      7  362.9         362.9
  108.5  16154  -74.2                          25      4  375.3         375.3
  104.0  16400  -74.5                          56      9  379.3         379.3
  100.0  16630  -72.7                          85     13  387.0         387.0
   97.8  16764  -72.3                          90     12  390.3         390.3
   71.9  18593  -66.6                          85     29  438.3         438.3
   70.0  18750  -66.1                          85     32  442.6         442.6
   63.3  19361  -65.7                          85     35  456.4         456.4
   58.9  19812  -62.0                          85     37  474.4         474.4
   54.6  20276  -58.1                          92     34  493.6         493.6
   50.0  20830  -58.7                         100     31  504.7         504.7
   48.4  21031  -58.8                         100     32  509.2         509.2
   41.9  21946  -59.0                          95     34  530.3         530.3
   39.6  22292  -59.1                                     538.5         538.5


      Station information and sounding indices

                         Station identifier: TNCM
                             Station number: 78866
                           Observation time: 030716/1200
                           Station latitude: 18.03
                          Station longitude: -63.11
                          Station elevation: 4.0
                            Showalter index: 4.61
                               Lifted index: -0.58
    LIFT computed using virtual temperature: -1.18
                                SWEAT index: 196.02
                                    K index: 21.80
                         Cross totals index: 16.80
                      Vertical totals index: 20.30
                        Totals totals index: 37.10
      Convective Available Potential Energy: 917.20
             CAPE using virtual temperature: 1109.39
                      Convective Inhibition: -9.25
             CINS using virtual temperature: -5.75
                           Equilibrum Level: 178.96
 Equilibrum Level using virtual temperature: 178.20
                   Level of Free Convection: 905.92
             LFCT using virtual temperature: 924.10
                     Bulk Richardson Number: 94.06
          Bulk Richardson Number using CAPV: 113.78
  Temp [K] of the Lifted Condensation Level: 294.12
Pres [hPa] of the Lifted Condensation Level: 944.98
   Equivalent potential temp [K] of the LCL: 348.15
     Mean mixed layer potential temperature: 298.92
              Mean mixed layer mixing ratio: 16.85
              1000 hPa to 500 hPa thickness: 5780.00
Precipitable water [mm] for entire sounding: 46.93


    78866 TNCM Juliana Airport Observations at 00Z 17 Jul 2003

-----------------------------------------------------------------------------
   PRES   HGHT   TEMP   DWPT   RELH   MIXR   DRCT   SKNT   THTA   THTE   THTV
    hPa     m      C      C      %    g/kg    deg   knot     K      K      K 
-----------------------------------------------------------------------------
 1018.0      4   26.8   20.8     70  15.44    120     11  298.4  343.5  301.2
 1014.0     40   29.2   23.2     70  18.02    118     11  301.1  354.4  304.4
 1002.0    151   26.8   22.7     78  17.68    111     10  299.8  351.7  302.9
 1001.0    160   26.8   22.9     79  17.92    110     10  299.9  352.5  303.1
 1000.0    169   26.6   22.9     80  17.94    109     10  299.8  352.4  303.0
  984.6    305   25.3   22.6     85  17.89    100      9  299.8  352.3  303.0
  960.0    526   23.2   22.1     94  17.80    111     11  299.8  352.1  303.0
  953.0    590   22.2   21.0     93  16.73    114     12  299.4  348.5  302.4
  950.8    610   22.3   20.1     87  15.86    115     12  299.8  346.3  302.6
  945.0    663   22.6   17.8     74  13.76    118     12  300.6  341.2  303.1
  925.0    848   21.4   17.7     79  13.97    130     11  301.2  342.5  303.7
  917.9    914   20.9   17.4     80  13.80    130     11  301.4  342.2  303.9
  886.0   1219   18.8   15.9     84  13.00    140     11  302.2  340.8  304.5
  855.1   1524   16.6   14.4     87  12.24    135     15  303.0  339.5  305.2
  850.0   1576   16.2   14.2     88  12.12    140     14  303.1  339.3  305.3
  835.0   1728   15.4   13.7     90  11.94    146     13  303.8  339.6  306.0
  825.1   1829   14.7   12.6     87  11.23    150     12  304.1  337.8  306.1
  810.0   1985   13.6   10.9     84  10.21    155     11  304.5  335.3  306.4
  797.0   2122   14.0    8.0     67   8.51    160     11  306.4  332.4  307.9
  795.9   2134   13.9    8.0     68   8.50    160     11  306.4  332.4  307.9
  781.0   2293   12.2    7.5     73   8.39    165     12  306.2  331.9  307.8
  767.6   2438   12.0    4.8     61   7.05    170     12  307.6  329.4  308.9
  764.0   2478   12.0    4.0     58   6.72    171     12  307.9  328.8  309.2
  756.0   2566   12.4   -4.6     30   3.61    172     12  309.3  320.9  310.0
  740.1   2743   11.7   -5.3     30   3.50    175     13  310.4  321.8  311.1
  728.0   2881   11.2   -5.8     30   3.42    170     15  311.4  322.5  312.0
  713.5   3048    9.5   -0.4     50   5.23    165     17  311.2  327.8  312.2
  700.0   3207    7.8    4.7     81   7.71    160     18  311.1  335.2  312.5
  692.0   3302    7.0    4.4     84   7.63    160     18  311.2  335.1  312.7
  687.7   3353    6.9    2.1     71   6.51    160     18  311.7  332.2  312.9
  678.0   3470    6.8   -3.2     49   4.48    158     17  312.8  327.2  313.7
  671.0   3555    7.2   -9.8     29   2.72    157     16  314.2  323.2  314.7
  662.6   3658    7.0  -11.5     26   2.41    155     15  315.1  323.2  315.6
  648.0   3841    6.6  -14.4     21   1.94    140     11  316.7  323.3  317.0
  638.5   3962    5.8  -12.1     26   2.39    130      9  317.1  325.2  317.6
  624.0   4149    4.6   -8.4     38   3.27    115      8  317.8  328.7  318.4
  615.0   4268    5.2  -15.8     20   1.82    105      8  319.8  326.2  320.2
  600.0   4469    4.8  -16.2     20   1.81     88      9  321.6  328.0  322.0
  594.0   4550    4.8  -14.2     24   2.16     82     10  322.6  330.1  323.0
  592.4   4572    4.8  -14.0     24   2.20     80     10  322.7  330.4  323.2
  588.0   4633    4.6  -13.4     26   2.33     75     10  323.3  331.3  323.7
  570.3   4877    2.9  -14.4     27   2.22     55     12  324.1  331.8  324.5
  549.0   5182    0.8  -15.6     28   2.09     70     10  325.1  332.4  325.5
  528.5   5486   -1.4  -16.8     30   1.96     55      6  326.1  333.0  326.5
  508.8   5791   -3.5  -17.9     32   1.84     85      5  327.1  333.6  327.4
  500.0   5930   -4.5  -18.5     33   1.79     85      5  327.5  333.9  327.8
  489.4   6096   -5.7  -19.8     32   1.63     80      5  328.0  333.9  328.3
  452.1   6706  -10.3  -24.7     30   1.15     15      5  329.8  334.0  330.0
  417.8   7315  -14.8  -29.6     27   0.79    355      8  331.5  334.5  331.7
  400.0   7650  -17.3  -32.3     26   0.64    350      8  332.4  334.9  332.6
  385.5   7925  -19.2  -34.2     25   0.55    355      9  333.5  335.6  333.6
  383.0   7973  -19.5  -34.5     25   0.54    356      9  333.7  335.8  333.8
  354.3   8534  -24.0  -38.3     25   0.40      5     10  335.2  336.8  335.3
  325.5   9144  -28.8  -42.5     26   0.28    355      9  336.7  337.8  336.8
  300.0   9730  -33.5  -46.5     26   0.20    355      9  338.0  338.9  338.1
  299.0   9754  -33.7                         350      9  338.1         338.1
  273.7  10363  -38.5                         355      9  339.7         339.7
  261.9  10668  -40.9                         355      8  340.5         340.5
  250.0  10990  -43.5                         340      5  341.3         341.3
  228.4  11582  -48.5                         315      6  342.6         342.6
  208.0  12192  -53.5                         305     10  343.9         343.9
  200.0  12450  -55.7                         310     13  344.4         344.4
  168.0  13533  -64.7                         301     14  347.0         347.0
  163.0  13716  -65.0                         300     14  349.5         349.5
  152.0  14140  -65.7                         279     13  355.4         355.4
  150.0  14220  -66.7                         275     13  355.0         355.0
  147.3  14326  -67.5                         280     14  355.5         355.5
  126.1  15240  -73.9                         275     10  360.0         360.0
  122.0  15433  -75.3                         290      7  360.9         360.9
  107.6  16154  -74.7                           5      4  375.2         375.2
  104.0  16352  -74.5                          49      8  379.3         379.3
  100.0  16580  -71.9                         100     12  388.6         388.6
   97.0  16764  -71.6                          95     10  392.6         392.6
   71.5  18593  -68.1                         100     20  435.6         435.6
   70.0  18720  -67.9                          95     21  438.8         438.8
   68.2  18877  -68.3                          94     21  441.2         441.2
   58.5  19812  -65.2                          90     24  467.7         467.7
   50.0  20780  -62.1                          80     31  496.7         496.7
   48.0  21031  -61.3                          80     31  504.3         504.3
   41.5  21946  -58.4                          80     37  533.0         533.0
   35.9  22860  -55.5                          85     44  563.1         563.1
   32.2  23546  -53.3                          88     48  586.8         586.8
   30.0  24000  -53.5                          90     51  598.2         598.2
   29.6  24079  -53.4                          85     51  600.4         600.4
   25.7  24994  -52.7                          90     48  627.1         627.1
   22.4  25908  -52.0                          90     48  654.9         654.9
   20.0  26630  -51.5                          90     50  677.8         677.8
   19.4  26822  -51.2                          90     49  684.3         684.3
   16.1  28042  -49.5                          95     54  727.5         727.5
   14.0  28956  -48.2                          95     47  761.5         761.5
   13.9  29009  -48.1                                     763.6         763.6


      Station information and sounding indices

                         Station identifier: TNCM
                             Station number: 78866
                           Observation time: 030717/0000
                           Station latitude: 18.03
                          Station longitude: -63.11
                          Station elevation: 4.0
                            Showalter index: 2.69
                               Lifted index: -2.20
    LIFT computed using virtual temperature: -2.97
                                SWEAT index: 203.40
                                    K index: 31.80
                         Cross totals index: 18.70
                      Vertical totals index: 20.70
                        Totals totals index: 39.40
      Convective Available Potential Energy: 1824.60
             CAPE using virtual temperature: 2083.14
                      Convective Inhibition: -3.37
             CINS using virtual temperature: 0.00
                           Equilibrum Level: 158.28
 Equilibrum Level using virtual temperature: 158.24
                   Level of Free Convection: 915.05
             LFCT using virtual temperature: 942.97
                     Bulk Richardson Number: 756.27
          Bulk Richardson Number using CAPV: 863.43
  Temp [K] of the Lifted Condensation Level: 294.94
Pres [hPa] of the Lifted Condensation Level: 942.97
   Equivalent potential temp [K] of the LCL: 352.14
     Mean mixed layer potential temperature: 299.94
              Mean mixed layer mixing ratio: 17.79
              1000 hPa to 500 hPa thickness: 5761.00
Precipitable water [mm] for entire sounding: 44.45


    78866 TNCM Juliana Airport Observations at 12Z 17 Jul 2003

-----------------------------------------------------------------------------
   PRES   HGHT   TEMP   DWPT   RELH   MIXR   DRCT   SKNT   THTA   THTE   THTV
    hPa     m      C      C      %    g/kg    deg   knot     K      K      K 
-----------------------------------------------------------------------------
 1019.0      4   26.8   20.8     70  15.43    120      4  298.3  343.4  301.1
 1005.0    126   27.4   23.7     80  18.76    116      5  300.1  355.3  303.5
 1000.0    170   26.4   24.0     87  19.21    115      6  299.6  356.0  303.0
  984.9    305   25.3   23.4     89  18.76    120     10  299.7  354.8  303.1
  953.0    598   22.8   22.0     95  17.82    115     16  300.1  352.4  303.2
  951.7    610   22.7   21.9     95  17.74    115     16  300.1  352.2  303.3
  925.0    861   21.2   19.9     92  16.09    110     13  301.0  348.4  303.9
  921.0    899   20.6   19.1     91  15.35    110     14  300.7  346.0  303.5
  919.3    914   20.5   18.9     91  15.24    110     15  300.8  345.7  303.6
  887.2   1219   18.7   16.0     84  13.08    105     16  302.0  340.9  304.4
  856.3   1524   17.0   13.1     78  11.19    105     13  303.3  336.8  305.3
  850.0   1587   16.6   12.5     77  10.82    110     13  303.5  336.0  305.5
  834.0   1749   15.8    9.8     68   9.20    113     14  304.3  332.1  306.0
  826.2   1829   16.4    7.3     55   7.81    115     14  305.8  329.7  307.2
  812.0   1977   17.6    2.6     37   5.72    122     13  308.6  326.5  309.6
  797.2   2134   17.1    2.8     39   5.92    130     11  309.6  328.2  310.7
  774.0   2386   16.2    3.2     42   6.26    142     16  311.3  331.1  312.5
  769.2   2438   15.7    2.9     42   6.16    145     17  311.3  330.8  312.5
  741.7   2743   12.7    1.0     45   5.58    155     18  311.4  329.0  312.4
  715.2   3048    9.8   -0.9     47   5.04    160     16  311.3  327.4  312.3
  700.0   3228    8.0   -2.0     49   4.74    160     21  311.3  326.5  312.2
  689.4   3353    6.8   -2.7     51   4.57    160     21  311.4  326.0  312.2
  664.2   3658    3.9   -4.4     55   4.18    165     22  311.4  324.9  312.2
  658.0   3735    3.2   -4.8     56   4.09    164     22  311.4  324.6  312.2
  639.7   3962    1.5   -7.0     53   3.56    160     22  312.0  323.6  312.7
  619.0   4228   -0.5   -9.5     51   3.02    164     20  312.7  322.6  313.3
  616.0   4267   -0.4  -10.6     46   2.78    165     20  313.2  322.4  313.8
  599.0   4491    0.0  -17.0     27   1.69    154     16  316.2  322.1  316.6
  593.0   4572   -0.1  -17.1     27   1.70    150     15  317.0  322.9  317.3
  582.0   4722   -0.3  -17.3     26   1.70    143     16  318.5  324.4  318.8
  570.8   4877   -0.1  -18.2     24   1.60    135     17  320.4  326.1  320.8
  562.0   5002    0.0  -19.0     22   1.52    125     14  322.0  327.4  322.3
  553.0   5131   -0.1  -18.1     24   1.67    114     10  323.4  329.3  323.7
  549.5   5182   -0.5  -17.9     25   1.71    110      9  323.5  329.6  323.9
  528.9   5486   -2.8  -16.9     33   1.93     85      6  324.3  331.1  324.7
  516.0   5682   -4.3  -16.3     39   2.09    101      5  324.8  332.1  325.2
  508.9   5791   -4.7  -17.5     36   1.91    110      4  325.6  332.4  326.0
  508.0   5805   -4.7  -17.7     35   1.88    117      4  325.8  332.4  326.1
  500.0   5930   -5.5  -18.5     35   1.79    175      1  326.3  332.6  326.6
  489.2   6096   -6.8  -19.9     35   1.63    265      2  326.8  332.6  327.1
  451.6   6706  -11.3  -24.8     32   1.14    335      5  328.6  332.8  328.8
  416.9   7315  -15.9  -29.7     29   0.78    340      9  330.3  333.2  330.4
  400.0   7630  -18.3  -32.3     28   0.64    345     11  331.1  333.6  331.2
  384.4   7925  -19.9  -33.9     28   0.57    345     11  332.8  335.0  332.9
  366.0   8289  -21.9  -35.9     27   0.49    360     13  334.8  336.8  334.9
  353.8   8534  -23.9  -37.5     27   0.43     10     14  335.4  337.1  335.5
  325.0   9144  -28.8  -41.6     28   0.31     10     15  336.8  338.1  336.9
  300.0   9720  -33.5  -45.5     29   0.22    340     12  338.0  339.0  338.1
  298.5   9754  -33.8                         350     12  338.1         338.1
  273.1  10363  -38.5                         325     12  339.9         339.9
  261.3  10668  -40.9                         320     13  340.8         340.8
  250.0  10970  -43.3                         310     15  341.6         341.6
  227.8  11582  -48.0                         315     17  343.5         343.5
  207.7  12192  -52.8                         315     18  345.3         345.3
  200.0  12440  -54.7                         310     16  346.0         346.0
  162.5  13716  -64.5                         300     17  350.6         350.6
  150.0  14210  -68.3                         290     18  352.2         352.2
  147.1  14326  -68.7                         290     18  353.5         353.5
  126.0  15240  -71.8                         295     16  363.8         363.8
  116.0  15732  -73.5                         310      5  369.5         369.5
  107.9  16154  -73.3                         340      3  377.5         377.5
  100.0  16600  -73.1                          80     11  386.2         386.2
   97.3  16764  -72.5                          80      9  390.4         390.4
   71.8  18593  -66.2                          80     30  439.1         439.1
   70.0  18750  -65.7                          85     32  443.5         443.5
   59.0  19812  -62.6                          90     34  472.7         472.7
   50.0  20830  -59.7                         100     36  502.4         502.4
   48.4  21031  -59.2                         100     36  508.2         508.2
   41.9  21946  -56.7                         100     38  535.7         535.7
   36.3  22860  -54.3                         100     40  564.6         564.6
   30.0  24060  -51.1                          95     43  604.7         604.7
   29.9  24079  -51.1                          95     43  605.2         605.2
   26.0  24994  -51.0                          95     42  630.2         630.2
   22.6  25908  -51.0                          95     43  656.2         656.2
   20.0  26700  -50.9                                     679.6         679.6
   10.0  30984  -73.1                                     745.7         745.7


      Station information and sounding indices

                         Station identifier: TNCM
                             Station number: 78866
                           Observation time: 030717/1200
                           Station latitude: 18.03
                          Station longitude: -63.11
                          Station elevation: 4.0
                            Showalter index: 3.10
                               Lifted index: -3.55
    LIFT computed using virtual temperature: -4.36
                                SWEAT index: 176.98
                                    K index: 24.60
                         Cross totals index: 18.00
                      Vertical totals index: 22.10
                        Totals totals index: 40.10
      Convective Available Potential Energy: 2197.39
             CAPE using virtual temperature: 2457.10
                      Convective Inhibition: -2.47
             CINS using virtual temperature: -1.64
                           Equilibrum Level: 148.14
 Equilibrum Level using virtual temperature: 148.11
                   Level of Free Convection: 932.22
             LFCT using virtual temperature: 940.55
                     Bulk Richardson Number: 483.45
          Bulk Richardson Number using CAPV: 540.59
  Temp [K] of the Lifted Condensation Level: 295.54
Pres [hPa] of the Lifted Condensation Level: 953.23
   Equivalent potential temp [K] of the LCL: 353.19
     Mean mixed layer potential temperature: 299.63
              Mean mixed layer mixing ratio: 18.30
              1000 hPa to 500 hPa thickness: 5760.00
Precipitable water [mm] for entire sounding: 44.11


    78866 TNCM Juliana Airport Observations at 00Z 18 Jul 2003

-----------------------------------------------------------------------------
   PRES   HGHT   TEMP   DWPT   RELH   MIXR   DRCT   SKNT   THTA   THTE   THTV
    hPa     m      C      C      %    g/kg    deg   knot     K      K      K 
-----------------------------------------------------------------------------
 1020.0      4   27.0   22.1     75  16.72     90     10  298.5  347.3  301.4
 1019.0     13   27.2   24.4     85  19.32     90     10  298.7  355.3  302.2
 1000.0    185   26.8   24.3     86  19.57     85     10  299.9  357.5  303.4
  986.8    305   25.7   24.1     91  19.60     75      9  300.0  357.6  303.5
  974.0    424   24.6   23.9     96  19.62     77     12  300.0  357.7  303.5
  954.0    610   23.1   22.5     96  18.32     80     17  300.2  354.2  303.5
  945.0    695   22.4   21.8     96  17.75     82     19  300.4  352.6  303.6
  925.0    886   21.4   20.5     95  16.71     85     23  301.2  350.5  304.2
  922.1    914   21.2   20.3     95  16.59     85     23  301.3  350.3  304.3
  891.1   1219   19.6   18.5     93  15.29     80     26  302.6  348.0  305.4
  861.1   1524   18.0   16.7     92  14.08     80     23  303.9  346.0  306.4
  850.0   1640   17.4   16.0     91  13.64     80     23  304.4  345.2  306.9
  831.4   1829   16.0   15.1     94  13.17     75     22  304.8  344.4  307.2
  831.0   1833   16.0   15.1     94  13.16     75     22  304.9  344.4  307.3
  802.2   2134   14.9   14.3     96  12.93     85     17  306.8  346.0  309.2
  799.0   2168   14.8   14.2     96  12.91     84     17  307.0  346.1  309.4
  782.0   2350   16.4   -3.6     25   3.76     78     18  310.6  322.8  311.3
  778.0   2394   16.0   -5.0     23   3.40     76     18  310.6  321.7  311.3
  775.0   2427   16.0    1.0     36   5.34     75     18  311.0  327.9  312.0
  774.0   2438   15.9    0.3     35   5.10     75     18  311.1  327.3  312.0
  768.0   2504   15.6   -3.4     27   3.89     75     17  311.4  323.9  312.1
  746.5   2743   14.0   -7.7     22   2.89     75     14  312.1  321.6  312.7
  744.0   2772   13.8   -8.2     21   2.78     75     14  312.2  321.4  312.8
  720.0   3047   11.6    1.6     50   6.00     80     13  312.8  331.9  313.9
  719.9   3048   11.6    1.6     50   5.98     80     13  312.8  331.8  313.9
  712.0   3140   11.6   -2.4     38   4.53     90     13  313.8  328.4  314.6
  700.0   3282   10.4   -3.6     37   4.21    105     14  314.0  327.6  314.8
  694.0   3353    9.8   -3.6     39   4.24    105     14  314.0  327.8  314.9
  668.7   3658    7.0   -3.7     46   4.38    120     17  314.3  328.5  315.2
  644.4   3962    4.3   -3.8     56   4.52    120     23  314.6  329.2  315.5
  626.0   4199    2.2   -3.8     65   4.64    124     23  314.8  329.8  315.7
  620.7   4267    1.7   -4.3     64   4.50    125     23  315.0  329.6  315.8
  597.6   4572   -0.5   -6.5     64   3.94    130     26  315.8  328.7  316.6
  590.0   4675   -1.3   -7.3     64   3.77    132     26  316.1  328.5  316.8
  575.2   4877   -3.1   -5.0     87   4.61    135     27  316.3  331.3  317.1
  572.0   4922   -3.5   -4.5     93   4.82    134     27  316.3  332.0  317.2
  553.5   5182   -5.1   -7.5     83   3.95    130     29  317.5  330.5  318.2
  553.0   5188   -5.1   -7.6     83   3.93    130     29  317.5  330.4  318.2
  535.0   5449   -4.7  -27.7     15   0.74    134     22  321.0  323.7  321.1
  532.5   5486   -4.8  -27.7     15   0.74    135     21  321.3  324.0  321.5
  512.2   5791   -5.5  -27.7     16   0.77    140      7  324.1  326.9  324.2
  506.0   5887   -5.7  -27.7     16   0.78    137      4  324.9  327.8  325.1
  500.0   5980   -6.5  -25.5     21   0.97    135      2  325.1  328.6  325.2
  492.6   6096   -7.5  -24.6     24   1.06    125      1  325.2  329.1  325.4
  473.0   6410  -10.3  -22.3     37   1.36     46      2  325.5  330.4  325.8
  455.0   6706  -12.0  -26.1     30   1.00    330      3  327.0  330.7  327.2
  424.0   7243  -15.1  -33.1     20   0.56    348      3  329.7  331.9  329.9
  419.9   7315  -15.7  -32.0     23   0.63    350      3  329.9  332.3  330.1
  400.0   7680  -18.5  -26.5     49   1.10    330      6  330.9  335.0  331.1
  399.0   7699  -18.9  -25.9     54   1.17    330      6  330.6  334.9  330.8
  387.0   7925  -20.6  -28.2     51   0.98    335      6  331.2  334.9  331.4
  378.0   8100  -21.9  -29.9     48   0.85    339      6  331.8  335.0  331.9
  369.0   8277  -22.5  -28.5     58   0.99    344      5  333.2  337.0  333.4
  356.3   8534  -23.8  -32.2     46   0.72    350      5  334.8  337.6  334.9
  343.0   8812  -25.3  -36.3     35   0.50    348      5  336.5  338.5  336.6
  336.0   8961  -26.5  -41.5     23   0.30    347      6  336.8  338.1  336.9
  327.6   9144  -28.1  -44.2     20   0.23    345      6  337.1  338.1  337.2
  313.0   9470  -30.9  -48.9     15   0.14    345      5  337.6  338.2  337.6
  300.7   9754  -33.2  -50.2     16   0.13    345      5  338.3  338.8  338.3
  300.0   9770  -33.3  -50.3     17   0.13    345      6  338.3  338.9  338.4
  275.1  10363  -38.2                           0      5  339.7         339.7
  263.2  10668  -40.8                         345      5  340.3         340.3
  250.0  11020  -43.7                           0      3  341.0         341.0
  229.4  11582  -48.2                         290      5  342.6         342.6
  209.0  12192  -53.0                         305      6  344.3         344.3
  200.0  12480  -55.3                         310     11  345.0         345.0
  163.9  13716  -64.3                         300     20  350.1         350.1
  157.0  13984  -66.3                         293     20  351.1         351.1
  150.0  14260  -66.9                         285     20  354.6         354.6
  148.3  14326  -67.3                         290     20  355.0         355.0
  132.0  15020  -71.9                         271     13  358.9         358.9
  127.2  15240  -71.6                         265     11  363.3         363.3
  108.9  16154  -70.4                         145     10  382.0         382.0
  100.0  16660  -69.7                         135     16  392.8         392.8
   98.3  16764  -69.5                         135     16  395.1         395.1
   88.6  17383  -68.3                         128     17  409.4         409.4
   72.5  18593  -66.9                         115     18  436.5         436.5
   70.0  18800  -66.7                         115     17  441.4         441.4
   59.3  19812  -65.6                         100     16  465.2         465.2
   50.0  20850  -64.5                          80     29  491.1         491.1
   48.5  21031  -64.2                          80     27  495.9         495.9
   42.6  21831  -62.9                          80     39  518.0         518.0
   41.8  21946  -62.3                          80     41  522.3         522.3
   36.1  22860  -57.4                          85     50  557.2         557.2
   35.4  22986  -56.7                          86     51  562.2         562.2
   31.9  23643  -58.3                          88     56  574.9         574.9
   30.0  24030  -57.1                          90     59  588.4         588.4
   29.8  24079  -56.9                          85     58  590.2         590.2
   26.2  24894  -53.5                          89     67  621.8         621.8
   25.8                                        90     68                     


      Station information and sounding indices

                         Station identifier: TNCM
                             Station number: 78866
                           Observation time: 030718/0000
                           Station latitude: 18.03
                          Station longitude: -63.11
                          Station elevation: 4.0
                            Showalter index: -1.67
                               Lifted index: -5.79
    LIFT computed using virtual temperature: -6.83
                                SWEAT index: 240.00
                                    K index: 25.90
                         Cross totals index: 22.50
                      Vertical totals index: 23.90
                        Totals totals index: 46.40
      Convective Available Potential Energy: 3161.12
             CAPE using virtual temperature: 3449.44
                      Convective Inhibition: -0.43
             CINS using virtual temperature: -0.23
                           Equilibrum Level: 140.72
 Equilibrum Level using virtual temperature: 140.55
                   Level of Free Convection: 956.94
             LFCT using virtual temperature: 959.75
                     Bulk Richardson Number: 366.80
          Bulk Richardson Number using CAPV: 400.26
  Temp [K] of the Lifted Condensation Level: 296.79
Pres [hPa] of the Lifted Condensation Level: 966.02
   Equivalent potential temp [K] of the LCL: 356.92
     Mean mixed layer potential temperature: 299.74
              Mean mixed layer mixing ratio: 19.47
              1000 hPa to 500 hPa thickness: 5795.00
Precipitable water [mm] for entire sounding: 50.33


    78866 TNCM Juliana Airport Observations at 00Z 31 Jul 2003

-----------------------------------------------------------------------------
   PRES   HGHT   TEMP   DWPT   RELH   MIXR   DRCT   SKNT   THTA   THTE   THTV
    hPa     m      C      C      %    g/kg    deg   knot     K      K      K 
-----------------------------------------------------------------------------
 1019.0      4   27.6   21.6     70  16.22     80     15  299.1  346.7  302.0
 1011.0     74   27.6   23.5     78  18.42     70     13  299.8  353.9  303.1
 1000.0    171   27.0   23.2     80  18.28     55     11  300.1  353.9  303.4
  985.0    305   25.8   22.9     84  18.20     40      8  300.2  353.8  303.5
  958.0    551   23.6   22.3     92  18.06     68     18  300.4  353.6  303.6
  951.6    610   23.4   20.8     85  16.59     75     20  300.8  349.8  303.8
  935.0    765   23.0   17.0     69  13.21     78     19  301.9  341.1  304.3
  925.0    859   21.6   16.8     74  13.18     80     19  301.4  340.4  303.8
  919.1    914   21.3   16.4     74  12.91     85     19  301.6  339.9  303.9
  887.3   1219   19.4   14.0     71  11.48     95     15  302.8  337.0  304.8
  856.5   1524   17.6   11.7     68  10.18     90     17  303.9  334.5  305.8
  850.0   1590   17.2   11.2     68   9.92     85     16  304.1  334.1  306.0
  841.0   1681   17.2   11.2     68  10.03     87     16  305.1  335.4  306.9
  833.0   1762   16.2    9.2     63   8.84     89     17  304.9  331.7  306.5
  826.5   1829   16.2    8.0     58   8.23     90     17  305.6  330.7  307.1
  801.0   2096   16.4    3.4     42   6.14     90     21  308.5  327.7  309.6
  797.4   2134   16.2    3.1     42   6.05     90     22  308.7  327.6  309.8
  769.2   2438   14.7    1.1     40   5.43     85     18  310.2  327.4  311.2
  743.0   2731   13.2   -0.8     38   4.88     75     15  311.7  327.3  312.6
  741.9   2743   13.1   -0.9     38   4.85     75     15  311.7  327.3  312.6
  715.3   3048   10.7   -3.4     37   4.20     75     12  312.3  325.9  313.1
  700.0   3228    9.2   -4.8     37   3.84     70     11  312.6  325.1  313.4
  689.4   3353    8.0   -5.5     38   3.69     65     11  312.7  324.7  313.4
  664.3   3658    5.1   -7.4     40   3.33     65     13  312.8  323.7  313.4
  653.0   3798    3.8   -8.2     41   3.17     67     13  312.8  323.2  313.4
  639.9   3962    2.2  -10.7     38   2.67     70     12  312.8  321.6  313.3
  637.0   3999    1.8  -11.2     37   2.56     72     12  312.8  321.3  313.2
  616.2   4267    1.5  -14.8     29   1.98     85     11  315.4  322.2  315.8
  606.0   4401    1.4  -16.6     25   1.73     89     12  316.8  322.8  317.1
  593.2   4572    0.9  -16.6     26   1.77     95     14  318.2  324.3  318.5
  579.0   4767    0.4  -16.6     27   1.81     95     15  319.8  326.1  320.1
  571.1   4877   -0.2  -17.0     27   1.78     95     16  320.4  326.6  320.7
  549.6   5182   -1.7  -18.2     27   1.67     90     18  322.0  327.9  322.4
  529.0   5486   -3.3  -19.3     28   1.58     80     14  323.7  329.3  324.0
  508.9   5791   -5.1  -20.4     29   1.49     60     13  325.1  330.5  325.4
  500.0   5930   -5.9  -20.9     30   1.45     60     11  325.8  331.0  326.1
  489.3   6096   -7.0  -21.3     31   1.44     65     11  326.4  331.6  326.7
  452.0   6706  -11.2  -22.6     39   1.39     25      1  328.6  333.7  328.9
  417.6   7315  -15.4  -23.9     48   1.34    335      1  330.8  335.7  331.1
  412.0   7418  -16.1  -24.1     50   1.33    338      2  331.2  336.1  331.4
  400.0   7640  -17.3  -26.3     45   1.12    345      3  332.4  336.6  332.6
  384.8   7925  -19.4  -28.6     44   0.94    345      4  333.3  336.9  333.5
  354.1   8534  -24.1  -33.7     41   0.63     10      7  335.1  337.6  335.2
  328.0   9097  -28.3  -38.3     38   0.43    352     13  336.7  338.4  336.8
  325.8   9144  -28.7  -38.1     40   0.44    350     14  336.7  338.5  336.8
  317.0   9340  -30.5  -37.5     50   0.48    348     15  336.9  338.8  337.0
  300.0   9730  -33.3  -41.3     44   0.34    345     16  338.3  339.7  338.4
  298.9   9754  -33.5                         345     16  338.4         338.4
  273.5  10363  -38.9                         355     15  339.3         339.3
  261.6  10668  -41.5                         350     13  339.7         339.7
  250.0  10980  -44.3                         320     15  340.1         340.1
  228.0  11582  -48.7                         305     17  342.5         342.5
  207.7  12192  -53.1                         300     24  344.8         344.8
  200.0  12440  -54.9                         305     29  345.7         345.7
  163.0  13716  -63.6                         305     28  351.8         351.8
  156.0  13992  -65.5                         305     30  353.1         353.1
  150.0  14230  -66.3                         305     32  355.7         355.7
  147.6  14326  -66.6                         305     32  356.9         356.9
  126.7  15240  -69.0                         325      8  368.4         368.4
  126.0  15274  -69.1                         330      8  368.8         368.8
  108.6  16154  -70.9                         100      7  381.4         381.4
  100.0  16640  -71.9                         115      8  388.6         388.6
   97.9  16764  -72.2                         110      8  390.3         390.3
   90.7  17213  -73.3                                     396.8         396.8
   84.5  17630  -71.1                                     409.3         409.3


      Station information and sounding indices

                         Station identifier: TNCM
                             Station number: 78866
                           Observation time: 030731/0000
                           Station latitude: 18.03
                          Station longitude: -63.11
                          Station elevation: 4.0
                            Showalter index: 3.56
                               Lifted index: -3.97
    LIFT computed using virtual temperature: -4.83
                                SWEAT index: 177.41
                                    K index: 20.30
                         Cross totals index: 17.10
                      Vertical totals index: 23.10
                        Totals totals index: 40.20
      Convective Available Potential Energy: 2150.20
             CAPE using virtual temperature: 2439.43
                      Convective Inhibition: -9.95
             CINS using virtual temperature: -4.01
                           Equilibrum Level: 156.10
 Equilibrum Level using virtual temperature: 156.08
                   Level of Free Convection: 911.91
             LFCT using virtual temperature: 930.52
                     Bulk Richardson Number: 484.75
          Bulk Richardson Number using CAPV: 549.96
  Temp [K] of the Lifted Condensation Level: 295.23
Pres [hPa] of the Lifted Condensation Level: 944.55
   Equivalent potential temp [K] of the LCL: 353.23
     Mean mixed layer potential temperature: 300.10
              Mean mixed layer mixing ratio: 18.09
              1000 hPa to 500 hPa thickness: 5759.00
Precipitable water [mm] for entire sounding: 41.03


    78866 TNCM Juliana Airport Observations at 12Z 31 Jul 2003

-----------------------------------------------------------------------------
   PRES   HGHT   TEMP   DWPT   RELH   MIXR   DRCT   SKNT   THTA   THTE   THTV
    hPa     m      C      C      %    g/kg    deg   knot     K      K      K 
-----------------------------------------------------------------------------
 1018.0      4   27.0   21.0     70  15.64     90     10  298.6  344.3  301.4
 1004.0    126   27.6   23.8     80  18.90    341     52  300.4  356.1  303.8
 1000.0    161   27.2   23.5     80  18.63    310     64  300.4  355.2  303.7
  984.0    305   25.9   23.0     84  18.34    325     23  300.4  354.4  303.7
  951.0    610   23.1   21.9     93  17.75     60      9  300.6  352.8  303.7
  945.0    667   22.6   21.7     95  17.64     67     12  300.6  352.5  303.7
  925.0    856   21.2   20.3     95  16.50     90     20  301.0  349.7  303.9
  918.9    914   20.5   19.5     94  15.80     95     20  300.9  347.5  303.7
  905.0   1047   19.0   17.7     92  14.29     97     20  300.6  342.7  303.2
  890.0   1193   18.2   14.7     80  11.95    100     19  301.2  336.6  303.4
  887.3   1219   18.3   15.0     81  12.23    100     19  301.6  337.8  303.8
  872.0   1370   18.8   16.7     88  13.91    100     20  303.6  345.1  306.1
  856.7   1524   17.8   15.5     86  13.11    100     21  304.1  343.4  306.5
  850.0   1592   17.4   15.0     86  12.77    100     19  304.4  342.7  306.7
  826.7   1829   15.8   14.0     89  12.31     95     21  305.1  342.1  307.3
  808.0   2024   14.4   13.2     93  11.94     92     19  305.6  341.6  307.8
  797.5   2134   13.9   11.7     87  10.97     90     18  306.3  339.5  308.3
  769.2   2438   12.7    7.7     72   8.63     90     17  308.1  334.6  309.7
  741.8   2743   11.4    3.6     59   6.72     95     17  309.9  330.9  311.1
  730.0   2878   10.8    1.8     54   6.01     95     18  310.7  329.6  311.8
  715.2   3048    9.5    1.1     56   5.84     95     19  311.0  329.5  312.1
  708.0   3132    8.8    0.8     57   5.76     93     19  311.2  329.4  312.3
  700.0   3226    8.6   -3.4     43   4.27     90     18  312.0  325.7  312.8
  695.0   3285    8.6   -6.4     34   3.42     88     18  312.6  323.8  313.3
  689.3   3353    7.7   -0.7     55   5.29     85     18  312.3  329.2  313.3
  689.0   3357    7.6   -0.4     57   5.42     85     18  312.3  329.6  313.3
  668.0   3612    6.0    0.0     65   5.76     81     16  313.3  331.6  314.4
  664.2   3658    5.8   -0.7     63   5.52     80     16  313.6  331.2  314.6
  652.0   3810    5.2   -2.8     56   4.80     83     17  314.5  330.0  315.4
  648.0   3860    4.6    0.1     73   5.98     83     17  314.4  333.5  315.5
  640.0   3962    4.6   -3.4     56   4.69     85     18  315.5  330.8  316.4
  633.0   4052    4.6   -6.4     45   3.76     85     18  316.5  328.9  317.2
  629.0   4103    3.8   -2.2     65   5.20     85     18  316.2  333.0  317.2
  616.5   4267    3.3   -1.8     70   5.49     85     18  317.4  335.2  318.4
  615.0   4286    3.2   -1.7     70   5.52     85     18  317.5  335.5  318.6
  611.0   4339    3.2   -4.8     56   4.40     84     17  318.1  332.6  319.0
  593.7   4572    1.8   -4.5     63   4.65     80     15  319.1  334.5  320.0
  591.0   4608    1.6   -4.4     64   4.70     80     15  319.3  334.8  320.2
  587.0   4663    1.6  -12.4     35   2.53     80     14  319.9  328.5  320.4
  583.0   4718    1.6  -16.4     25   1.83     80     14  320.6  326.9  320.9
  573.0   4857    0.6  -19.4     21   1.44     80     12  321.0  326.1  321.2
  571.6   4877    0.5  -17.9     24   1.64     80     12  321.1  326.8  321.4
  564.0   4984    0.0  -10.0     47   3.19     76     12  321.7  332.5  322.3
  554.0   5128   -0.7  -26.7     12   0.78     72     11  322.5  325.4  322.7
  550.2   5182   -0.9  -27.4     11   0.74     70     11  322.9  325.6  323.0
  545.0   5258   -1.3  -28.3     11   0.69     68     11  323.3  325.9  323.5
  539.0   5346   -2.1   -9.1     59   3.58     65     12  323.4  335.6  324.1
  535.0   5406   -2.3  -15.3     36   2.19     63     12  323.9  331.5  324.3
  532.0   5450   -2.3  -25.3     15   0.92     61     12  324.4  327.8  324.6
  529.6   5486   -2.5  -24.9     16   0.96     60     12  324.5  328.0  324.7
  528.0   5510   -2.7  -24.7     17   0.98     60     12  324.6  328.2  324.8
  514.0   5723   -3.7  -23.7     20   1.11     60     14  325.9  329.9  326.1
  511.0   5769   -4.7  -10.7     63   3.33     60     15  325.2  336.6  325.9
  509.6   5791   -4.8  -12.6     54   2.87     60     15  325.4  335.3  326.0
  507.0   5831   -4.9  -15.9     42   2.20     60     15  325.7  333.4  326.1
  501.0   5924   -5.3  -14.3     49   2.54     60     15  326.3  335.2  326.8
  500.0   5940   -5.3  -17.3     38   1.98     60     15  326.5  333.5  326.9
  495.0   6019   -5.7  -26.7     17   0.87     57     14  327.0  330.2  327.1
  490.1   6096   -6.2  -25.9     19   0.95     55     13  327.2  330.7  327.4
  459.0   6605   -9.9  -20.9     40   1.58     22      9  328.9  334.6  329.2
  452.9   6706  -10.6  -21.9     39   1.47     15      8  329.2  334.5  329.5
  418.0   7315  -15.1  -28.1     32   0.91      5      2  331.1  334.6  331.3
  400.0   7650  -17.5  -31.5     28   0.69    330      2  332.2  334.8  332.3
  385.4   7925  -19.6  -33.4     29   0.60    325      2  332.9  335.2  333.0
  354.9   8534  -24.4  -37.5     29   0.43     15      2  334.4  336.1  334.5
  352.0   8595  -24.9  -37.9     29   0.42     15      3  334.5  336.2  334.6
  334.0   8975  -26.9  -45.9     15   0.19     11      9  336.9  337.6  336.9
  326.2   9144  -28.4  -46.3     16   0.18     10     12  337.1  337.9  337.1
  300.0   9740  -33.7  -47.7     23   0.17      0     15  337.8  338.5  337.8
  299.4   9754  -33.8  -47.6     23   0.17      0     15  337.8  338.5  337.8
  293.0   9905  -35.1  -47.1     28   0.19      2     16  338.1  338.9  338.1
  274.0  10363  -38.6                          10     18  339.5         339.5
  262.1  10668  -41.0                          10     19  340.4         340.4
  250.0  10990  -43.5                           5     17  341.3         341.3
  228.4  11582  -48.6                           0     19  342.4         342.4
  208.0  12192  -53.9                         350     25  343.4         343.4
  200.0  12450  -56.1                         345     30  343.8         343.8
  181.0  13077  -61.1                         343     30  345.6         345.6
  163.1  13716  -64.0                         340     31  351.1         351.1
  158.0  13913  -64.9                         340     27  352.8         352.8
  150.0  14230  -64.5                         345     19  358.8         358.8
  147.6  14326  -64.7                         340     22  360.0         360.0
  126.8  15240  -66.9                         310     10  372.1         372.1
  109.0  16154  -69.1                         255      3  384.5         384.5
  100.0  16670  -70.3                          90      8  391.6         391.6
   98.4  16764  -70.6                         100      6  392.8         392.8
   88.3  17405  -72.7                          80     20  401.0         401.0
   86.5  17526  -72.7                          81     21  403.4         403.4
   72.2  18593  -69.6                          85     29  431.2         431.2
   70.0  18780  -69.1                          85     38  436.2         436.2
   59.0  19812  -66.2                          90     47  464.5         464.5
   58.5  19864  -66.1                          91     47  465.9         465.9
   50.0  20830  -61.5                         100     46  498.1         498.1
   48.4  21031  -60.2                          95     47  505.9         505.9
   45.0  21490  -57.1                          95     42  524.0         524.0
   41.9  21946  -56.6                          95     38  536.1         536.1
   36.3  22860  -55.6                          85     40  561.2         561.2
   33.8  23308  -55.1                          83     44  573.9         573.9
   30.0  24079  -54.9                          80     48  594.6         594.6
   30.0  24070  -54.9                          80     51  594.4         594.4
   26.0  24994  -53.8                          85     52  622.5         622.5
   22.6  25908  -52.6                          90     55  651.6         651.6
   20.0  26680  -51.7                          95     54  677.2         677.2
   19.6  26822  -51.6                          95     55  681.7         681.7
   19.2  26947  -51.5                          95     54  685.7         685.7
   16.3  28042  -49.4                          95     49  725.6         725.6
   14.2  28956  -47.7                         100     47  760.7         760.7
   12.1  30005  -45.7                         100     49  802.9         802.9
   11.3  30480  -45.0                         100     50  821.9         821.9
   10.0  31290  -43.7                         162     22  855.3         855.3
    9.8  31394  -43.5                         170     18  859.6         859.6
    9.4  31706  -43.1                                     872.8         872.8


      Station information and sounding indices

                         Station identifier: TNCM
                             Station number: 78866
                           Observation time: 030731/1200
                           Station latitude: 18.03
                          Station longitude: -63.11
                          Station elevation: 4.0
                            Showalter index: 0.52
                               Lifted index: -3.37
    LIFT computed using virtual temperature: -4.14
                                SWEAT index: 232.99
                                    K index: 25.70
                         Cross totals index: 20.30
                      Vertical totals index: 22.70
                        Totals totals index: 43.00
      Convective Available Potential Energy: 2225.32
             CAPE using virtual temperature: 2463.67
                      Convective Inhibition: -2.99
             CINS using virtual temperature: -2.27
                           Equilibrum Level: 157.69
 Equilibrum Level using virtual temperature: 157.68
                   Level of Free Convection: 929.65
             LFCT using virtual temperature: 934.17
                     Bulk Richardson Number: 14.35
          Bulk Richardson Number using CAPV: 15.88
  Temp [K] of the Lifted Condensation Level: 295.16
Pres [hPa] of the Lifted Condensation Level: 942.65
   Equivalent potential temp [K] of the LCL: 353.22
     Mean mixed layer potential temperature: 300.20
              Mean mixed layer mixing ratio: 18.07
              1000 hPa to 500 hPa thickness: 5779.00
Precipitable water [mm] for entire sounding: 50.23

Description of the data columns
<http://weather.uwyo.edu/upperair/columns.html> or sounding indices
<http://weather.uwyo.edu/upperair/indices.html>.

------------------------------------------------------------------------
/Interested in graduate studies in atmospheric science? Check out our
program at the University of Wyoming
<http://www.uwyo.edu/atsc/howtoapply/>/
------------------------------------------------------------------------
Questions about the weather data provided by this site can be addressed
to Larry Oolman (ldoolman@uwyo.edu) <mailto:ldoolman@uwyo.edu>
------------------------------------------------------------------------
