     5     1
    GDAS     6    12    29     0     0
    GDAS     7     1     1     0     0
    GDAS     7     1     8     0     0
    GDAS     7     1    15     0     0
    GDAS     7     1    22     0     0
     3 BACKWARD OMEGA   
     7     1     1    12   16.000  -61.000  2200.0
     7     1     1    12   16.000  -61.000  2500.0
     7     1     1    12   16.000  -61.000  2800.0
     1 PRESSURE
     1     1     7     1     1    12     0     0     0.0   16.000  -61.000   2200.0    787.8
     2     1     7     1     1    12     0     0     0.0   16.000  -61.000   2500.0    760.0
     3     1     7     1     1    12     0     0     0.0   16.000  -61.000   2800.0    733.1
     1     1     7     1     1    11     0     1    -1.0   16.088  -60.653   2209.6    786.6
     2     1     7     1     1    11     0     1    -1.0   16.095  -60.696   2515.3    758.2
     3     1     7     1     1    11     0     1    -1.0   16.098  -60.730   2818.5    731.1
     1     1     7     1     1    10     0     2    -2.0   16.168  -60.316   2223.2    784.9
     2     1     7     1     1    10     0     2    -2.0   16.176  -60.405   2535.5    756.0
     3     1     7     1     1    10     0     2    -2.0   16.179  -60.475   2842.5    728.7
     1     1     7     1     1     9     0     3    -3.0   16.244  -59.989   2243.6    782.4
     2     1     7     1     1     9     0     3    -3.0   16.246  -60.130   2564.8    752.9
     3     1     7     1     1     9     0     3    -3.0   16.245  -60.237   2876.7    725.3
     1     1     7     1     1     8     0     2    -4.0   16.318  -59.674   2264.1    779.9
     2     1     7     1     1     8     0     2    -4.0   16.310  -59.867   2592.2    749.3
     3     1     7     1     1     8     0     2    -4.0   16.303  -60.011   2908.8    721.0
     1     1     7     1     1     7     0     1    -5.0   16.392  -59.368   2277.8    779.0
     2     1     7     1     1     7     0     1    -5.0   16.371  -59.611   2607.4    748.3
     3     1     7     1     1     7     0     1    -5.0   16.360  -59.791   2926.9    719.7
     1     1     7     1     1     6     0     0    -6.0   16.463  -59.069   2289.1    778.4
     2     1     7     1     1     6     0     0    -6.0   16.430  -59.358   2615.1    748.0
     3     1     7     1     1     6     0     0    -6.0   16.416  -59.575   2934.7    719.3
     1     1     7     1     1     5     0     1    -7.0   16.537  -58.784   2302.1    777.5
     2     1     7     1     1     5     0     1    -7.0   16.490  -59.113   2624.1    748.2
     3     1     7     1     1     5     0     1    -7.0   16.474  -59.371   2941.2    719.7
     1     1     7     1     1     4     0     2    -8.0   16.614  -58.519   2320.3    775.8
     2     1     7     1     1     4     0     2    -8.0   16.553  -58.885   2638.9    747.1
     3     1     7     1     1     4     0     2    -8.0   16.537  -59.186   2951.8    719.1
     1     1     7     1     1     3     0     3    -9.0   16.698  -58.274   2346.0    773.4
     2     1     7     1     1     3     0     3    -9.0   16.619  -58.672   2658.4    745.4
     3     1     7     1     1     3     0     3    -9.0   16.601  -59.018   2964.1    718.4
     1     1     7     1     1     2     0     2   -10.0   16.784  -58.044   2380.6    769.8
     2     1     7     1     1     2     0     2   -10.0   16.685  -58.470   2683.9    743.0
     3     1     7     1     1     2     0     2   -10.0   16.662  -58.858   2978.9    717.2
     1     1     7     1     1     1     0     1   -11.0   16.869  -57.824   2421.6    765.8
     2     1     7     1     1     1     0     1   -11.0   16.750  -58.272   2716.7    739.8
     3     1     7     1     1     1     0     1   -11.0   16.716  -58.699   3000.4    715.3
     1     1     7     1     1     0     0     0   -12.0   16.949  -57.611   2463.1    762.1
     2     1     7     1     1     0     0     0   -12.0   16.811  -58.079   2756.4    735.9
     3     1     7     1     1     0     0     0   -12.0   16.761  -58.542   3030.0    712.6
     1     1     6    12    31    23     0     1   -13.0   17.024  -57.407   2504.0    758.7
     2     1     6    12    31    23     0     1   -13.0   16.867  -57.895   2802.0    731.5
     3     1     6    12    31    23     0     1   -13.0   16.799  -58.390   3069.4    709.0
     1     1     6    12    31    22     0     2   -14.0   17.090  -57.214   2545.2    755.3
     2     1     6    12    31    22     0     2   -14.0   16.913  -57.722   2850.8    727.1
     3     1     6    12    31    22     0     2   -14.0   16.830  -58.247   3118.9    704.3
     1     1     6    12    31    21     0     3   -15.0   17.147  -57.032   2587.2    751.7
     2     1     6    12    31    21     0     3   -15.0   16.946  -57.558   2901.1    722.8
     3     1     6    12    31    21     0     3   -15.0   16.846  -58.109   3175.8    699.1
     1     1     6    12    31    20     0     2   -16.0   17.193  -56.849   2631.7    747.8
     2     1     6    12    31    20     0     2   -16.0   16.965  -57.394   2950.7    718.6
     3     1     6    12    31    20     0     2   -16.0   16.848  -57.974   3231.8    693.6
     1     1     6    12    31    19     0     1   -17.0   17.229  -56.650   2679.6    743.1
     2     1     6    12    31    19     0     1   -17.0   16.968  -57.217   2997.1    714.9
     3     1     6    12    31    19     0     1   -17.0   16.841  -57.831   3279.2    689.7
     1     1     6    12    31    18     0     0   -18.0   17.255  -56.434   2727.6    738.3
     2     1     6    12    31    18     0     0   -18.0   16.956  -57.021   3040.5    711.4
     3     1     6    12    31    18     0     0   -18.0   16.824  -57.678   3316.2    686.8
     1     1     6    12    31    17     0     1   -19.0   17.277  -56.198   2765.5    734.0
     2     1     6    12    31    17     0     1   -19.0   16.935  -56.800   3078.6    707.9
     3     1     6    12    31    17     0     1   -19.0   16.802  -57.506   3346.8    684.9
     1     1     6    12    31    16     0     2   -20.0   17.309  -55.937   2783.7    732.3
     2     1     6    12    31    16     0     2   -20.0   16.917  -56.550   3108.6    704.9
     3     1     6    12    31    16     0     2   -20.0   16.778  -57.308   3373.5    683.0
     1     1     6    12    31    15     0     3   -21.0   17.351  -55.654   2782.7    733.2
     2     1     6    12    31    15     0     3   -21.0   16.909  -56.269   3126.0    702.9
     3     1     6    12    31    15     0     3   -21.0   16.749  -57.075   3394.4    681.6
     1     1     6    12    31    14     0     2   -22.0   17.400  -55.370   2769.4    735.4
     2     1     6    12    31    14     0     2   -22.0   16.915  -55.973   3126.6    702.3
     3     1     6    12    31    14     0     2   -22.0   16.720  -56.819   3411.3    680.3
     1     1     6    12    31    13     0     1   -23.0   17.457  -55.100   2754.0    737.5
     2     1     6    12    31    13     0     1   -23.0   16.933  -55.681   3114.8    704.2
     3     1     6    12    31    13     0     1   -23.0   16.698  -56.562   3423.9    678.6
     1     1     6    12    31    12     0     0   -24.0   17.524  -54.842   2748.8    738.7
     2     1     6    12    31    12     0     0   -24.0   16.959  -55.398   3095.6    706.4
     3     1     6    12    31    12     0     0   -24.0   16.689  -56.307   3425.3    677.9
     1     1     6    12    31    11     0     1   -25.0   17.589  -54.597   2764.4    736.9
     2     1     6    12    31    11     0     1   -25.0   16.993  -55.126   3082.1    708.6
     3     1     6    12    31    11     0     1   -25.0   16.683  -56.058   3414.4    678.3
     1     1     6    12    31    10     0     2   -26.0   17.651  -54.365   2799.2    732.8
     2     1     6    12    31    10     0     2   -26.0   17.028  -54.867   3089.0    707.8
     3     1     6    12    31    10     0     2   -26.0   16.674  -55.822   3403.0    679.6
     1     1     6    12    31     9     0     3   -27.0   17.716  -54.144   2845.7    727.9
     2     1     6    12    31     9     0     3   -27.0   17.062  -54.620   3116.4    704.3
     3     1     6    12    31     9     0     3   -27.0   16.663  -55.600   3402.0    679.8
     1     1     6    12    31     8     0     2   -28.0   17.774  -53.930   2894.0    723.3
     2     1     6    12    31     8     0     2   -28.0   17.088  -54.381   3152.8    700.3
     3     1     6    12    31     8     0     2   -28.0   16.647  -55.386   3419.4    679.1
     1     1     6    12    31     7     0     1   -29.0   17.813  -53.719   2935.6    719.8
     2     1     6    12    31     7     0     1   -29.0   17.098  -54.147   3184.5    697.1
     3     1     6    12    31     7     0     1   -29.0   16.623  -55.178   3455.9    676.3
     1     1     6    12    31     6     0     0   -30.0   17.835  -53.508   2968.9    717.2
     2     1     6    12    31     6     0     0   -30.0   17.095  -53.919   3205.7    695.2
     3     1     6    12    31     6     0     0   -30.0   16.589  -54.976   3503.7    672.4
     1     1     6    12    31     5     0     1   -31.0   17.853  -53.296   3000.6    715.1
     2     1     6    12    31     5     0     1   -31.0   17.090  -53.696   3221.7    694.9
     3     1     6    12    31     5     0     1   -31.0   16.556  -54.781   3544.7    667.8
     1     1     6    12    31     4     0     2   -32.0   17.879  -53.084   3038.3    712.1
     2     1     6    12    31     4     0     2   -32.0   17.093  -53.482   3241.8    693.9
     3     1     6    12    31     4     0     2   -32.0   16.538  -54.594   3567.7    666.1
     1     1     6    12    31     3     0     3   -33.0   17.916  -52.875   3083.9    708.4
     2     1     6    12    31     3     0     3   -33.0   17.108  -53.275   3271.3    692.0
     3     1     6    12    31     3     0     3   -33.0   16.535  -54.417   3577.8    665.5
     1     1     6    12    31     2     0     2   -34.0   17.962  -52.668   3127.1    704.0
     2     1     6    12    31     2     0     2   -34.0   17.131  -53.075   3306.5    689.0
     3     1     6    12    31     2     0     2   -34.0   16.539  -54.247   3589.6    665.5
     1     1     6    12    31     1     0     1   -35.0   18.012  -52.464   3157.2    701.6
     2     1     6    12    31     1     0     1   -35.0   17.158  -52.882   3336.6    686.3
     3     1     6    12    31     1     0     1   -35.0   16.543  -54.084   3615.9    663.5
     1     1     6    12    31     0     0     0   -36.0   18.068  -52.269   3173.2    700.4
     2     1     6    12    31     0     0     0   -36.0   17.192  -52.695   3356.5    684.5
     3     1     6    12    31     0     0     0   -36.0   16.548  -53.925   3655.8    660.3
     1     1     6    12    30    23     0     1   -37.0   18.126  -52.089   3181.9    700.2
     2     1     6    12    30    23     0     1   -37.0   17.228  -52.520   3368.3    683.3
     3     1     6    12    30    23     0     1   -37.0   16.551  -53.770   3691.9    656.1
     1     1     6    12    30    22     0     2   -38.0   18.179  -51.927   3192.1    699.2
     2     1     6    12    30    22     0     2   -38.0   17.263  -52.358   3376.0    682.4
     3     1     6    12    30    22     0     2   -38.0   16.550  -53.621   3709.4    654.8
     1     1     6    12    30    21     0     3   -39.0   18.226  -51.783   3204.6    698.0
     2     1     6    12    30    21     0     3   -39.0   17.297  -52.210   3381.1    681.6
     3     1     6    12    30    21     0     3   -39.0   16.543  -53.479   3711.6    654.6
     1     1     6    12    30    20     0     2   -40.0   18.266  -51.644   3221.8    696.6
     2     1     6    12    30    20     0     2   -40.0   17.327  -52.068   3388.9    681.2
     3     1     6    12    30    20     0     2   -40.0   16.532  -53.337   3709.2    655.7
     1     1     6    12    30    19     0     1   -41.0   18.298  -51.499   3245.6    694.5
     2     1     6    12    30    19     0     1   -41.0   17.353  -51.919   3404.6    680.0
     3     1     6    12    30    19     0     1   -41.0   16.521  -53.187   3710.4    655.7
     1     1     6    12    30    18     0     0   -42.0   18.324  -51.349   3275.8    691.8
     2     1     6    12    30    18     0     0   -42.0   17.374  -51.765   3428.9    678.1
     3     1     6    12    30    18     0     0   -42.0   16.508  -53.029   3713.3    655.5
     1     1     6    12    30    17     0     1   -43.0   18.347  -51.194   3292.3    689.2
     2     1     6    12    30    17     0     1   -43.0   17.392  -51.605   3447.7    676.0
     3     1     6    12    30    17     0     1   -43.0   16.497  -52.863   3713.5    655.5
     1     1     6    12    30    16     0     2   -44.0   18.369  -51.031   3273.9    691.0
     2     1     6    12    30    16     0     2   -44.0   17.408  -51.439   3445.9    676.6
     3     1     6    12    30    16     0     2   -44.0   16.488  -52.688   3709.4    656.1
     1     1     6    12    30    15     0     3   -45.0   18.389  -50.856   3221.2    696.1
     2     1     6    12    30    15     0     3   -45.0   17.418  -51.265   3419.2    679.2
     3     1     6    12    30    15     0     3   -45.0   16.482  -52.504   3702.0    657.0
     1     1     6    12    30    14     0     2   -46.0   18.405  -50.669   3158.9    703.3
     2     1     6    12    30    14     0     2   -46.0   17.426  -51.085   3378.7    683.9
     3     1     6    12    30    14     0     2   -46.0   16.482  -52.312   3694.0    657.7
     1     1     6    12    30    13     0     1   -47.0   18.422  -50.478   3110.4    707.5
     2     1     6    12    30    13     0     1   -47.0   17.434  -50.898   3340.9    687.4
     3     1     6    12    30    13     0     1   -47.0   16.494  -52.114   3686.2    658.0
     1     1     6    12    30    12     0     0   -48.0   18.438  -50.283   3076.4    710.4
     2     1     6    12    30    12     0     0   -48.0   17.443  -50.707   3312.9    689.8
     3     1     6    12    30    12     0     0   -48.0   16.516  -51.912   3676.2    658.7
     1     1     6    12    30    11     0     1   -49.0   18.447  -50.095   3051.0    711.5
     2     1     6    12    30    11     0     1   -49.0   17.444  -50.521   3291.3    690.3
     3     1     6    12    30    11     0     1   -49.0   16.538  -51.709   3670.9    659.2
     1     1     6    12    30    10     0     2   -50.0   18.444  -49.921   3026.2    712.9
     2     1     6    12    30    10     0     2   -50.0   17.427  -50.350   3266.6    691.3
     3     1     6    12    30    10     0     2   -50.0   16.551  -51.505   3673.5    658.3
     1     1     6    12    30     9     0     3   -51.0   18.429  -49.756   2999.3    714.7
     2     1     6    12    30     9     0     3   -51.0   17.389  -50.195   3232.5    693.2
     3     1     6    12    30     9     0     3   -51.0   16.555  -51.302   3676.3    657.3
     1     1     6    12    30     8     0     2   -52.0   18.404  -49.589   2977.9    717.2
     2     1     6    12    30     8     0     2   -52.0   17.326  -50.047   3199.6    696.9
     3     1     6    12    30     8     0     2   -52.0   16.546  -51.095   3676.2    657.7
     1     1     6    12    30     7     0     1   -53.0   18.367  -49.412   2971.1    717.9
     2     1     6    12    30     7     0     1   -53.0   17.236  -49.896   3185.1    698.4
     3     1     6    12    30     7     0     1   -53.0   16.521  -50.878   3676.8    658.1
     1     1     6    12    30     6     0     0   -54.0   18.315  -49.227   2980.1    717.2
     2     1     6    12    30     6     0     0   -54.0   17.119  -49.738   3192.3    697.9
     3     1     6    12    30     6     0     0   -54.0   16.480  -50.651   3684.5    657.7
     1     1     6    12    30     5     0     1   -55.0   18.251  -49.036   3003.9    715.2
     2     1     6    12    30     5     0     1   -55.0   16.987  -49.567   3218.8    695.8
     3     1     6    12    30     5     0     1   -55.0   16.426  -50.411   3706.2    656.3
     1     1     6    12    30     4     0     2   -56.0   18.182  -48.835   3038.2    712.2
     2     1     6    12    30     4     0     2   -56.0   16.855  -49.377   3260.1    692.8
     3     1     6    12    30     4     0     2   -56.0   16.362  -50.161   3745.0    653.3
     1     1     6    12    30     3     0     3   -57.0   18.109  -48.626   3079.4    708.8
     2     1     6    12    30     3     0     3   -57.0   16.729  -49.168   3313.6    688.9
     3     1     6    12    30     3     0     3   -57.0   16.292  -49.899   3799.6    649.2
     1     1     6    12    30     2     0     2   -58.0   18.037  -48.407   3113.8    705.0
     2     1     6    12    30     2     0     2   -58.0   16.618  -48.937   3360.3    683.7
     3     1     6    12    30     2     0     2   -58.0   16.229  -49.617   3850.8    644.0
     1     1     6    12    30     1     0     1   -59.0   17.977  -48.175   3126.4    703.9
     2     1     6    12    30     1     0     1   -59.0   16.525  -48.680   3380.4    681.8
     3     1     6    12    30     1     0     1   -59.0   16.184  -49.310   3877.2    641.9
     1     1     6    12    30     0     0     0   -60.0   17.932  -47.929   3113.3    705.0
     2     1     6    12    30     0     0     0   -60.0   16.446  -48.405   3372.7    682.4
     3     1     6    12    30     0     0     0   -60.0   16.153  -48.985   3872.4    642.3
     1     1     6    12    29    23     0     1   -61.0   17.896  -47.675   3100.7    708.3
     2     1     6    12    29    23     0     1   -61.0   16.378  -48.123   3361.8    685.2
     3     1     6    12    29    23     0     1   -61.0   16.136  -48.655   3861.7    645.3
     1     1     6    12    29    22     0     2   -62.0   17.863  -47.424   3116.2    706.9
     2     1     6    12    29    22     0     2   -62.0   16.323  -47.839   3372.8    684.3
     3     1     6    12    29    22     0     2   -62.0   16.138  -48.331   3875.6    644.1
     1     1     6    12    29    21     0     3   -63.0   17.834  -47.181   3160.7    703.1
     2     1     6    12    29    21     0     3   -63.0   16.284  -47.557   3403.5    681.6
     3     1     6    12    29    21     0     3   -63.0   16.158  -48.018   3917.6    640.8
     1     1     6    12    29    20     0     2   -64.0   17.811  -46.936   3210.3    696.7
     2     1     6    12    29    20     0     2   -64.0   16.266  -47.269   3434.4    677.6
     3     1     6    12    29    20     0     2   -64.0   16.199  -47.712   3965.5    635.0
     1     1     6    12    29    19     0     1   -65.0   17.795  -46.679   3240.4    694.0
     2     1     6    12    29    19     0     1   -65.0   16.264  -46.973   3451.2    676.5
     3     1     6    12    29    19     0     1   -65.0   16.257  -47.404   3997.0    632.7
     1     1     6    12    29    18     0     0   -66.0   17.785  -46.415   3255.7    692.7
     2     1     6    12    29    18     0     0   -66.0   16.275  -46.670   3459.5    675.8
     3     1     6    12    29    18     0     0   -66.0   16.327  -47.100   4019.0    631.3
     1     1     6    12    29    17     0     1   -67.0   17.787  -46.148   3263.7    693.0
     2     1     6    12    29    17     0     1   -67.0   16.296  -46.370   3470.3    675.9
     3     1     6    12    29    17     0     1   -67.0   16.406  -46.803   4043.1    630.6
     1     1     6    12    29    16     0     2   -68.0   17.807  -45.881   3267.9    693.1
     2     1     6    12    29    16     0     2   -68.0   16.330  -46.077   3487.7    674.7
     3     1     6    12    29    16     0     2   -68.0   16.495  -46.517   4074.9    628.2
     1     1     6    12    29    15     0     3   -69.0   17.841  -45.612   3265.8    694.0
     2     1     6    12    29    15     0     3   -69.0   16.374  -45.790   3507.5    673.5
     3     1     6    12    29    15     0     3   -69.0   16.595  -46.244   4108.1    625.6
     1     1     6    12    29    14     0     2   -70.0   17.886  -45.341   3260.9    694.8
     2     1     6    12    29    14     0     2   -70.0   16.429  -45.506   3526.1    671.9
     3     1     6    12    29    14     0     2   -70.0   16.705  -45.980   4135.3    622.7
     1     1     6    12    29    13     0     1   -71.0   17.936  -45.064   3258.2    695.0
     2     1     6    12    29    13     0     1   -71.0   16.493  -45.222   3542.5    670.7
     3     1     6    12    29    13     0     1   -71.0   16.824  -45.722   4156.4    621.4
     1     1     6    12    29    12     0     0   -72.0   17.991  -44.780   3257.7    695.0
     2     1     6    12    29    12     0     0   -72.0   16.566  -44.938   3558.3    669.5
     3     1     6    12    29    12     0     0   -72.0   16.954  -45.469   4175.2    620.2
     1     1     6    12    29    11     0     1   -73.0   18.047  -44.497   3269.1    694.5
     2     1     6    12    29    11     0     1   -73.0   16.640  -44.655   3578.4    667.6
     3     1     6    12    29    11     0     1   -73.0   17.085  -45.221   4199.8    618.9
     1     1     6    12    29    10     0     2   -74.0   18.101  -44.220   3301.4    691.3
     2     1     6    12    29    10     0     2   -74.0   16.705  -44.379   3608.4    664.5
     3     1     6    12    29    10     0     2   -74.0   17.209  -44.982   4236.2    616.2
     1     1     6    12    29     9     0     3   -75.0   18.157  -43.949   3353.1    686.5
     2     1     6    12    29     9     0     3   -75.0   16.760  -44.108   3648.3    660.5
     3     1     6    12    29     9     0     3   -75.0   17.327  -44.755   4281.3    612.0
     1     1     6    12    29     8     0     2   -76.0   18.223  -43.682   3408.2    680.6
     2     1     6    12    29     8     0     2   -76.0   16.809  -43.840   3689.0    656.4
     3     1     6    12    29     8     0     2   -76.0   17.442  -44.539   4322.5    607.8
     1     1     6    12    29     7     0     1   -77.0   18.307  -43.423   3453.5    676.8
     2     1     6    12    29     7     0     1   -77.0   16.857  -43.573   3718.8    654.1
     3     1     6    12    29     7     0     1   -77.0   17.558  -44.331   4347.9    605.7
     1     1     6    12    29     6     0     0   -78.0   18.409  -43.170   3490.8    673.7
     2     1     6    12    29     6     0     0   -78.0   16.905  -43.305   3734.3    653.1
     3     1     6    12    29     6     0     0   -78.0   17.674  -44.129   4355.6    605.0
     1     1     6    12    29     5     0     1   -79.0   18.517  -42.931   3521.3    671.5
     2     1     6    12    29     5     0     1   -79.0   16.949  -43.040   3741.1    653.6
     3     1     6    12    29     5     0     1   -79.0   17.785  -43.935   4353.7    606.1
     1     1     6    12    29     4     0     2   -80.0   18.618  -42.713   3543.8    669.8
     2     1     6    12    29     4     0     2   -80.0   16.988  -42.779   3746.7    653.1
     3     1     6    12    29     4     0     2   -80.0   17.885  -43.751   4352.7    606.7
     1     1     6    12    29     3     0     3   -81.0   18.710  -42.516   3556.0    669.0
     2     1     6    12    29     3     0     3   -81.0   17.020  -42.525   3752.7    652.2
     3     1     6    12    29     3     0     3   -81.0   17.973  -43.578   4355.0    606.9
     1     1     6    12    29     2     0     2   -82.0   18.797  -42.335   3557.6    668.9
     2     1     6    12    29     2     0     2   -82.0   17.047  -42.279   3749.1    651.6
     3     1     6    12    29     2     0     2   -82.0   18.050  -43.413   4352.6    606.5
     1     1     6    12    29     1     0     1   -83.0   18.879  -42.164   3551.0    669.7
     2     1     6    12    29     1     0     1   -83.0   17.073  -42.033   3730.8    653.1
     3     1     6    12    29     1     0     1   -83.0   18.118  -43.254   4335.0    607.9
     1     1     6    12    29     0     0     0   -84.0   18.961  -42.000   3540.6    670.7
     2     1     6    12    29     0     0     0   -84.0   17.097  -41.786   3707.2    655.8
     3     1     6    12    29     0     0     0   -84.0   18.179  -43.100   4298.9    610.6
