     7     1
    GDAS    12     5    22     0     0
    GDAS    12     5    29     0     0
    GDAS    12     6     1     0     0
    GDAS    12     6     8     0     0
    GDAS    12     6    15     0     0
    GDAS    12     6    22     0     0
    GDAS    12     6    29     0     0
     1 BACKWARD OMEGA   
    12     6     1    12   16.240  -61.530  1500.0
     1 PRESSURE
     1     1    12     6     1    12     0     0     0.0   16.240  -61.530   1500.0    857.2
     1     1    12     6     1    11     0     1    -1.0   16.146  -61.243   1526.5    852.2
     1     1    12     6     1    10     0     2    -2.0   16.082  -60.957   1513.4    853.1
     1     1    12     6     1     9     0     3    -3.0   16.047  -60.669   1472.8    858.0
     1     1    12     6     1     8     0     2    -4.0   16.023  -60.379   1436.0    863.3
     1     1    12     6     1     7     0     1    -5.0   15.995  -60.087   1417.5    864.9
     1     1    12     6     1     6     0     0    -6.0   15.966  -59.797   1409.2    865.1
     1     1    12     6     1     5     0     1    -7.0   15.938  -59.506   1405.2    865.8
     1     1    12     6     1     4     0     2    -8.0   15.916  -59.213   1408.2    866.2
     1     1    12     6     1     3     0     3    -9.0   15.904  -58.918   1423.5    865.3
     1     1    12     6     1     2     0     2   -10.0   15.899  -58.635   1453.3    862.4
     1     1    12     6     1     1     0     1   -11.0   15.892  -58.373   1494.8    858.2
     1     1    12     6     1     0     0     0   -12.0   15.882  -58.126   1540.6    853.0
     1     1    12     5    31    23     0     1   -13.0   15.862  -57.888   1574.2    848.0
     1     1    12     5    31    22     0     2   -14.0   15.829  -57.650   1589.0    846.6
     1     1    12     5    31    21     0     3   -15.0   15.785  -57.411   1594.2    846.2
     1     1    12     5    31    20     0     2   -16.0   15.732  -57.172   1597.8    846.2
     1     1    12     5    31    19     0     1   -17.0   15.671  -56.936   1602.4    845.7
     1     1    12     5    31    18     0     0   -18.0   15.606  -56.707   1608.8    845.2
     1     1    12     5    31    17     0     1   -19.0   15.535  -56.483   1622.5    844.4
     1     1    12     5    31    16     0     2   -20.0   15.457  -56.257   1646.2    842.1
     1     1    12     5    31    15     0     3   -21.0   15.372  -56.026   1678.4    839.0
     1     1    12     5    31    14     0     2   -22.0   15.280  -55.788   1714.4    835.0
     1     1    12     5    31    13     0     1   -23.0   15.179  -55.544   1746.7    831.4
     1     1    12     5    31    12     0     0   -24.0   15.071  -55.295   1771.1    828.9
     1     1    12     5    31    11     0     1   -25.0   14.963  -55.039   1787.9    827.0
     1     1    12     5    31    10     0     2   -26.0   14.860  -54.778   1804.7    825.6
     1     1    12     5    31     9     0     3   -27.0   14.760  -54.515   1824.2    823.0
     1     1    12     5    31     8     0     2   -28.0   14.659  -54.254   1838.1    821.3
     1     1    12     5    31     7     0     1   -29.0   14.551  -53.997   1842.6    821.0
     1     1    12     5    31     6     0     0   -30.0   14.437  -53.745   1837.3    821.3
     1     1    12     5    31     5     0     1   -31.0   14.319  -53.488   1829.9    823.1
     1     1    12     5    31     4     0     2   -32.0   14.198  -53.223   1829.2    823.4
     1     1    12     5    31     3     0     3   -33.0   14.073  -52.953   1836.2    823.2
     1     1    12     5    31     2     0     2   -34.0   13.946  -52.679   1839.4    821.6
     1     1    12     5    31     1     0     1   -35.0   13.822  -52.397   1830.0    822.8
     1     1    12     5    31     0     0     0   -36.0   13.698  -52.112   1819.5    824.5
     1     1    12     5    30    23     0     1   -37.0   13.574  -51.824   1817.3    824.5
     1     1    12     5    30    22     0     2   -38.0   13.449  -51.536   1819.1    823.4
     1     1    12     5    30    21     0     3   -39.0   13.322  -51.249   1810.7    823.1
     1     1    12     5    30    20     0     2   -40.0   13.201  -50.959   1793.2    825.4
     1     1    12     5    30    19     0     1   -41.0   13.089  -50.670   1789.7    826.9
     1     1    12     5    30    18     0     0   -42.0   12.981  -50.384   1815.9    824.4
     1     1    12     5    30    17     0     1   -43.0   12.875  -50.099   1858.9    819.4
     1     1    12     5    30    16     0     2   -44.0   12.770  -49.807   1901.8    815.3
     1     1    12     5    30    15     0     3   -45.0   12.666  -49.504   1938.5    811.7
     1     1    12     5    30    14     0     2   -46.0   12.561  -49.192   1962.5    808.8
     1     1    12     5    30    13     0     1   -47.0   12.458  -48.872   1977.6    807.7
     1     1    12     5    30    12     0     0   -48.0   12.357  -48.542   1989.1    806.2
     1     1    12     5    30    11     0     1   -49.0   12.259  -48.198   1993.7    805.4
     1     1    12     5    30    10     0     2   -50.0   12.162  -47.844   1996.2    805.6
     1     1    12     5    30     9     0     3   -51.0   12.067  -47.480   2008.2    804.9
     1     1    12     5    30     8     0     2   -52.0   11.967  -47.104   2030.2    802.2
     1     1    12     5    30     7     0     1   -53.0   11.862  -46.720   2054.2    799.5
     1     1    12     5    30     6     0     0   -54.0   11.752  -46.336   2076.5    797.3
     1     1    12     5    30     5     0     1   -55.0   11.643  -45.949   2099.0    795.8
     1     1    12     5    30     4     0     2   -56.0   11.536  -45.557   2120.9    794.0
     1     1    12     5    30     3     0     3   -57.0   11.429  -45.159   2128.9    792.8
     1     1    12     5    30     2     0     2   -58.0   11.318  -44.755   2120.1    794.2
     1     1    12     5    30     1     0     1   -59.0   11.204  -44.346   2108.4    795.9
     1     1    12     5    30     0     0     0   -60.0   11.091  -43.935   2097.9    796.7
     1     1    12     5    29    23     0     1   -61.0   10.980  -43.527   2084.2    797.5
     1     1    12     5    29    22     0     2   -62.0   10.870  -43.128   2073.5    799.0
     1     1    12     5    29    21     0     3   -63.0   10.757  -42.732   2083.2    798.6
     1     1    12     5    29    20     0     2   -64.0   10.639  -42.327   2108.9    794.7
     1     1    12     5    29    19     0     1   -65.0   10.522  -41.911   2125.8    791.8
     1     1    12     5    29    18     0     0   -66.0   10.407  -41.484   2116.0    791.9
     1     1    12     5    29    17     0     1   -67.0   10.294  -41.049   2093.7    796.1
     1     1    12     5    29    16     0     2   -68.0   10.178  -40.606   2082.2    797.8
     1     1    12     5    29    15     0     3   -69.0   10.060  -40.154   2080.3    797.8
     1     1    12     5    29    14     0     2   -70.0    9.947  -39.694   2082.9    797.6
     1     1    12     5    29    13     0     1   -71.0    9.843  -39.225   2101.9    796.9
     1     1    12     5    29    12     0     0   -72.0    9.745  -38.743   2146.0    792.6
     1     1    12     5    29    11     0     1   -73.0    9.651  -38.260   2195.1    786.5
     1     1    12     5    29    10     0     2   -74.0    9.562  -37.792   2235.6    783.1
     1     1    12     5    29     9     0     3   -75.0    9.474  -37.336   2279.8    779.7
     1     1    12     5    29     8     0     2   -76.0    9.383  -36.880   2329.1    774.3
     1     1    12     5    29     7     0     1   -77.0    9.286  -36.417   2373.0    769.9
     1     1    12     5    29     6     0     0   -78.0    9.185  -35.944   2406.4    766.6
     1     1    12     5    29     5     0     1   -79.0    9.086  -35.467   2437.6    764.9
     1     1    12     5    29     4     0     2   -80.0    8.992  -34.994   2479.6    761.6
     1     1    12     5    29     3     0     3   -81.0    8.900  -34.523   2518.6    756.8
     1     1    12     5    29     2     0     2   -82.0    8.809  -34.053   2534.1    755.1
     1     1    12     5    29     1     0     1   -83.0    8.722  -33.581   2538.4    756.3
     1     1    12     5    29     0     0     0   -84.0    8.638  -33.094   2539.1    755.5
     1     1    12     5    28    23     0     1   -85.0    8.560  -32.598   2520.4    756.1
     1     1    12     5    28    22     0     2   -86.0    8.488  -32.106   2476.8    759.8
     1     1    12     5    28    21     0     3   -87.0    8.422  -31.625   2426.7    765.5
     1     1    12     5    28    20     0     2   -88.0    8.366  -31.157   2398.5    769.2
     1     1    12     5    28    19     0     1   -89.0    8.322  -30.697   2392.9    768.6
     1     1    12     5    28    18     0     0   -90.0    8.291  -30.237   2390.4    768.1
     1     1    12     5    28    17     0     1   -91.0    8.266  -29.772   2382.7    768.9
     1     1    12     5    28    16     0     2   -92.0    8.244  -29.304   2378.3    770.2
     1     1    12     5    28    15     0     3   -93.0    8.229  -28.838   2388.9    769.7
     1     1    12     5    28    14     0     2   -94.0    8.225  -28.369   2401.4    767.3
     1     1    12     5    28    13     0     1   -95.0    8.236  -27.897   2398.7    767.8
     1     1    12     5    28    12     0     0   -96.0    8.260  -27.422   2387.1    769.7
     1     1    12     5    28    11     0     1   -97.0    8.297  -26.945   2374.9    770.8
     1     1    12     5    28    10     0     2   -98.0    8.347  -26.471   2365.8    771.4
     1     1    12     5    28     9     0     3   -99.0    8.412  -25.999   2358.3    771.7
     1     1    12     5    28     8     0     2  -100.0    8.488  -25.526   2348.7    772.1
     1     1    12     5    28     7     0     1  -101.0    8.569  -25.051   2336.4    773.1
     1     1    12     5    28     6     0     0  -102.0    8.659  -24.582   2321.1    774.1
     1     1    12     5    28     5     0     1  -103.0    8.758  -24.118   2301.1    776.1
     1     1    12     5    28     4     0     2  -104.0    8.868  -23.661   2277.0    778.8
     1     1    12     5    28     3     0     3  -105.0    8.990  -23.218   2253.8    781.4
     1     1    12     5    28     2     0     2  -106.0    9.121  -22.784   2235.3    783.5
     1     1    12     5    28     1     0     1  -107.0    9.253  -22.349   2219.7    785.2
     1     1    12     5    28     0     0     0  -108.0    9.394  -21.916   2204.7    786.9
     1     1    12     5    27    23     0     1  -109.0    9.545  -21.494   2195.7    788.0
     1     1    12     5    27    22     0     2  -110.0    9.708  -21.083   2191.5    787.6
     1     1    12     5    27    21     0     3  -111.0    9.889  -20.684   2184.1    787.9
     1     1    12     5    27    20     0     2  -112.0   10.082  -20.297   2180.2    788.8
     1     1    12     5    27    19     0     1  -113.0   10.278  -19.917   2187.8    788.0
     1     1    12     5    27    18     0     0  -114.0   10.480  -19.543   2205.1    786.0
     1     1    12     5    27    17     0     1  -115.0   10.684  -19.167   2222.8    784.0
     1     1    12     5    27    16     0     2  -116.0   10.888  -18.787   2234.7    783.2
     1     1    12     5    27    15     0     3  -117.0   11.100  -18.402   2242.3    782.8
     1     1    12     5    27    14     0     2  -118.0   11.315  -18.020   2249.5    782.6
     1     1    12     5    27    13     0     1  -119.0   11.531  -17.645   2253.4    782.0
     1     1    12     5    27    12     0     0  -120.0   11.750  -17.285   2249.5    782.8
     1     1    12     5    27    11     0     1  -121.0   11.976  -16.933   2230.2    783.7
     1     1    12     5    27    10     0     2  -122.0   12.206  -16.595   2194.2    787.3
     1     1    12     5    27     9     0     3  -123.0   12.439  -16.286   2145.4    790.9
     1     1    12     5    27     8     0     2  -124.0   12.675  -15.999   2093.0    795.3
     1     1    12     5    27     7     0     1  -125.0   12.912  -15.721   2045.7    798.3
     1     1    12     5    27     6     0     0  -126.0   13.147  -15.458   1998.2    802.0
     1     1    12     5    27     5     0     1  -127.0   13.372  -15.222   1958.8    806.8
     1     1    12     5    27     4     0     2  -128.0   13.573  -15.017   1936.9    808.8
     1     1    12     5    27     3     0     3  -129.0   13.745  -14.838   1920.9    809.1
     1     1    12     5    27     2     0     2  -130.0   13.905  -14.675   1895.1    811.5
     1     1    12     5    27     1     0     1  -131.0   14.074  -14.530   1843.0    816.5
     1     1    12     5    27     0     0     0  -132.0   14.246  -14.410   1763.8    824.9
     1     1    12     5    26    23     0     1  -133.0   14.424  -14.316   1677.7    834.1
     1     1    12     5    26    22     0     2  -134.0   14.617  -14.246   1614.0    841.7
     1     1    12     5    26    21     0     3  -135.0   14.832  -14.195   1605.5    844.1
     1     1    12     5    26    20     0     2  -136.0   15.049  -14.152   1650.8    837.7
     1     1    12     5    26    19     0     1  -137.0   15.243  -14.108   1702.4    829.8
     1     1    12     5    26    18     0     0  -138.0   15.410  -14.070   1724.0    826.7
     1     1    12     5    26    17     0     1  -139.0   15.559  -14.027   1729.5    828.4
     1     1    12     5    26    16     0     2  -140.0   15.702  -13.954   1746.7    827.3
     1     1    12     5    26    15     0     3  -141.0   15.839  -13.845   1778.5    824.1
     1     1    12     5    26    14     0     2  -142.0   15.983  -13.715   1798.4    820.6
     1     1    12     5    26    13     0     1  -143.0   16.142  -13.589   1784.9    822.2
     1     1    12     5    26    12     0     0  -144.0   16.309  -13.462   1746.9    825.6
     1     1    12     5    26    11     0     1  -145.0   16.481  -13.335   1698.4    830.0
     1     1    12     5    26    10     0     2  -146.0   16.656  -13.206   1645.6    833.1
     1     1    12     5    26     9     0     3  -147.0   16.831  -13.061   1575.2    837.7
     1     1    12     5    26     8     0     2  -148.0   17.013  -12.921   1469.7    844.5
     1     1    12     5    26     7     0     1  -149.0   17.210  -12.833   1341.0    856.0
     1     1    12     5    26     6     0     0  -150.0   17.414  -12.776   1193.4    867.5
     1     1    12     5    26     5     0     1  -151.0   17.598  -12.711    996.7    883.1
     1     1    12     5    26     4     0     2  -152.0   17.760  -12.648    757.7    907.7
     1     1    12     5    26     3     0     3  -153.0   17.925  -12.598    534.0    932.9
     1     1    12     5    26     2     0     2  -154.0   18.094  -12.557    387.5    951.9
     1     1    12     5    26     1     0     1  -155.0   18.267  -12.507    309.3    956.0
     1     1    12     5    26     0     0     0  -156.0   18.447  -12.441    254.4    959.7
     1     1    12     5    25    23     0     1  -157.0   18.617  -12.359    203.3    964.3
     1     1    12     5    25    22     0     2  -158.0   18.752  -12.273    160.2    969.9
     1     1    12     5    25    21     0     3  -159.0   18.856  -12.186    130.3    973.3
     1     1    12     5    25    20     0     2  -160.0   18.949  -12.094    114.9    974.4
     1     1    12     5    25    19     0     1  -161.0   19.049  -12.007    109.9    973.3
     1     1    12     5    25    18     0     0  -162.0   19.151  -11.941    106.2    970.0
     1     1    12     5    25    17     0     1  -163.0   19.247  -11.877    100.7    968.6
     1     1    12     5    25    16     0     2  -164.0   19.342  -11.789     94.0    967.4
     1     1    12     5    25    15     0     3  -165.0   19.436  -11.680     86.8    966.4
     1     1    12     5    25    14     0     2  -166.0   19.540  -11.543     79.8    966.4
     1     1    12     5    25    13     0     1  -167.0   19.662  -11.374     72.4    966.9
     1     1    12     5    25    12     0     0  -168.0   19.799  -11.178     63.3    968.7
     1     1    12     5    25    11     0     1  -169.0   19.948  -10.978     53.8    971.7
     1     1    12     5    25    10     0     2  -170.0   20.108  -10.796     48.1    972.1
     1     1    12     5    25     9     0     3  -171.0   20.279  -10.635     47.0    971.7
     1     1    12     5    25     8     0     2  -172.0   20.456  -10.491     48.3    971.3
     1     1    12     5    25     7     0     1  -173.0   20.638  -10.365     50.2    971.6
     1     1    12     5    25     6     0     0  -174.0   20.828  -10.258     52.6    972.3
     1     1    12     5    25     5     0     1  -175.0   21.027  -10.163     55.4    973.4
     1     1    12     5    25     4     0     2  -176.0   21.226  -10.072     56.9    973.6
     1     1    12     5    25     3     0     3  -177.0   21.422   -9.987     57.0    974.3
     1     1    12     5    25     2     0     2  -178.0   21.616   -9.909     56.9    974.7
     1     1    12     5    25     1     0     1  -179.0   21.804   -9.838     56.8    975.1
     1     1    12     5    25     0     0     0  -180.0   21.981   -9.777     56.8    975.7
     1     1    12     5    24    23     0     1  -181.0   22.154   -9.728     58.5    974.9
     1     1    12     5    24    22     0     2  -182.0   22.329   -9.692     63.5    973.3
     1     1    12     5    24    21     0     3  -183.0   22.506   -9.671     72.1    971.3
     1     1    12     5    24    20     0     2  -184.0   22.683   -9.663     80.8    968.6
     1     1    12     5    24    19     0     1  -185.0   22.853   -9.666     85.6    966.9
     1     1    12     5    24    18     0     0  -186.0   23.014   -9.677     87.0    965.7
     1     1    12     5    24    17     0     1  -187.0   23.170   -9.693     87.1    967.1
     1     1    12     5    24    16     0     2  -188.0   23.324   -9.709     87.1    968.3
     1     1    12     5    24    15     0     3  -189.0   23.474   -9.726     86.9    969.5
     1     1    12     5    24    14     0     2  -190.0   23.624   -9.738     86.1    971.0
     1     1    12     5    24    13     0     1  -191.0   23.776   -9.741     84.6    972.6
     1     1    12     5    24    12     0     0  -192.0   23.930   -9.733     83.3    974.4
     1     1    12     5    24    11     0     1  -193.0   24.091   -9.722     83.8    974.4
     1     1    12     5    24    10     0     2  -194.0   24.268   -9.707     88.3    973.1
     1     1    12     5    24     9     0     3  -195.0   24.463   -9.687     98.8    971.0
     1     1    12     5    24     8     0     2  -196.0   24.674   -9.667    114.5    967.7
     1     1    12     5    24     7     0     1  -197.0   24.897   -9.659    133.2    964.5
     1     1    12     5    24     6     0     0  -198.0   25.127   -9.670    156.4    959.8
     1     1    12     5    24     5     0     1  -199.0   25.357   -9.717    186.9    954.0
     1     1    12     5    24     4     0     2  -200.0   25.580   -9.803    228.1    947.3
     1     1    12     5    24     3     0     3  -201.0   25.792   -9.922    283.1    939.1
     1     1    12     5    24     2     0     2  -202.0   25.983  -10.060    354.5    928.9
     1     1    12     5    24     1     0     1  -203.0   26.148  -10.195    430.9    920.3
     1     1    12     5    24     0     0     0  -204.0   26.289  -10.315    500.9    914.0
     1     1    12     5    23    23     0     1  -205.0   26.413  -10.429    563.7    909.0
     1     1    12     5    23    22     0     2  -206.0   26.530  -10.544    619.6    905.7
     1     1    12     5    23    21     0     3  -207.0   26.638  -10.655    674.5    902.7
     1     1    12     5    23    20     0     2  -208.0   26.736  -10.767    724.0    899.6
     1     1    12     5    23    19     0     1  -209.0   26.830  -10.884    751.4    899.7
     1     1    12     5    23    18     0     0  -210.0   26.936  -11.004    739.4    904.4
     1     1    12     5    23    17     0     1  -211.0   27.041  -11.113    707.5    912.5
     1     1    12     5    23    16     0     2  -212.0   27.127  -11.201    691.3    914.0
     1     1    12     5    23    15     0     3  -213.0   27.198  -11.272    685.3    914.1
     1     1    12     5    23    14     0     2  -214.0   27.261  -11.324    679.9    914.7
     1     1    12     5    23    13     0     1  -215.0   27.321  -11.352    671.0    916.2
     1     1    12     5    23    12     0     0  -216.0   27.375  -11.358    660.1    917.8
     1     1    12     5    23    11     0     1  -217.0   27.427  -11.347    651.9    918.8
     1     1    12     5    23    10     0     2  -218.0   27.483  -11.324    651.7    918.4
     1     1    12     5    23     9     0     3  -219.0   27.539  -11.289    662.3    916.7
     1     1    12     5    23     8     0     2  -220.0   27.591  -11.253    680.9    913.4
     1     1    12     5    23     7     0     1  -221.0   27.633  -11.225    703.5    910.3
     1     1    12     5    23     6     0     0  -222.0   27.666  -11.206    730.6    906.9
     1     1    12     5    23     5     0     1  -223.0   27.687  -11.189    758.8    903.1
     1     1    12     5    23     4     0     2  -224.0   27.696  -11.168    783.8    900.1
     1     1    12     5    23     3     0     3  -225.0   27.692  -11.142    804.4    897.6
     1     1    12     5    23     2     0     2  -226.0   27.681  -11.109    824.4    896.1
     1     1    12     5    23     1     0     1  -227.0   27.664  -11.064    847.7    893.7
     1     1    12     5    23     0     0     0  -228.0   27.639  -11.006    873.3    891.1
     1     1    12     5    22    23     0     1  -229.0   27.617  -10.944    909.1    887.3
     1     1    12     5    22    22     0     2  -230.0   27.605  -10.888    961.9    880.5
     1     1    12     5    22    21     0     3  -231.0   27.601  -10.838   1028.2    872.7
     1     1    12     5    22    20     0     2  -232.0   27.605  -10.800   1098.3    864.1
     1     1    12     5    22    19     0     1  -233.0   27.617  -10.776   1168.0    856.8
     1     1    12     5    22    18     0     0  -234.0   27.635  -10.770   1240.5    848.9
     1     1    12     5    22    17     0     1  -235.0   27.649  -10.785   1305.9    841.5
     1     1    12     5    22    16     0     2  -236.0   27.651  -10.817   1352.7    837.3
     1     1    12     5    22    15     0     3  -237.0   27.648  -10.863   1379.9    835.3
     1     1    12     5    22    14     0     2  -238.0   27.643  -10.912   1397.2    835.4
     1     1    12     5    22    13     0     1  -239.0   27.634  -10.959   1415.5    834.5
     1     1    12     5    22    12     0     0  -240.0   27.624  -11.005   1435.7    833.4
