
    78866 TNCM Juliana Airport Observations at 12Z 01 Jul 1978

-----------------------------------------------------------------------------
   PRES   HGHT   TEMP   DWPT   RELH   MIXR   DRCT   SKNT   THTA   THTE   THTV
    hPa     m      C      C      %    g/kg    deg   knot     K      K      K 
-----------------------------------------------------------------------------
 1016.0      4   27.8   23.6     78  18.44    115      9  299.6  353.7  302.9
 1000.0    143   25.6   21.3     77  16.23    115      9  298.8  346.2  301.6
  981.9    304   24.6   22.2     87  17.55    115     10  299.3  350.7  302.4
  979.0    330   24.4   22.4     89  17.77    115     10  299.4  351.5  302.5
  966.0    448   23.4   17.4     69  13.11    115     10  299.5  338.0  301.9
  948.2    609   22.0   16.9     73  12.89    115      9  299.7  337.6  302.0
  915.5    914   19.4   15.8     80  12.49    110     11  300.0  336.8  302.2
  894.0   1120   17.6   15.1     85  12.21    100     11  300.2  336.2  302.4
  883.8   1219   17.9   14.3     80  11.76     95     11  301.5  336.4  303.7
  875.0   1305   18.2   13.7     75  11.38     94     11  302.7  336.7  304.8
  850.0   1553   16.0   13.1     83  11.27     90     12  302.9  336.6  304.9
  822.7   1828   14.3   11.8     85  10.66     75     11  304.0  336.0  305.9
  793.5   2133   12.5   10.3     87  10.02     70     11  305.1  335.4  307.0
  765.3   2438   10.6    8.8     89   9.40     80     14  306.3  334.9  308.1
  744.0   2676    9.2    7.7     90   8.94     76     16  307.2  334.6  308.9
  738.0   2743    9.1    7.1     88   8.66     75     16  307.8  334.4  309.4
  700.0   3182    8.2    3.4     72   7.03     80     16  311.5  333.6  312.9
  660.4   3657    4.9    1.1     76   6.30     70     18  313.1  333.1  314.3
  612.8   4267    0.7   -1.9     82   5.44     80     18  315.0  332.5  316.1
  609.0   4317    0.4   -2.2     83   5.37     81     18  315.2  332.5  316.2
  580.0   4708   -0.3  -15.3     31   2.02     91     17  318.8  325.7  319.2
  567.8   4876   -1.2  -18.4     26   1.59     95     17  319.6  325.2  319.9
  500.0   5880   -6.9  -36.9      7   0.32    110     16  324.6  325.8  324.6
  486.1   6096   -8.6  -38.6      7   0.28    140      9  325.1  326.1  325.1
  428.0   7073  -16.5  -46.5      6   0.14     29      7  327.1  327.6  327.1
  400.0   7580  -19.1  -28.1     45   0.95    330      6  330.1  333.6  330.3
  397.8   7620  -19.4  -28.5     44   0.92    320      6  330.2  333.7  330.4
  322.7   9144  -30.3  -44.1     25   0.24    265     14  335.6  336.5  335.6
  320.0   9204  -30.7  -44.7     24   0.22    266     14  335.7  336.7  335.8
  308.0   9475  -32.5  -38.5     55   0.45    271     17  336.9  338.7  337.0
  300.0   9660  -33.9  -46.9     26   0.19    275     18  337.5  338.3  337.5
  271.0  10364  -40.1  -46.1     53   0.23    289     21  338.4  339.4  338.5
  259.1  10668  -42.4                         295     23  339.4         339.4
  250.0  10910  -44.3                         295     24  340.1         340.1
  200.0  12370  -56.5                         310     24  343.1         343.1
  186.5  12801  -59.1                         260     19  345.8         345.8
  177.6  13106  -61.0                         210     18  347.7         347.7
  160.9  13716  -64.7                         260     19  351.4         351.4
  153.2  14020  -66.5                         290     20  353.2         353.2
  150.0  14150  -67.3                         280     20  354.0         354.0
  132.0  14914  -70.3                         310     12  361.8         361.8
  125.0  15240  -68.4                         310     12  370.9         370.9
  124.0  15288  -68.1                         312     12  372.3         372.3
  112.8  15849  -69.2                         340      9  380.3         380.3
  107.2  16154  -69.9                          10      9  384.8         384.8
  101.9  16459  -70.5                          50      8  389.2         389.2
  100.0  16570  -70.7                          50      8  390.9         390.9
   91.9  17068  -72.5                          80     12  396.8         396.8
   88.0  17323  -73.5                          82     13  399.8         399.8
   82.0  17742  -68.1                          86     15  419.0         419.0
   74.0  18356  -69.7                          92     17  428.1         428.1
   70.0  18690  -66.5                          95     18  441.8         441.8
   50.0  20750  -61.7                         110     16  497.7         497.7
   38.0  22465  -58.7                         102     20  545.9         545.9
   30.0  23970  -53.9                          95     23  597.1         597.1
   25.0  25149  -50.5                                     638.8         638.8


      Station information and sounding indices

                         Station identifier: TNCM
                             Station number: 78866
                           Observation time: 780701/1200
                           Station latitude: 18.03
                          Station longitude: -63.11
                          Station elevation: 4.0
                            Showalter index: 1.45
                               Lifted index: -2.62
    LIFT computed using virtual temperature: -3.47
                                SWEAT index: 197.22
                                    K index: 31.20
                         Cross totals index: 20.00
                      Vertical totals index: 22.90
                        Totals totals index: 42.90
      Convective Available Potential Energy: 1349.94
             CAPE using virtual temperature: 1533.22
                      Convective Inhibition: -5.15
             CINS using virtual temperature: 0.00
                           Equilibrum Level: 184.13
 Equilibrum Level using virtual temperature: 184.11
                   Level of Free Convection: 917.76
             LFCT using virtual temperature: 932.19
                     Bulk Richardson Number: 250.70
          Bulk Richardson Number using CAPV: 284.73
  Temp [K] of the Lifted Condensation Level: 293.27
Pres [hPa] of the Lifted Condensation Level: 932.19
   Equivalent potential temp [K] of the LCL: 346.61
     Mean mixed layer potential temperature: 299.23
              Mean mixed layer mixing ratio: 16.30
              1000 hPa to 500 hPa thickness: 5737.00
Precipitable water [mm] for entire sounding: 46.13


    78866 TNCM Juliana Airport Observations at 12Z 03 Jul 1978

-----------------------------------------------------------------------------
   PRES   HGHT   TEMP   DWPT   RELH   MIXR   DRCT   SKNT   THTA   THTE   THTV
    hPa     m      C      C      %    g/kg    deg   knot     K      K      K 
-----------------------------------------------------------------------------
 1016.0      4   27.6   24.0     81  18.90    105     32  299.4  354.9  302.8
 1000.0    142   25.8   22.0     80  16.96    105     31  298.9  348.6  302.0
  981.7    304   24.5   21.2     82  16.48    105     29  299.2  347.4  302.1
  948.2    609   21.9   19.8     88  15.60    105     23  299.6  345.4  302.4
  941.0    676   21.4   19.5     89  15.41    105     23  299.7  344.9  302.5
  915.4    914   20.0   17.7     87  14.13    105     21  300.6  342.3  303.2
  883.6   1219   18.2   15.4     84  12.62    110     22  301.8  339.3  304.1
  850.0   1554   16.2   12.9     81  11.12    115     22  303.1  336.4  305.1
  822.8   1828   15.0    9.6     70   9.20    120     18  304.7  332.5  306.4
  793.6   2133   13.7    5.9     59   7.41    125     17  306.5  329.2  307.8
  765.4   2438   12.4    2.3     50   5.92    130     19  308.2  326.7  309.3
  738.3   2743   11.1   -1.4     42   4.70    135     19  310.0  325.0  310.9
  700.0   3192    9.2   -6.8     32   3.30    135     22  312.6  323.4  313.3
  660.4   3657    6.0   -8.1     36   3.15    135     24  314.2  324.6  314.8
  611.9   4267    1.7   -9.9     42   2.97    130     22  316.3  326.2  316.9
  567.0   4876   -2.5  -11.6     50   2.79    135     12  318.3  327.7  318.8
  500.0   5880   -9.5  -14.5     67   2.50    130     13  321.4  330.0  321.9
  486.0   6096  -10.8  -15.8     67   2.32    135     15  322.5  330.5  322.9
  400.0   7580  -19.3  -24.3     65   1.35    135     18  329.8  334.7  330.1
  397.8   7620  -19.6  -24.7     64   1.30    135     18  330.0  334.8  330.2
  321.9   9144  -30.8  -40.3     39   0.36    105     15  335.1  336.5  335.1
  300.0   9650  -34.5  -45.5     32   0.22    110     17  336.6  337.5  336.7
  258.6  10668  -43.3                         105     17  338.3         338.3
  250.0  10900  -45.3                         110     18  338.6         338.6
  200.0  12350  -56.5                          75     21  343.1         343.1
  160.2  13716  -65.0                         105      7  351.3         351.3
  150.0  14120  -67.5                         160      9  353.6         353.6
  124.6  15240  -70.0                         190      5  368.4         368.4
  100.0  16570  -72.9                         130      6  386.6         386.6
   83.0  17660  -73.1                          96     13  407.4         407.4
   82.7  17678  -73.0                          95     13  407.9         407.9
   78.6  17983  -71.2                          90     21  417.7         417.7
   70.0  18670  -67.1                          90     31  440.5         440.5
   50.0  20740  -59.5                         105     33  502.8         502.8
   37.0  22628  -59.3                         105     34  548.5         548.5
   30.0  23980  -47.5                         105     34  614.5         614.5
   25.0  25173  -51.7                         101     38  635.3         635.3
   20.0  26640  -45.7                          95     43  695.5         695.5
   11.5  30403  -36.5                                     847.6         847.6
   10.0  31370  -37.7                                     877.7         877.7


      Station information and sounding indices

                         Station identifier: TNCM
                             Station number: 78866
                           Observation time: 780703/1200
                           Station latitude: 18.03
                          Station longitude: -63.11
                          Station elevation: 4.0
                            Showalter index: -1.07
                               Lifted index: -5.89
    LIFT computed using virtual temperature: -6.45
                                SWEAT index: 211.81
                                    K index: 22.60
                         Cross totals index: 22.40
                      Vertical totals index: 25.70
                        Totals totals index: 48.10
      Convective Available Potential Energy: 1831.94
             CAPE using virtual temperature: 2047.04
                      Convective Inhibition: -4.60
             CINS using virtual temperature: -1.53
                           Equilibrum Level: 174.40
 Equilibrum Level using virtual temperature: 173.88
                   Level of Free Convection: 910.55
             LFCT using virtual temperature: 928.68
                     Bulk Richardson Number: 101.29
          Bulk Richardson Number using CAPV: 113.18
  Temp [K] of the Lifted Condensation Level: 294.04
Pres [hPa] of the Lifted Condensation Level: 941.01
   Equivalent potential temp [K] of the LCL: 348.45
     Mean mixed layer potential temperature: 299.20
              Mean mixed layer mixing ratio: 16.86
              1000 hPa to 500 hPa thickness: 5738.00
Precipitable water [mm] for entire sounding: 43.78


    78866 TNCM Juliana Airport Observations at 12Z 05 Jul 1978

-----------------------------------------------------------------------------
   PRES   HGHT   TEMP   DWPT   RELH   MIXR   DRCT   SKNT   THTA   THTE   THTV
    hPa     m      C      C      %    g/kg    deg   knot     K      K      K 
-----------------------------------------------------------------------------
 1016.0      4   27.6   23.2     77  17.99     95     24  299.4  352.1  302.6
 1000.0    141   26.2   20.2     70  15.14    100     25  299.4  343.8  302.1
  981.5    304   24.9   19.1     70  14.43    100     25  299.7  342.1  302.2
  947.8    609   22.5   17.2     72  13.18    100     26  300.2  339.0  302.6
  888.0   1178   18.0   13.5     75  11.07    103     23  301.2  334.1  303.2
  850.0   1552   15.8    9.8     68   9.02    105     21  302.7  329.8  304.3
  785.0   2225   13.0   -8.0     22   2.68    111     20  306.6  315.3  307.1
  700.0   3177    7.4  -22.6     10   0.89    120     19  310.6  313.8  310.8
  500.0   5880   -6.5  -36.5      7   0.34    120     10  325.1  326.4  325.1
  400.0   7580  -18.9  -48.9      5   0.11     95     11  330.3  330.8  330.4
  322.2   9144  -30.9  -60.9      4   0.03    100     23  334.8  334.9  334.8
  300.0   9660  -34.9  -64.9      3   0.02    115      6  336.1  336.2  336.1
  270.5  10363  -40.3                         100     20  338.2         338.2
  250.0  10900  -44.5                          45     11  339.8         339.8
  247.3  10972  -45.0                         105     21  340.0         340.0
  205.2  12192  -54.4                         305     15  343.9         343.9
  200.0  12360  -55.7                         300     16  344.4         344.4
  161.0  13716  -64.7                         245      5  351.3         351.3
  161.0  13715  -64.7                         245      5  351.3         351.3
  150.0  14150  -62.7                         200      1  361.9         361.9
  125.2  15240  -67.2                         215      5  373.0         373.0
  100.0  16590  -72.7                          55     11  387.0         387.0
   89.0  17268  -75.1                          60     16  395.3         395.3
   87.4  17373  -74.4                          60     17  398.8         398.8
   78.8  17983  -70.1                          75     26  419.6         419.6
   74.0  18357  -67.5                          80     31  432.7         432.7
   70.0  18690  -67.9                          85     35  438.8         438.8
   59.0  19734  -61.9                          93     34  474.2         474.2
   50.0  20760  -61.7                         100     34  497.7         497.7
   30.0  23970  -54.9                         100     30  594.4         594.4
   20.0  26620  -46.3                         100     56  693.7         693.7
   10.0  31280  -40.7                          95     78  866.5         866.5
    7.0  33710  -39.9                          95    105  962.7         962.7
    6.3  34430  -39.7                                     993.0         993.0


      Station information and sounding indices

                         Station identifier: TNCM
                             Station number: 78866
                           Observation time: 780705/1200
                           Station latitude: 18.03
                          Station longitude: -63.11
                          Station elevation: 4.0
                            Showalter index: 4.93
                               Lifted index: -0.98
    LIFT computed using virtual temperature: -1.75
                                SWEAT index: 169.60
                                    K index: 2.10
                         Cross totals index: 16.30
                      Vertical totals index: 22.30
                        Totals totals index: 38.60
      Convective Available Potential Energy: 643.71
             CAPE using virtual temperature: 906.39
                      Convective Inhibition: -20.40
             CINS using virtual temperature: -8.65
                           Equilibrum Level: 218.11
 Equilibrum Level using virtual temperature: 217.87
                   Level of Free Convection: 860.66
             LFCT using virtual temperature: 892.31
                     Bulk Richardson Number: 90.36
          Bulk Richardson Number using CAPV: 127.23
  Temp [K] of the Lifted Condensation Level: 291.62
Pres [hPa] of the Lifted Condensation Level: 909.96
   Equivalent potential temp [K] of the LCL: 343.37
     Mean mixed layer potential temperature: 299.60
              Mean mixed layer mixing ratio: 14.99
              1000 hPa to 500 hPa thickness: 5739.00
Precipitable water [mm] for entire sounding: 28.50


    78866 TNCM Juliana Airport Observations at 12Z 06 Jul 1978

-----------------------------------------------------------------------------
   PRES   HGHT   TEMP   DWPT   RELH   MIXR   DRCT   SKNT   THTA   THTE   THTV
    hPa     m      C      C      %    g/kg    deg   knot     K      K      K 
-----------------------------------------------------------------------------
 1017.0      4   28.0   23.6     77  18.42     90     15  299.7  353.8  303.0
 1000.0    153   26.8   21.8     74  16.75     95     15  299.9  349.2  302.9
  982.8    304   25.7   20.9     75  16.13     95     16  300.3  347.8  303.2
  949.0    609   23.4   19.2     77  14.95     95     18  301.0  345.1  303.7
  916.3    914   21.1   17.4     79  13.83     95     21  301.7  342.7  304.2
  884.8   1219   18.8   15.6     82  12.77     95     19  302.4  340.4  304.7
  850.0   1568   16.2   13.6     85  11.65     95     18  303.1  337.9  305.2
  824.2   1828   14.8   11.9     83  10.72    100     18  304.3  336.6  306.3
  794.9   2133   13.2    9.9     81   9.71    105     22  305.7  335.2  307.5
  766.6   2438   11.5    7.9     78   8.78    105     25  307.1  334.0  308.7
  739.3   2743    9.9    5.9     76   7.92    105     24  308.5  333.0  310.0
  716.0   3013    8.4    4.1     74   7.22    114     22  309.8  332.2  311.1
  700.0   3200    8.0   -2.0     49   4.74    120     20  311.3  326.5  312.2
  681.0   3427    7.0  -10.0     29   2.64    135     16  312.6  321.4  313.1
  662.0   3657    5.5   -9.5     33   2.83    150     12  313.6  322.9  314.1
  614.2   4267    1.7   -8.1     48   3.41    155     10  315.9  327.2  316.6
  599.0   4471    0.4   -7.6     55   3.62    152      9  316.7  328.7  317.4
  580.0   4730   -0.9  -11.9     43   2.66    147      8  318.1  327.1  318.6
  569.4   4876   -2.0   -8.5     61   3.55    145      7  318.4  330.2  319.1
  558.0   5038   -3.3   -4.8     89   4.83    136      7  318.8  334.6  319.7
  500.0   5900   -8.7  -11.8     78   3.11     85      6  322.4  333.0  323.0
  487.4   6096   -9.9  -12.8     79   2.94     60     10  323.2  333.3  323.8
  458.0   6574  -12.9  -15.4     82   2.53     60      9  325.3  334.1  325.8
  442.0   6843  -15.3  -15.3    100   2.65     60      8  325.6  334.8  326.1
  420.0   7227  -17.7  -19.5     86   1.95     60      7  327.3  334.2  327.7
  408.0   7443  -18.5  -27.5     45   0.99     60      6  329.0  332.6  329.2
  400.0   7590  -19.7  -24.4     66   1.33     60      6  329.3  334.2  329.6
  398.4   7620  -19.9  -25.1     63   1.26     60      5  329.5  334.1  329.7
  383.0   7912  -21.5  -31.5     40   0.72     84      4  331.0  333.8  331.2
  347.0   8633  -26.5  -33.5     52   0.66    146      3  333.8  336.3  333.9
  323.0   9144  -30.1  -38.1     46   0.44    190      2  335.6  337.4  335.7
  300.0   9670  -33.9  -42.9     40   0.29    270      5  337.5  338.7  337.5
  268.0  10450  -40.1  -49.1     38   0.16    293     10  339.5  340.2  339.5
  259.5  10668  -42.1                         300     12  339.6         339.6
  250.0  10920  -44.5                         300     12  339.8         339.8
  200.0  12370  -56.1                         310     18  343.8         343.8
  176.0  13173  -61.9                         279     23  347.0         347.0
  169.3  13411  -62.3                         270     25  350.2         350.2
  150.0  14160  -63.5                         270     10  360.5         360.5
  144.0  14411  -63.9                         265      7  364.0         364.0
  138.9  14630  -65.2                         260      4  365.6         365.6
  133.0  14896  -66.7                         277      4  367.4         367.4
  125.6  15240  -67.9                         300      3  371.3         371.3
  107.8  16154  -71.1                          75      5  381.8         381.8
  100.0  16600  -72.7                         100      8  387.0         387.0


      Station information and sounding indices

                         Station identifier: TNCM
                             Station number: 78866
                           Observation time: 780706/1200
                           Station latitude: 18.03
                          Station longitude: -63.11
                          Station elevation: 4.0
                            Showalter index: -0.93
                               Lifted index: -5.16
    LIFT computed using virtual temperature: -5.63
                                SWEAT index: 205.22
                                    K index: 28.50
                         Cross totals index: 22.30
                      Vertical totals index: 24.90
                        Totals totals index: 47.20
      Convective Available Potential Energy: 1805.10
             CAPE using virtual temperature: 1980.34
                      Convective Inhibition: -19.47
             CINS using virtual temperature: -11.11
                           Equilibrum Level: 173.14
 Equilibrum Level using virtual temperature: 173.17
                   Level of Free Convection: 882.32
             LFCT using virtual temperature: 896.76
                     Bulk Richardson Number: 880.51
          Bulk Richardson Number using CAPV: 965.99
  Temp [K] of the Lifted Condensation Level: 293.39
Pres [hPa] of the Lifted Condensation Level: 923.01
   Equivalent potential temp [K] of the LCL: 348.63
     Mean mixed layer potential temperature: 300.20
              Mean mixed layer mixing ratio: 16.51
              1000 hPa to 500 hPa thickness: 5747.00
Precipitable water [mm] for entire sounding: 48.69


    78866 TNCM Juliana Airport Observations at 12Z 07 Jul 1978

-----------------------------------------------------------------------------
   PRES   HGHT   TEMP   DWPT   RELH   MIXR   DRCT   SKNT   THTA   THTE   THTV
    hPa     m      C      C      %    g/kg    deg   knot     K      K      K 
-----------------------------------------------------------------------------
 1017.0      4   23.8   22.7     94  17.42    150     34  295.5  345.7  298.6
 1000.0    153   22.4   20.3     88  15.24    150     35  295.6  339.5  298.2
  948.7    609   19.9   18.4     91  14.21    150     37  297.4  338.8  300.0
  915.9    914   18.1   17.1     93  13.54    150     36  298.7  338.3  301.1
  902.0   1046   17.4   16.5     94  13.26    152     36  299.2  338.1  301.6
  883.9   1219   16.6   15.2     92  12.47    155     35  300.1  336.9  302.4
  850.0   1553   15.0   12.8     87  11.04    160     32  301.9  334.7  303.9
  822.8   1828   13.7   10.5     81   9.79    160     25  303.3  332.7  305.1
  804.0   2024   12.8    8.9     77   8.98    163     22  304.3  331.5  306.0
  793.5   2133   12.3    8.5     78   8.85    165     20  304.9  331.8  306.5
  765.0   2438   10.8    7.4     80   8.51    165     15  306.5  332.5  308.1
  737.5   2743    9.3    6.3     81   8.17    175     12  308.1  333.3  309.6
  700.0   3178    7.2    4.7     84   7.71    195      9  310.4  334.4  311.9
  660.0   3657    4.9    2.4     84   6.93    220      7  313.1  335.0  314.4
  612.4   4267    1.9   -0.6     83   6.03    275      3  316.5  335.9  317.6
  586.0   4626    0.2   -2.3     83   5.55    307      4  318.4  336.5  319.5
  568.1   4876   -0.1   -2.4     85   5.69    330      5  320.9  339.6  322.0
  559.0   5005   -0.3   -2.4     86   5.77    325      5  322.2  341.2  323.3
  500.0   5890   -6.3  -10.7     71   3.40    290      5  325.3  336.9  326.0
  486.7   6096   -7.5  -12.0     70   3.15    290      3  326.3  337.1  326.9
  400.0   7600  -16.5  -21.5     65   1.73     25     11  333.5  339.8  333.8
  398.9   7620  -16.6  -21.6     65   1.71     30     11  333.5  339.8  333.9
  323.4   9144  -28.3  -33.2     63   0.72    100     15  338.0  340.8  338.2
  300.0   9690  -32.5  -37.4     62   0.51     90     11  339.4  341.5  339.6
  260.4  10668  -41.0                         150      4  340.9         340.9
  250.0  10950  -43.5                         180      3  341.3         341.3
  227.0  11582  -48.7                         200      6  342.9         342.9
  200.0  12410  -55.5                         225     10  344.7         344.7
  187.8  12801  -58.4                         250     11  346.2         346.2
  154.2  14020  -67.6                         175     11  350.6         350.6
  150.0  14190  -68.9                         275     11  351.2         351.2
  139.0  14649  -69.3                         247     11  358.2         358.2
  125.9  15240  -70.1                         210     11  367.0         367.0
  119.7  15544  -70.6                         155      7  371.6         371.6
  108.1  16154  -71.4                         115     10  380.9         380.9
  102.0  16502  -71.9                         108     14  386.4         386.4
  100.0  16620  -70.9                         105     16  390.5         390.5
   97.6  16764  -71.3                         100     18  392.4         392.4
   88.0  17371  -73.1                          95     21  400.6         400.6
   79.0  18004  -70.7                          90     25  418.1         418.1
   70.0  18730  -64.5                          85     29  446.1         446.1
   50.0  20810  -60.7                          90     30  500.0         500.0
   30.0  24040  -54.3                         105     54  596.0         596.0
   20.0  26660  -47.7                         105     45  689.4         689.4
   10.0  31210  -48.9                          85     70  835.9         835.9


      Station information and sounding indices

                         Station identifier: TNCM
                             Station number: 78866
                           Observation time: 780707/1200
                           Station latitude: 18.03
                          Station longitude: -63.11
                          Station elevation: 4.0
                            Showalter index: 2.86
                               Lifted index: 0.55
    LIFT computed using virtual temperature: 0.35
                                SWEAT index: 222.58
                                    K index: 31.60
                         Cross totals index: 19.10
                      Vertical totals index: 21.30
                        Totals totals index: 40.40
      Convective Available Potential Energy: 28.20
             CAPE using virtual temperature: 65.77
                      Convective Inhibition: -8.66
             CINS using virtual temperature: -5.99
                           Equilibrum Level: 585.42
 Equilibrum Level using virtual temperature: 582.40
                   Level of Free Convection: 877.83
             LFCT using virtual temperature: 904.78
                     Bulk Richardson Number: 0.53
          Bulk Richardson Number using CAPV: 1.23
  Temp [K] of the Lifted Condensation Level: 292.86
Pres [hPa] of the Lifted Condensation Level: 962.95
   Equivalent potential temp [K] of the LCL: 340.10
     Mean mixed layer potential temperature: 296.06
              Mean mixed layer mixing ratio: 15.28
              1000 hPa to 500 hPa thickness: 5737.00
Precipitable water [mm] for entire sounding: 52.76


    78866 TNCM Juliana Airport Observations at 12Z 08 Jul 1978

-----------------------------------------------------------------------------
   PRES   HGHT   TEMP   DWPT   RELH   MIXR   DRCT   SKNT   THTA   THTE   THTV
    hPa     m      C      C      %    g/kg    deg   knot     K      K      K 
-----------------------------------------------------------------------------
 1016.0      4   27.8   23.4     77  18.21     90      6  299.6  353.1  302.8
 1000.0    146   25.4   21.7     80  16.64     95      7  298.6  347.2  301.5
  982.2    304   24.5   21.2     82  16.41     95      8  299.1  347.2  302.1
  948.7    609   22.7   20.2     86  15.97    100      8  300.3  347.3  303.2
  926.0    822   21.4   19.5     89  15.66    107      9  301.1  347.3  303.9
  916.3    914   20.9   14.7     68  11.62    110     10  301.4  335.9  303.5
  912.0    955   20.6   12.6     60  10.15    110     10  301.6  331.8  303.4
  884.5   1219   19.5   10.6     56   9.15    110     11  303.1  330.6  304.7
  850.0   1563   18.0    8.0     52   7.98    110     10  305.0  329.3  306.5
  823.9   1828   16.2    7.6     57   8.02    120      7  305.8  330.3  307.3
  794.8   2133   14.1    7.2     63   8.06    135      6  306.7  331.4  308.2
  766.7   2438   12.0    6.7     70   8.10    145      6  307.6  332.6  309.1
  759.0   2524   11.4    6.6     72   8.12    149      6  307.9  332.9  309.4
  739.3   2743   10.2    4.7     69   7.27    160      6  308.9  331.4  310.2
  700.0   3198    7.6    0.6     61   5.74    220     15  310.9  329.0  311.9
  661.7   3657    5.0   -2.9     57   4.70    220     14  312.9  328.0  313.8
  614.0   4267    1.4   -7.5     51   3.56    225     19  315.6  327.4  316.3
  611.0   4306    1.2   -7.8     51   3.50    225     19  315.8  327.4  316.5
  584.0   4668   -2.1   -4.4     84   4.75    228     18  316.1  331.5  317.0
  568.8   4876   -3.1   -5.5     84   4.49    230     18  317.2  331.9  318.1
  500.0   5890   -8.3  -10.8     82   3.37    205     10  322.9  334.3  323.5
  486.9   6096  -10.1  -11.4     90   3.30    190      6  323.2  334.4  323.8
  472.0   6336  -12.1  -12.1    100   3.22    181      8  323.5  334.5  324.1
  441.0   6855  -15.1  -18.1     78   2.10    162     11  326.1  333.4  326.5
  433.0   6994  -15.9  -22.9     55   1.41    157     12  326.8  331.8  327.0
  400.0   7590  -19.5  -24.5     65   1.32    135     16  329.6  334.4  329.8
  398.4   7620  -19.7  -24.6     65   1.31    135     16  329.7  334.5  329.9
  381.0   7949  -22.1  -25.8     72   1.23    128     17  330.8  335.3  331.0
  374.0   8086  -22.7  -28.7     58   0.96    125     18  331.7  335.3  331.9
  347.0   8630  -27.3  -31.7     66   0.78    112     19  332.7  335.6  332.8
  322.7   9144  -31.2  -35.9     63   0.56    100     21  334.3  336.4  334.4
  300.0   9660  -35.1  -40.1     60   0.39    110     20  335.8  337.4  335.9
  274.0  10284  -40.1  -49.1     38   0.16    135     21  337.4  338.0  337.4
  258.8  10668  -43.5                         150     22  338.0         338.0
  250.0  10900  -45.5                         150     22  338.3         338.3
  204.9  12192  -56.4                         155     23  341.0         341.0
  200.0  12350  -57.7                         150     13  341.2         341.2
  195.4  12496  -59.1                         150     12  341.3         341.3
  186.0  12801  -62.0                         150      4  341.5         341.5
  185.0  12835  -62.3                         149      4  341.5         341.5
  160.2  13716  -63.5                         130     14  353.7         353.7
  150.0  14120  -64.1                         140      8  359.5         359.5
  137.0  14677  -64.1                         155      9  368.9         368.9
  124.8  15240  -66.9                         170     10  373.8         373.8
  110.0  16003  -70.7                         155     12  380.4         380.4
  101.9  16459  -70.7                         150     11  388.8         388.8
  100.0  16570  -70.7                         110      7  390.9         390.9
   96.8  16764  -71.3                         130     12  393.3         393.3
   95.0  16873  -71.7                         127     13  394.7         394.7
   78.8  17983  -69.3                         100     22  421.3         421.3
   74.0  18356  -68.5                          97     26  430.6         430.6
   70.0  18690  -66.3                          95     29  442.2         442.2
   59.0  19741  -60.7                         100     31  476.9         476.9
   50.0  20770  -61.5                         105     32  498.1         498.1
   48.0  21022  -62.3                         103     33  502.1         502.1
   41.0  22009  -56.3                          97     35  540.1         540.1
   32.0  23572  -58.9                          88     39  572.8         572.8
   30.0  23980  -55.8                          85     40  591.9         591.9
   27.0  24660  -50.7                          86     40  624.3         624.3
   20.0  26620  -50.7                          90     39  680.2         680.2
   14.0  29001  -40.5                                     787.7         787.7
   10.0  31290  -42.1                                     861.3         861.3


      Station information and sounding indices

                         Station identifier: TNCM
                             Station number: 78866
                           Observation time: 780708/1200
                           Station latitude: 18.03
                          Station longitude: -63.11
                          Station elevation: 4.0
                            Showalter index: 3.37
                               Lifted index: -4.51
    LIFT computed using virtual temperature: -4.91
                                SWEAT index: 126.01
                                    K index: 27.30
                         Cross totals index: 16.30
                      Vertical totals index: 26.30
                        Totals totals index: 42.60
      Convective Available Potential Energy: 1948.37
             CAPE using virtual temperature: 2108.43
                      Convective Inhibition: -40.53
             CINS using virtual temperature: -13.18
                           Equilibrum Level: 171.78
 Equilibrum Level using virtual temperature: 171.68
                   Level of Free Convection: 816.67
             LFCT using virtual temperature: 913.53
                     Bulk Richardson Number: 145.91
          Bulk Richardson Number using CAPV: 157.89
  Temp [K] of the Lifted Condensation Level: 293.85
Pres [hPa] of the Lifted Condensation Level: 939.18
   Equivalent potential temp [K] of the LCL: 347.95
     Mean mixed layer potential temperature: 299.18
              Mean mixed layer mixing ratio: 16.68
              1000 hPa to 500 hPa thickness: 5744.00
Precipitable water [mm] for entire sounding: 46.27


    78866 TNCM Juliana Airport Observations at 12Z 10 Jul 1978

-----------------------------------------------------------------------------
   PRES   HGHT   TEMP   DWPT   RELH   MIXR   DRCT   SKNT   THTA   THTE   THTV
    hPa     m      C      C      %    g/kg    deg   knot     K      K      K 
-----------------------------------------------------------------------------
 1017.0      4   28.0   23.0     74  17.75     90     14  299.7  351.8  302.9
 1000.0    151   26.8   21.8     74  16.75     88     14  299.9  349.2  302.9
  944.0    658   21.4   20.2     93  16.06     82     13  299.4  346.5  302.3
  933.0    760   20.4   16.6     79  12.90     81     13  299.4  337.3  301.7
  850.0   1561   15.2   13.4     89  11.49     71     11  302.1  336.2  304.1
  792.0   2155   11.4    7.2     75   8.11     63     10  304.1  328.7  305.6
  773.0   2357   12.2    4.2     58   6.73     61     10  307.1  327.9  308.4
  754.0   2565   10.6    3.6     62   6.61     58      9  307.6  328.1  308.8
  735.0   2776   10.8  -10.2     22   2.41     55      9  310.1  318.0  310.5
  700.0   3179    8.4  -10.6     25   2.45     50      8  311.8  319.9  312.2
  500.0   5910   -5.1  -21.1     27   1.43     80      9  326.8  331.9  327.0
  416.0   7317  -17.5  -28.5     38   0.88    171      9  328.5  331.8  328.6
  400.0   7610  -17.1  -47.1      5   0.14    190      9  332.7  333.2  332.7
  343.0   8744  -25.5  -41.5     21   0.29    217     14  336.2  337.4  336.3
  300.0   9700  -33.5  -40.5     49   0.37    240     19  338.0  339.6  338.1
  270.0  10429  -40.1  -46.1     53   0.23    234     22  338.8  339.7  338.8
  250.0  10950  -44.3                         230     25  340.1         340.1
  200.0  12410  -56.7                         230     35  342.8         342.8
  166.0  13572  -63.9                         159     25  349.5         349.5
  150.0  14190  -66.3                         120     20  355.7         355.7
  131.0  15015  -64.3                         109     17  373.3         373.3
  105.0  16343  -72.7                          90     11  381.6         381.6
  100.0  16630  -71.7                          95     18  388.9         388.9
   76.0  18262  -68.1                          95     30  428.2         428.2
   70.0  18760  -64.3                          95     33  446.5         446.5
   58.0  19916  -62.1                          98     33  476.1         476.1
   53.0  20471  -63.9                          99     33  484.4         484.4
   50.0  20830  -61.9                         100     33  497.2         497.2
   41.0  22067  -57.1                         102     33  538.1         538.1
   34.0  23250  -56.3                         104     33  569.8         569.8
   30.0  24050  -51.7                         105     33  603.1         603.1
   25.0  25245  -47.1                          94     32  648.5         648.5
   20.0  26720  -47.9                          80     31  688.8         688.8
   10.5  31002  -44.3                                     841.2         841.2


      Station information and sounding indices

                         Station identifier: TNCM
                             Station number: 78866
                           Observation time: 780710/1200
                           Station latitude: 18.03
                          Station longitude: -63.11
                          Station elevation: 4.0
                            Showalter index: 3.38
                               Lifted index: -1.64
    LIFT computed using virtual temperature: -2.38
                                SWEAT index: 192.04
                                    K index: 14.70
                         Cross totals index: 18.50
                      Vertical totals index: 20.30
                        Totals totals index: 38.80
      Convective Available Potential Energy: 1485.54
             CAPE using virtual temperature: 1740.46
                      Convective Inhibition: 0.00
             CINS using virtual temperature: 0.00
                           Equilibrum Level: 170.36
 Equilibrum Level using virtual temperature: 170.18
                   Level of Free Convection: 931.56
             LFCT using virtual temperature: 931.56
                     Bulk Richardson Number: 466.63
          Bulk Richardson Number using CAPV: 546.70
  Temp [K] of the Lifted Condensation Level: 293.77
Pres [hPa] of the Lifted Condensation Level: 931.56
   Equivalent potential temp [K] of the LCL: 348.84
     Mean mixed layer potential temperature: 299.79
              Mean mixed layer mixing ratio: 16.73
              1000 hPa to 500 hPa thickness: 5759.00
Precipitable water [mm] for entire sounding: 39.96


    78866 TNCM Juliana Airport Observations at 12Z 11 Jul 1978

-----------------------------------------------------------------------------
   PRES   HGHT   TEMP   DWPT   RELH   MIXR   DRCT   SKNT   THTA   THTE   THTV
    hPa     m      C      C      %    g/kg    deg   knot     K      K      K 
-----------------------------------------------------------------------------
 1016.0      4   26.8   22.2     76  16.90     80     15  298.6  348.0  301.6
 1000.0    146   25.4   20.8     76  15.73     80     16  298.6  344.5  301.4
  982.0    304   24.1   20.0     77  15.20     85     16  298.9  343.3  301.6
  948.1    609   21.7   18.4     81  14.21     90     17  299.4  341.1  302.0
  915.4    914   19.3   16.8     85  13.28    100     13  299.9  339.0  302.3
  885.0   1208   17.0   15.2     89  12.42    100     16  300.5  337.1  302.7
  883.8   1219   16.9   15.1     89  12.34    100     16  300.5  336.9  302.7
  850.0   1552   15.4   11.4     77  10.05    105     19  302.3  332.3  304.1
  822.6   1828   14.1    9.4     73   9.06    110     20  303.7  331.1  305.4
  793.4   2133   12.7    7.1     69   8.06    110     21  305.4  329.9  306.8
  765.2   2438   11.2    4.9     65   7.15    105     21  307.0  329.0  308.3
  742.0   2697   10.0    3.0     62   6.44    101     20  308.4  328.4  309.6
  737.9   2743    9.5    3.4     66   6.65    100     20  308.3  329.0  309.5
  723.0   2913    7.6    4.8     82   7.51    100     19  308.0  331.2  309.4
  700.0   3180    7.4   -4.6     42   3.90    100     18  310.6  323.2  311.4
  660.4   3657    6.1  -12.9     24   2.16    110     15  314.4  321.7  314.8
  613.0   4267    4.4  -23.4     11   0.95     85     16  319.2  322.6  319.4
  602.0   4416    4.0  -26.0      9   0.77     86     15  320.4  323.2  320.6
  568.3   4876    1.1  -28.9      9   0.62     90     12  322.2  324.6  322.4
  500.0   5900   -5.5  -35.5      7   0.37    140      8  326.3  327.7  326.3
  487.5   6096   -7.1  -37.1      7   0.33    145     10  326.7  328.0  326.8
  427.0   7117  -15.3  -45.3      6   0.16    152     13  328.8  329.5  328.9
  400.0   7610  -17.3  -47.3      5   0.13    155     15  332.4  333.0  332.4
  399.4   7620  -17.4  -47.4      5   0.13    155     15  332.4  333.0  332.5
  323.9   9144  -28.9  -58.9      4   0.04    145     11  337.1  337.3  337.1
  300.0   9700  -33.1  -63.1      3   0.03    160     11  338.6  338.7  338.6
  260.5  10668  -41.9                         170     10  339.6         339.6
  250.0  10950  -44.5                         150      9  339.8         339.8
  206.8  12192  -54.9                         210      9  342.4         342.4
  200.0  12410  -56.7                         225      8  342.8         342.8
  166.0  13565  -64.9                         228     13  347.9         347.9
  150.0  14180  -65.5                         230     15  357.1         357.1
  125.6  15240  -69.8                         160      8  367.9         367.9
  112.0  15925  -72.5                         100     10  375.1         375.1
  107.7  16154  -72.4                          90     11  379.4         379.4
  100.0  16590  -72.3                          75     16  387.8         387.8
   92.3  17068  -71.2                          75     19  399.0         399.0
   70.0  18720  -67.3                         100     28  440.1         440.1
   60.0  19658  -62.9                         100     30  469.7         469.7
   50.0  20780  -62.7                         100     33  495.3         495.3
   45.0  21438  -57.1                         102     33  524.0         524.0
   30.0  24020  -53.9                         110     32  597.1         597.1
   24.0  25477  -46.7                          99     33  657.3         657.3
   20.0  26680  -49.3                          90     34  684.5         684.5
   10.0  31320  -40.1                          85     51  868.7         868.7


      Station information and sounding indices

                         Station identifier: TNCM
                             Station number: 78866
                           Observation time: 780711/1200
                           Station latitude: 18.03
                          Station longitude: -63.11
                          Station elevation: 4.0
                            Showalter index: 4.75
                               Lifted index: -0.20
    LIFT computed using virtual temperature: -0.98
                                SWEAT index: 182.80
                                    K index: 20.30
                         Cross totals index: 16.90
                      Vertical totals index: 20.90
                        Totals totals index: 37.80
      Convective Available Potential Energy: 469.80
             CAPE using virtual temperature: 646.29
                      Convective Inhibition: -10.59
             CINS using virtual temperature: -6.07
                           Equilibrum Level: 194.66
 Equilibrum Level using virtual temperature: 194.37
                   Level of Free Convection: 901.42
             LFCT using virtual temperature: 910.92
                     Bulk Richardson Number: 173.84
          Bulk Richardson Number using CAPV: 239.15
  Temp [K] of the Lifted Condensation Level: 292.46
Pres [hPa] of the Lifted Condensation Level: 927.90
   Equivalent potential temp [K] of the LCL: 343.93
     Mean mixed layer potential temperature: 298.80
              Mean mixed layer mixing ratio: 15.47
              1000 hPa to 500 hPa thickness: 5754.00
Precipitable water [mm] for entire sounding: 37.83


    78866 TNCM Juliana Airport Observations at 12Z 13 Jul 1978

-----------------------------------------------------------------------------
   PRES   HGHT   TEMP   DWPT   RELH   MIXR   DRCT   SKNT   THTA   THTE   THTV
    hPa     m      C      C      %    g/kg    deg   knot     K      K      K 
-----------------------------------------------------------------------------
 1016.0      4   28.0   23.0     74  17.76     75     13  299.8  352.0  303.0
 1000.0    142   26.4   21.9     76  16.85     80     14  299.6  349.0  302.6
  981.8    304   25.1   21.4     80  16.64     85    315  299.8  348.6  302.8
  948.3    609   22.5   20.5     88  16.25     85     21  300.2  348.0  303.1
  929.0    790   21.0   19.9     93  16.02     91     25  300.4  347.6  303.3
  915.8    914   20.4   18.8     91  15.14     95     27  301.0  345.6  303.7
  884.0   1219   18.8   16.1     84  13.14    105     25  302.4  341.5  304.8
  850.0   1558   17.0   13.0     77  11.19    105     25  303.9  337.5  306.0
  823.5   1828   15.8    7.5     57   7.93     95     20  305.5  329.7  306.9
  814.0   1927   15.4    5.4     51   6.95     90     19  306.0  327.4  307.3
  794.6   2133   16.3    3.5     42   6.25     80     17  309.1  328.7  310.3
  793.0   2150   16.4    3.4     42   6.20     81     17  309.4  328.8  310.6
  766.3   2438   14.4    0.9     40   5.35     90     24  310.3  327.2  311.3
  739.1   2743   12.3   -1.8     37   4.56     90     24  311.2  325.8  312.1
  700.0   3200    9.2   -5.8     34   3.56     90     29  312.6  324.2  313.3
  661.9   3657    5.9   -7.5     38   3.29     80     20  313.9  324.7  314.6
  614.3   4267    1.4   -9.9     43   2.95     50     14  315.6  325.4  316.1
  608.0   4351    0.8  -10.2     44   2.91     51     14  315.8  325.5  316.4
  569.3   4876   -1.5  -24.7     15   0.91     60     14  319.1  322.4  319.3
  549.0   5166   -2.7  -32.7      8   0.45     61     14  321.0  322.7  321.1
  500.0   5900   -7.7  -24.7     24   1.04     65     14  323.6  327.4  323.8
  487.5   6096   -9.0  -34.5     11   0.42     65     12  324.3  326.0  324.4
  481.0   6200   -9.7  -39.7      7   0.25     67     12  324.7  325.7  324.8
  471.0   6363   -9.1  -39.1      7   0.28     70     12  327.4  328.5  327.5
  400.0   7610  -16.5  -46.5      6   0.15     95     13  333.5  334.1  333.5
  399.4   7620  -16.6  -46.6      6   0.15     95     13  333.5  334.1  333.5
  323.9   9144  -29.1  -59.1      4   0.04    115     11  336.8  336.9  336.8
  300.0   9700  -33.7  -63.7      3   0.02    110      7  337.8  337.9  337.8
  260.5  10668  -41.4                          55      9  340.3         340.3
  250.0  10950  -43.7                          40     11  341.0         341.0
  200.0  12410  -56.1                         360     13  343.8         343.8
  162.1  13716  -63.8                          20     18  352.0         352.0
  150.0  14200  -66.7                         305     26  355.0         355.0
  146.9  14325  -67.1                         300     27  356.5         356.5
  132.6  14935  -69.0                         360     12  363.7         363.7
  126.0  15240  -69.9                          40     10  367.3         367.3
  108.0  16154  -72.8                         120     10  378.4         378.4
  105.0  16323  -73.3                         120     10  380.5         380.5
  100.0  16610  -71.1                         110     11  390.1         390.1
   83.6  17678  -68.9                          95     20  415.0         415.0
   70.0  18740  -66.7                          80     24  441.4         441.4
   50.0  20800  -61.5                          95     32  498.1         498.1
   37.0  22703  -53.3                          98     38  563.9         563.9
   30.0  24060  -51.3                         100     43  604.2         604.2
   25.0  25240  -52.3                         102     42  633.6         633.6
   20.0  26690  -49.7                         105     41  683.3         683.3
   14.0  29063  -42.5                                     781.0         781.0
   10.0  31350  -39.9                                     869.5         869.5


      Station information and sounding indices

                         Station identifier: TNCM
                             Station number: 78866
                           Observation time: 780713/1200
                           Station latitude: 18.03
                          Station longitude: -63.11
                          Station elevation: 4.0
                            Showalter index: 0.23
                               Lifted index: -4.31
    LIFT computed using virtual temperature: -5.12
                                SWEAT index: 220.01
                                    K index: 22.70
                         Cross totals index: 20.70
                      Vertical totals index: 24.70
                        Totals totals index: 45.40
      Convective Available Potential Energy: 1382.00
             CAPE using virtual temperature: 1624.03
                      Convective Inhibition: -6.93
             CINS using virtual temperature: -3.98
                           Equilibrum Level: 176.18
 Equilibrum Level using virtual temperature: 175.77
                   Level of Free Convection: 887.74
             LFCT using virtual temperature: 912.03
                     Bulk Richardson Number: 0.88
          Bulk Richardson Number using CAPV: 1.04
  Temp [K] of the Lifted Condensation Level: 293.88
Pres [hPa] of the Lifted Condensation Level: 933.10
   Equivalent potential temp [K] of the LCL: 349.06
     Mean mixed layer potential temperature: 299.76
              Mean mixed layer mixing ratio: 16.82
              1000 hPa to 500 hPa thickness: 5758.00
Precipitable water [mm] for entire sounding: 39.58


    78866 TNCM Juliana Airport Observations at 12Z 15 Jul 1978

-----------------------------------------------------------------------------
   PRES   HGHT   TEMP   DWPT   RELH   MIXR   DRCT   SKNT   THTA   THTE   THTV
    hPa     m      C      C      %    g/kg    deg   knot     K      K      K 
-----------------------------------------------------------------------------
 1015.0      4   27.4   23.4     79  18.23    105     17  299.3  352.7  302.5
 1000.0    135   26.8   22.8     79  17.83    105     19  299.9  352.4  303.1
  981.0    304   25.2   22.0     82  17.26    105     19  300.0  350.7  303.1
  947.5    609   22.4   20.4     89  16.25    100     23  300.1  347.9  303.0
  925.0    820   20.4   19.4     94  15.58    100     24  300.2  346.0  303.0
  915.1    914   20.4   17.4     83  13.82    100     25  301.1  341.9  303.6
  909.0    972   20.4   16.1     76  12.82    101     25  301.7  339.7  304.0
  883.3   1219   19.0   15.8     82  12.98    105     25  302.7  341.4  305.1
  850.0   1551   17.2   15.5     90  13.20    110     23  304.1  343.7  306.6
  822.8   1828   15.3   14.0     92  12.34    115     22  305.0  342.2  307.3
  793.8   2133   13.3   12.3     94  11.45    120     23  306.0  340.6  308.1
  787.0   2207   12.8   11.9     94  11.24    122     24  306.2  340.2  308.3
  765.7   2438   13.2   -8.2     22   2.70    130     26  309.1  317.9  309.6
  757.0   2534   13.4  -16.6     11   1.39    132     27  310.3  315.0  310.5
  738.4   2743   12.6  -17.4     11   1.33    135     29  311.7  316.2  311.9
  700.0   3190   11.0  -19.0     10   1.22    145     35  314.6  318.9  314.9
  661.1   3657    7.1  -17.6     15   1.46    145     35  315.4  320.5  315.7
  613.5   4267    2.0  -15.8     25   1.82    140     32  316.4  322.6  316.7
  595.0   4516   -0.1  -15.1     31   2.00    136     32  316.7  323.5  317.1
  582.0   4693   -1.5   -5.4     75   4.42    133     32  317.1  331.6  317.9
  568.8   4876   -1.3  -26.8     12   0.76    130     32  319.4  322.1  319.5
  566.0   4915   -1.3  -31.3      8   0.50    130     32  319.9  321.7  319.9
  500.0   5890   -7.5  -37.5      7   0.31    130     21  323.8  325.0  323.9
  486.8   6096   -9.0  -39.0      7   0.27    100     16  324.5  325.5  324.5
  432.0   7011  -15.7  -45.7      6   0.15    140     12  327.2  327.8  327.2
  400.0   7590  -17.7  -47.7      5   0.13    165     10  331.9  332.4  331.9
  398.4   7620  -17.9  -47.9      5   0.13    165     10  332.0  332.5  332.0
  323.0   9144  -29.9  -59.9      4   0.04    170     12  336.0  336.1  336.0
  300.0   9680  -34.1  -64.1      3   0.02    135     13  337.2  337.3  337.2
  259.4  10668  -42.7                         155     13  338.8         338.8
  250.0  10920  -44.9                         155     15  339.2         339.2
  200.0  12380  -55.3                         165     22  345.0         345.0
  187.0  12801  -57.8                         165     23  347.7         347.7
  165.0  13585  -62.5                         165     18  352.5         352.5
  150.0  14170  -63.9                         165     15  359.8         359.8
  125.6  15240  -69.0                         145     13  369.2         369.2
  113.0  15878  -72.1                         130     12  374.9         374.9
  100.0  16600  -72.1                         115     14  388.2         388.2
   97.3  16764  -72.1                         110     18  391.3         391.3
   86.0  17489  -72.1                         103     24  405.3         405.3
   70.0  18720  -66.5                          90     35  441.8         441.8
   50.0  20790  -59.5                          85     30  502.8         502.8
   46.0  21314  -57.9                          89     33  518.8         518.8
   36.0  22857  -58.5                         101     41  554.9         554.9
   30.0  24020  -52.3                         110     47  601.5         601.5
   20.0  26680  -44.9                         105     53  698.0         698.0
   15.0  28602  -44.9                                     757.8         757.8
   11.5  30405  -37.9                                     842.6         842.6


      Station information and sounding indices

                         Station identifier: TNCM
                             Station number: 78866
                           Observation time: 780715/1200
                           Station latitude: 18.03
                          Station longitude: -63.11
                          Station elevation: 4.0
                            Showalter index: -2.08
                               Lifted index: -4.82
    LIFT computed using virtual temperature: -5.80
                                SWEAT index: 253.00
                                    K index: 10.20
                         Cross totals index: 23.00
                      Vertical totals index: 24.70
                        Totals totals index: 47.70
      Convective Available Potential Energy: 1940.52
             CAPE using virtual temperature: 2231.53
                      Convective Inhibition: -1.32
             CINS using virtual temperature: -0.08
                           Equilibrum Level: 172.60
 Equilibrum Level using virtual temperature: 172.46
                   Level of Free Convection: 934.31
             LFCT using virtual temperature: 938.89
                     Bulk Richardson Number: 130.36
          Bulk Richardson Number using CAPV: 149.90
  Temp [K] of the Lifted Condensation Level: 294.54
Pres [hPa] of the Lifted Condensation Level: 938.89
   Equivalent potential temp [K] of the LCL: 351.05
     Mean mixed layer potential temperature: 299.91
              Mean mixed layer mixing ratio: 17.43
              1000 hPa to 500 hPa thickness: 5755.00
Precipitable water [mm] for entire sounding: 39.00


    78866 TNCM Juliana Airport Observations at 12Z 18 Jul 1978

-----------------------------------------------------------------------------
   PRES   HGHT   TEMP   DWPT   RELH   MIXR   DRCT   SKNT   THTA   THTE   THTV
    hPa     m      C      C      %    g/kg    deg   knot     K      K      K 
-----------------------------------------------------------------------------
 1015.0      4   27.6   23.4     78  18.23     95      7  299.5  353.0  302.7
 1000.0    138   27.2   22.7     76  17.72     85      7  300.4  352.5  303.5
  981.4    304   25.8   22.1     80  17.41     80      8  300.6  351.9  303.7
  948.0    609   23.2   21.0     88  16.86     75     13  300.9  350.6  303.9
  923.0    845   21.2   20.2     94  16.43     87     18  301.2  349.7  304.1
  915.6    914   20.8   19.4     92  15.75     90     19  301.4  348.0  304.3
  884.0   1219   18.9   15.9     83  13.03     95     18  302.6  341.4  304.9
  868.0   1377   18.0   14.1     78  11.78     95     18  303.2  338.4  305.3
  850.0   1557   16.6   13.2     80  11.34     95     17  303.5  337.5  305.6
  823.3   1828   15.1   10.5     74   9.76     90     18  304.7  334.2  306.5
  794.2   2133   13.3    7.4     67   8.20     90     17  306.0  331.1  307.5
  772.0   2373   12.0    5.0     62   7.13     86     17  307.0  329.0  308.4
  766.0   2438   11.6    6.6     71   8.04     85     17  307.3  332.0  308.8
  762.0   2483   11.4    7.7     78   8.73     85     17  307.5  334.3  309.1
  738.6   2743    9.8    6.0     77   8.00     85     16  308.6  333.3  310.1
  712.0   3048    8.0    4.0     76   7.21     85     15  309.8  332.3  311.1
  700.0   3189    8.0   -4.0     42   4.08     85     15  311.3  324.4  312.1
  664.0   3624    6.8  -23.2     10   0.89     90     15  314.7  317.9  314.9
  661.3   3657    6.7  -23.3     10   0.89     90     15  315.0  318.2  315.2
  613.8   4267    5.6  -24.4      9   0.87    105     23  320.4  323.6  320.6
  592.0   4564    5.0  -25.0      9   0.85    110     22  323.1  326.2  323.3
  569.4   4876    3.0  -27.0      9   0.74    115     21  324.4  327.1  324.5
  500.0   5920   -3.7  -33.7      8   0.45    120     15  328.5  330.2  328.6
  488.6   6096   -5.1  -35.1      7   0.40    120     14  328.9  330.5  329.0
  400.5   7620  -17.2  -47.2      5   0.14    135      7  332.4  333.0  332.4
  400.0   7630  -17.3  -47.3      5   0.13    135      8  332.4  333.0  332.4
  324.8   9144  -28.5  -58.5      4   0.04     20      6  337.4  337.6  337.4
  300.0   9720  -32.7  -62.7      3   0.03    295     13  339.2  339.3  339.2
  261.7  10668  -39.4  -69.4      3   0.01    300     15  342.8  342.9  342.9
  258.0  10766  -40.1  -70.1      3   0.01    300     16  343.2  343.3  343.2
  250.0  10980  -41.7                         300     19  343.9         343.9
  200.0  12450  -53.5                         305     29  347.9         347.9
  163.2  13716  -63.8                         315     28  351.4         351.4
  150.0  14240  -68.1                         305     20  352.6         352.6
  143.0  14526  -69.1                         305     20  355.7         355.7
  140.6  14630  -68.4                         280     16  358.7         358.7
  135.0  14872  -66.7                         304     13  365.8         365.8
  126.9  15240  -68.2                         340      8  369.7         369.7
  108.9  16154  -71.8                          90     10  379.3         379.3
  106.0  16314  -72.5                          96     11  381.0         381.0
  100.0  16660  -68.9                         110     13  394.4         394.4
   86.0  17561  -70.1                         104     21  409.3         409.3
   70.0  18800  -65.9                          95     33  443.1         443.1
   50.0  20860  -59.9                         105     33  501.9         501.9
   30.0  24101  -51.9                         105     37  602.5         602.5
   20.0  26760  -46.5                          80     47  693.1         693.1
   16.0  28235  -48.3                                     732.8         732.8
   11.5  30449  -39.9                                     835.4         835.4


      Station information and sounding indices

                         Station identifier: TNCM
                             Station number: 78866
                           Observation time: 780718/1200
                           Station latitude: 18.03
                          Station longitude: -63.11
                          Station elevation: 4.0
                            Showalter index: 4.25
                               Lifted index: -1.34
    LIFT computed using virtual temperature: -2.33
                                SWEAT index: 207.39
                                    K index: 21.50
                         Cross totals index: 16.90
                      Vertical totals index: 20.30
                        Totals totals index: 37.20
      Convective Available Potential Energy: 1395.93
             CAPE using virtual temperature: 1677.80
                      Convective Inhibition: -5.88
             CINS using virtual temperature: -4.03
                           Equilibrum Level: 158.60
 Equilibrum Level using virtual temperature: 158.40
                   Level of Free Convection: 912.36
             LFCT using virtual temperature: 921.25
                     Bulk Richardson Number: 148.63
          Bulk Richardson Number using CAPV: 178.64
  Temp [K] of the Lifted Condensation Level: 294.56
Pres [hPa] of the Lifted Condensation Level: 933.82
   Equivalent potential temp [K] of the LCL: 351.98
     Mean mixed layer potential temperature: 300.39
              Mean mixed layer mixing ratio: 17.54
              1000 hPa to 500 hPa thickness: 5782.00
Precipitable water [mm] for entire sounding: 41.52


    78866 TNCM Juliana Airport Observations at 12Z 19 Jul 1978

-----------------------------------------------------------------------------
   PRES   HGHT   TEMP   DWPT   RELH   MIXR   DRCT   SKNT   THTA   THTE   THTV
    hPa     m      C      C      %    g/kg    deg   knot     K      K      K 
-----------------------------------------------------------------------------
 1015.0      4   27.8   -6.2     10   2.38     95     13  299.7  307.2  300.1
 1000.0    137   25.8   20.8     74  15.73     95     14  298.9  345.0  301.8
  981.1    304   24.4   20.4     78  15.65     95     14  299.2  345.1  302.0
  947.6    609   21.9   19.7     87  15.52    100     16  299.6  345.2  302.4
  928.0    792   20.4   19.3     93  15.43     97     17  299.9  345.2  302.6
  915.0    914   19.7   18.0     90  14.37     95     18  300.3  342.6  302.9
  883.1   1219   17.8   14.6     82  11.98     90     19  301.5  337.0  303.6
  850.0   1548   15.8   11.0     73   9.79     85     16  302.7  332.0  304.5
  822.2   1828   14.5    5.3     54   6.83     95     12  304.2  325.0  305.4
  793.0   2133   13.0   -0.9     38   4.53    120     10  305.8  320.0  306.6
  764.8   2438   11.6   -7.1     26   2.94    140     10  307.4  316.9  308.0
  746.0   2648   10.6  -11.4     20   2.15    140     10  308.5  315.6  308.9
  737.5   2743   10.3  -13.2     18   1.89    140     10  309.2  315.5  309.5
  700.0   3176    8.8  -21.2     10   1.01    145     10  312.2  315.7  312.4
  660.0   3657    5.7  -24.3      9   0.82    120     12  314.0  316.9  314.1
  644.0   3858    4.4  -25.6      9   0.74    123     11  314.7  317.4  314.9
  612.3   4267    3.7  -32.2      5   0.42    130     10  318.5  320.1  318.6
  601.0   4418    3.4  -34.6      4   0.34    129     11  319.9  321.2  319.9
  567.4   4876    0.4  -35.1      5   0.34    125     13  321.6  322.9  321.7
  500.0   5880   -6.3  -36.3      7   0.35    120      6  325.3  326.6  325.4
  486.1   6096   -7.9  -37.9      7   0.30    105      4  326.0  327.2  326.1
  400.0   7590  -18.7  -48.7      5   0.11    255      4  330.6  331.1  330.6
  398.3   7620  -18.9  -48.6      5   0.12    255      5  330.7  331.2  330.7
  300.0   9670  -34.1  -45.1     32   0.23    265     22  337.2  338.1  337.2
  250.0  10910  -44.3                         270     26  340.1         340.1
  200.0  12370  -55.5                         265     25  344.7         344.7
  150.0  14160  -63.3                         240     28  360.8         360.8
  119.0  15548  -71.5                         235     10  370.4         370.4
  100.0  16570  -71.5                          45      5  389.3         389.3


      Station information and sounding indices

                         Station identifier: TNCM
                             Station number: 78866
                           Observation time: 780719/1200
                           Station latitude: 18.03
                          Station longitude: -63.11
                          Station elevation: 4.0
                            Showalter index: 4.09
                               Lifted index: 2.43
    LIFT computed using virtual temperature: 1.85
                                SWEAT index: 170.01
                                    K index: 3.10
                         Cross totals index: 17.30
                      Vertical totals index: 22.10
                        Totals totals index: 39.40
      Convective Available Potential Energy: 0.00
             CAPE using virtual temperature: 0.00
                      Convective Inhibition: 0.00
             CINS using virtual temperature: 0.00
                     Bulk Richardson Number: 0.00
          Bulk Richardson Number using CAPV: 0.00
  Temp [K] of the Lifted Condensation Level: 288.16
Pres [hPa] of the Lifted Condensation Level: 876.35
   Equivalent potential temp [K] of the LCL: 335.60
     Mean mixed layer potential temperature: 299.24
              Mean mixed layer mixing ratio: 13.88
              1000 hPa to 500 hPa thickness: 5743.00
Precipitable water [mm] for entire sounding: 30.59


    78866 TNCM Juliana Airport Observations at 12Z 22 Jul 1978

-----------------------------------------------------------------------------
   PRES   HGHT   TEMP   DWPT   RELH   MIXR   DRCT   SKNT   THTA   THTE   THTV
    hPa     m      C      C      %    g/kg    deg   knot     K      K      K 
-----------------------------------------------------------------------------
 1015.0      4   27.8   24.1     80  19.04     70     15  299.7  355.6  303.1
 1000.0    133   27.4   22.4     74  17.39     70     16  300.6  351.8  303.7
  980.7    304   25.7   21.3     77  16.58     75     16  300.6  349.4  303.5
  947.2    609   22.8   19.4     81  15.21     80     17  300.5  345.4  303.3
  914.8    914   19.8   17.5     86  13.93     80     17  300.5  341.6  303.0
  902.0   1038   18.6   16.7     89  13.44     80     17  300.5  340.1  302.9
  883.3   1219   18.6   14.3     76  11.72     80     17  302.3  337.2  304.4
  878.0   1271   18.6   13.6     73  11.27     81     17  302.8  336.5  304.9
  850.0   1549   16.4   12.2     76  10.61     85     17  303.3  335.1  305.2
  822.6   1828   15.0   11.6     80  10.54     90     15  304.7  336.5  306.6
  822.0   1834   15.0   11.6     80  10.54     90     15  304.8  336.5  306.7
  793.3   2133   13.8    7.2     65   8.12    105     15  306.5  331.4  308.0
  765.0   2438   12.5    2.8     52   6.16    110     16  308.4  327.6  309.5
  737.8   2743   11.2   -1.6     41   4.63    100     18  310.2  324.9  311.1
  720.0   2948   10.4   -4.6     35   3.79     95     18  311.4  323.7  312.2
  700.0   3182    8.6   -2.4     46   4.60     90     19  312.0  326.7  312.9
  660.6   3657    5.2   -5.3     47   3.93     90     18  313.4  326.2  314.1
  625.0   4110    2.0   -8.0     48   3.37    101     21  314.7  325.8  315.3
  613.0   4267    0.4   -6.5     60   3.85    105     22  314.6  327.2  315.3
  599.0   4452   -1.5   -4.8     78   4.49    108     21  314.5  329.0  315.3
  582.0   4682   -0.7  -18.7     24   1.51    112     21  318.0  323.3  318.3
  568.1   4876   -1.4  -12.4     43   2.60    115     20  319.4  328.2  319.9
  566.0   4905   -1.5  -11.5     46   2.82    116     20  319.6  329.2  320.2
  549.0   5149   -0.5  -30.5      8   0.55    124     19  323.6  325.7  323.7
  500.0   5890   -5.9  -35.9      7   0.36    150     15  325.8  327.2  325.9
  486.8   6096   -7.1  -37.1      7   0.33    135     12  326.8  328.1  326.8
  424.0   7161  -13.5  -43.5      6   0.19    149      7  331.8  332.6  331.8
  400.0   7600  -18.1  -48.1      5   0.12    155      5  331.4  331.9  331.4
  398.9   7620  -18.3  -48.3      5   0.12    145      4  331.4  331.9  331.5
  322.8   9144  -30.2  -60.2      4   0.04    180     18  335.6  335.8  335.6
  300.0   9670  -34.3  -64.3      3   0.02    180     21  336.9  337.0  336.9
  272.0  10348  -40.1  -70.1      3   0.01    177     15  338.1  338.1  338.1
  259.5  10668  -42.3                         175     12  339.4         339.4
  250.0  10920  -44.1                         170      9  340.4         340.4
  205.8  12192  -54.2                         200      8  343.9         343.9
  200.0  12380  -55.7                         210      8  344.4         344.4
  169.0  13437  -62.9                         222      7  349.4         349.4
  150.0  14170  -64.7                         230      7  358.4         358.4
  125.5  15240  -68.0                         190      7  371.3         371.3
  113.3  15849  -69.8                         150      7  378.8         378.8
  102.4  16459  -71.7                         120     10  386.4         386.4
  100.0  16600  -72.1                         120     10  388.2         388.2
   93.0  17026  -74.1                         116     12  392.4         392.4
   81.0  17844  -68.9                         108     16  418.8         418.8
   70.0  18720  -68.1                         100     20  438.4         438.4
   60.0  19661  -61.1                                     473.7         473.7
   55.0  20198  -62.9                                     481.5         481.5
   50.0  20790  -59.2                                     503.5         503.5
   41.0  22037  -59.5                                     532.2         532.2
   32.0  23617  -52.7                                     589.4         589.4
   30.0  24036  -51.8                                     602.8         602.8
   23.0  25760  -48.1                                     661.2         661.2
   20.0  26672  -49.2                                     684.8         684.8
   19.0  27008  -49.7                                     693.4         693.4
   10.0  31317  -38.0                                     876.5         876.5
    9.5  31671  -37.3                                     892.1         892.1


      Station information and sounding indices

                         Station identifier: TNCM
                             Station number: 78866
                           Observation time: 780722/1200
                           Station latitude: 18.03
                          Station longitude: -63.11
                          Station elevation: 4.0
                            Showalter index: 3.08
                               Lifted index: -2.96
    LIFT computed using virtual temperature: -3.91
                                SWEAT index: 195.39
                                    K index: 23.50
                         Cross totals index: 18.10
                      Vertical totals index: 22.30
                        Totals totals index: 40.40
      Convective Available Potential Energy: 1769.86
             CAPE using virtual temperature: 2034.14
                      Convective Inhibition: -1.14
             CINS using virtual temperature: 0.00
                           Equilibrum Level: 167.53
 Equilibrum Level using virtual temperature: 167.53
                   Level of Free Convection: 924.09
             LFCT using virtual temperature: 925.80
                     Bulk Richardson Number: 296.98
          Bulk Richardson Number using CAPV: 341.32
  Temp [K] of the Lifted Condensation Level: 293.88
Pres [hPa] of the Lifted Condensation Level: 925.80
   Equivalent potential temp [K] of the LCL: 350.29
     Mean mixed layer potential temperature: 300.44
              Mean mixed layer mixing ratio: 16.98
              1000 hPa to 500 hPa thickness: 5757.00
Precipitable water [mm] for entire sounding: 41.02


    78866 TNCM Juliana Airport Observations at 12Z 28 Jul 1978

-----------------------------------------------------------------------------
   PRES   HGHT   TEMP   DWPT   RELH   MIXR   DRCT   SKNT   THTA   THTE   THTV
    hPa     m      C      C      %    g/kg    deg   knot     K      K      K 
-----------------------------------------------------------------------------
 1018.0      4   27.8   23.4     77  18.17     75     12  299.4  352.7  302.7
 1000.0    162   26.2   21.2     74  16.13     75     13  299.4  346.6  302.2
  983.9    304   24.9   20.6     77  15.79     80     13  299.4  345.8  302.3
  950.3    609   22.2   19.3     84  15.07     85     15  299.6  343.9  302.4
  920.0    893   19.6   18.1     91  14.42     94     19  299.8  342.1  302.4
  917.8    914   19.5   18.0     91  14.34     95     19  299.9  342.0  302.4
  885.8   1219   17.5   16.2     92  13.24    100     23  300.9  340.0  303.3
  850.0   1574   15.2   14.1     93  12.04    100     24  302.1  337.8  304.2
  825.1   1828   17.4    0.8     33   4.95    100     23  306.9  322.4  307.9
  818.0   1901   18.0   -3.0     24   3.76    102     24  308.4  320.4  309.1
  796.1   2133   18.7   -8.4     15   2.55    110     27  311.5  319.9  311.9
  786.0   2243   19.0  -11.0     12   2.11    110     28  313.0  320.1  313.4
  768.0   2438   17.4  -12.6     12   1.90    110     30  313.3  319.7  313.7
  740.8   2743   14.9  -15.1     11   1.61    110     32  313.8  319.3  314.1
  700.0   3222   11.0  -19.0     10   1.22    115     31  314.6  318.9  314.9
  663.1   3657    7.1  -17.9     15   1.42    105     36  315.2  320.1  315.4
  614.6   4267    1.7  -16.3     25   1.75    100     36  315.8  321.8  316.2
  569.7   4876   -3.8  -14.8     42   2.15    110     26  316.4  323.6  316.8
  526.0   5517   -9.5  -13.1     75   2.66    113     23  316.8  325.7  317.3
  518.0   5635   -7.7  -37.7      7   0.29    114     22  320.3  321.4  320.4
  500.0   5910   -8.5  -38.5      7   0.28    115     21  322.6  323.7  322.7
  488.1   6096   -8.8  -38.8      7   0.27    110     19  324.4  325.5  324.5
  478.0   6259   -9.1  -39.1      7   0.27    107     20  326.1  327.1  326.1
  400.0   7610  -19.9  -49.9      5   0.10     85     30  329.0  329.5  329.1
  399.4   7620  -20.0  -50.0      5   0.10     90     12  329.1  329.5  329.1
  323.2   9144  -30.9  -60.9      4   0.03     65     11  334.6  334.7  334.6
  300.0   9680  -34.7  -64.7      3   0.02     25      9  336.4  336.4  336.4
  259.7  10668  -43.1                         335      7  338.2         338.2
  250.0  10930  -45.3                         315      7  338.6         338.6
  226.1  11582  -50.3                         290      9  340.7         340.7
  200.0  12380  -56.5                         265     15  343.1         343.1
  161.6  13716  -60.4                         250     12  358.2         358.2
  150.0  14180  -61.7                         235     10  363.6         363.6
  146.5  14325  -62.5                         220     10  364.7         364.7
  139.3  14630  -64.2                         180      9  367.0         367.0
  126.1  15240  -67.5                         135     13  371.7         371.7
  120.0  15541  -69.1                         100     15  374.0         374.0
  100.0  16630  -70.3                          90     20  391.6         391.6
   97.8  16764  -70.1                          90     20  394.6         394.6
   79.8  17983  -67.9                          75     19  422.6         422.6
   70.0  18770  -66.5                          95     27  441.8         441.8
   50.0  20830  -60.5                         100     31  500.5         500.5
   45.0  21487  -60.1                         101     32  516.8         516.8
   38.0  22562  -52.1                         103     33  562.7         562.7
   30.0  24090  -52.7                         105     35  600.4         600.4
   23.0  25824  -47.9                         102     32  661.8         661.8
   21.0  26420  -50.5                         101     31  671.4         671.4
   20.0  26740  -48.3                         100     30  687.6         687.6
   11.0  30724  -42.7                                     836.0         836.0


      Station information and sounding indices

                         Station identifier: TNCM
                             Station number: 78866
                           Observation time: 780728/1200
                           Station latitude: 18.03
                          Station longitude: -63.11
                          Station elevation: 4.0
                            Showalter index: -0.70
                               Lifted index: -4.27
    LIFT computed using virtual temperature: -5.14
                                SWEAT index: 238.22
                                    K index: 7.80
                         Cross totals index: 22.60
                      Vertical totals index: 23.70
                        Totals totals index: 46.30
      Convective Available Potential Energy: 1485.76
             CAPE using virtual temperature: 1667.40
                      Convective Inhibition: -2.78
             CINS using virtual temperature: -0.35
                           Equilibrum Level: 190.94
 Equilibrum Level using virtual temperature: 190.77
                   Level of Free Convection: 921.82
             LFCT using virtual temperature: 927.64
                     Bulk Richardson Number: 53.24
          Bulk Richardson Number using CAPV: 59.75
  Temp [K] of the Lifted Condensation Level: 293.18
Pres [hPa] of the Lifted Condensation Level: 928.77
   Equivalent potential temp [K] of the LCL: 346.75
     Mean mixed layer potential temperature: 299.44
              Mean mixed layer mixing ratio: 16.18
              1000 hPa to 500 hPa thickness: 5748.00
Precipitable water [mm] for entire sounding: 33.59


    78866 TNCM Juliana Airport Observations at 12Z 29 Jul 1978

-----------------------------------------------------------------------------
   PRES   HGHT   TEMP   DWPT   RELH   MIXR   DRCT   SKNT   THTA   THTE   THTV
    hPa     m      C      C      %    g/kg    deg   knot     K      K      K 
-----------------------------------------------------------------------------
 1000.0    156   26.8   21.8     74  16.75     85      5  299.9  349.2  302.9
  850.0   1572   21.4   -8.6     13   2.36    105     30  308.6  316.3  309.0
  700.0   3226   10.6  -19.4     10   1.18    105     28  314.2  318.3  314.4
  500.0   5910   -7.9  -37.9      7   0.29     95     28  323.3  324.5  323.4
  400.0   7610  -19.5  -49.5      5   0.10    156     23  329.6  330.0  329.6
  300.0   9670  -36.5  -49.5     25   0.14    235     17  333.8  334.4  333.8
  250.0  10910  -46.5                         225     26  336.8         336.8
  200.0  12360  -55.5                         245     25  344.7         344.7
  150.0  14160  -63.3                         175     12  360.8         360.8
  112.0  15927  -70.5                         110     10  378.8         378.8
  100.0  16600  -70.5                         115     15  391.3         391.3
   70.0  18730  -66.9                         105     28  440.9         440.9
   50.0  20820  -56.5                          95     29  509.9         509.9
   30.0  24070  -49.3                         105         609.6         609.6
   20.0  26760  -45.1                         100     26  697.4         697.4
   17.0  28020   28.4                                     965.9         965.9


      Station information and sounding indices

                         Station identifier: TNCM
                             Station number: 78866
                           Observation time: 780729/1200
                           Station latitude: 18.03
                          Station longitude: -63.11
                          Station elevation: 4.0
                            Showalter index: 10.66
                                SWEAT index: 87.98
                                    K index: -9.30
                         Cross totals index: -0.70
                      Vertical totals index: 29.30
                        Totals totals index: 28.60
              1000 hPa to 500 hPa thickness: 5754.00
Precipitable water [mm] for entire sounding: 5754.00


    78866 TNCM Juliana Airport Observations at 12Z 30 Jul 1978

-----------------------------------------------------------------------------
   PRES   HGHT   TEMP   DWPT   RELH   MIXR   DRCT   SKNT   THTA   THTE   THTV
    hPa     m      C      C      %    g/kg    deg   knot     K      K      K 
-----------------------------------------------------------------------------
 1016.0      4   27.8   23.2     76  17.99     70     12  299.6  352.4  302.8
 1000.0    146   25.0   20.2     75  15.14     80     13  298.1  342.3  300.9
  982.1    304   23.9   20.1     79  15.32     70     13  298.6  343.4  301.3
  948.6    609   21.8   19.9     89  15.66     75     17  299.4  345.4  302.2
  936.0    726   21.0   19.8     93  15.79     75     19  299.8  346.1  302.6
  915.9    914   20.1   17.3     84  13.78     75     22  300.7  341.3  303.2
  892.0   1144   19.0   14.3     74  11.62     75     25  301.9  336.4  303.9
  884.3   1219   20.2    6.3     40   6.82     75     26  303.9  324.7  305.1
  871.0   1350   22.4   -7.6     13   2.49     79     26  307.4  315.6  307.9
  850.0   1562   22.4   -7.6     13   2.55     85     25  309.6  318.0  310.1
  823.8   1828   20.4   -7.7     14   2.62     80     21  310.3  318.9  310.8
  794.7   2133   18.1   -7.7     16   2.70     85     21  311.0  319.9  311.5
  766.7   2438   15.8   -7.8     19   2.78     85     23  311.8  320.9  312.3
  739.6   2743   13.5   -7.9     22   2.87     90     28  312.5  321.9  313.0
  700.0   3211   10.0   -8.0     27   3.00     85     34  313.5  323.4  314.1
  662.7   3657    5.8   -9.9     31   2.74     90     35  313.8  322.8  314.3
  614.8   4267    0.1  -12.5     38   2.40     80     31  314.0  322.0  314.4
  607.0   4371   -0.9  -12.9     40   2.35     81     32  314.0  321.8  314.4
  594.0   4544    0.2  -19.8     21   1.35     82     32  317.2  321.9  317.5
  569.5   4876   -2.2  -20.1     24   1.36     85     34  318.2  323.0  318.5
  516.0   5655   -7.9  -20.9     34   1.41    100     21  320.4  325.4  320.7
  500.0   5900   -6.3  -36.3      7   0.35    105     17  325.3  326.6  325.4
  487.5   6096   -7.7  -37.7      7   0.31    110     16  326.0  327.2  326.0
  463.0   6497  -10.5  -40.5      7   0.24    126     14  327.3  328.2  327.3
  444.0   6819  -10.7  -40.7      7   0.25    138     12  331.0  332.0  331.0
  400.0   7610  -18.7  -30.7     34   0.75    170      8  330.6  333.4  330.8
  399.4   7620  -18.8  -30.8     34   0.74    170      8  330.6  333.4  330.8
  323.5   9144  -30.5  -41.0     35   0.33    250     13  335.0  336.3  335.0
  300.0   9690  -34.7  -44.7     35   0.24    240     15  336.4  337.3  336.4
  260.1  10668  -41.9                         235     23  339.8         339.8
  250.0  10940  -43.9                         240     24  340.7         340.7
  200.0  12400  -55.1                         245     25  345.4         345.4
  154.0  14030  -66.7                         204     15  352.3         352.3
  150.0  14190  -65.9                         200     14  356.4         356.4
  146.7  14325  -66.3                         190     13  358.0         358.0
  134.0  14870  -67.7                         142     14  364.8         364.8
  127.0  15193  -65.9                         114     15  373.7         373.7
  126.0  15240  -66.2                         110     15  374.0         374.0
  100.0  16610  -74.7                          90     20  383.1         383.1
   97.4  16764  -74.5                         100     25  386.5         386.5
   87.0  17425  -73.5                          93     27  401.1         401.1
   70.0  18720  -67.5                          80     30  439.6         439.6
   52.0  20561  -56.5                         102     32  504.2         504.2
   50.0  20810  -57.5                         105     32  507.5         507.5
   30.0  24070  -52.7                          95     40  600.4         600.4
   20.0  26730  -45.9                         240     22  694.9         694.9
   16.5  28014  -44.3                                     739.3         739.3


      Station information and sounding indices

                         Station identifier: TNCM
                             Station number: 78866
                           Observation time: 780730/1200
                           Station latitude: 18.03
                          Station longitude: -63.11
                          Station elevation: 4.0
                            Showalter index: 11.30
                               Lifted index: -1.19
    LIFT computed using virtual temperature: -1.99
                                SWEAT index: 67.00
                                    K index: 3.10
                         Cross totals index: -1.30
                      Vertical totals index: 28.70
                        Totals totals index: 27.40
      Convective Available Potential Energy: 755.23
             CAPE using virtual temperature: 902.53
                      Convective Inhibition: -286.66
             CINS using virtual temperature: -165.37
                           Equilibrum Level: 216.89
 Equilibrum Level using virtual temperature: 216.59
                   Level of Free Convection: 679.71
             LFCT using virtual temperature: 705.07
                     Bulk Richardson Number: 38.58
          Bulk Richardson Number using CAPV: 46.11
  Temp [K] of the Lifted Condensation Level: 292.74
Pres [hPa] of the Lifted Condensation Level: 931.92
   Equivalent potential temp [K] of the LCL: 344.44
     Mean mixed layer potential temperature: 298.71
              Mean mixed layer mixing ratio: 15.69
              1000 hPa to 500 hPa thickness: 5754.00
Precipitable water [mm] for entire sounding: 29.93

Description of the data columns
<http://weather.uwyo.edu/upperair/columns.html> or sounding indices
<http://weather.uwyo.edu/upperair/indices.html>.

------------------------------------------------------------------------
/Interested in graduate studies in atmospheric science? Check out our
program at the University of Wyoming
<http://www.uwyo.edu/atsc/howtoapply/>/
------------------------------------------------------------------------
Questions about the weather data provided by this site can be addressed
to Larry Oolman (ldoolman@uwyo.edu) <mailto:ldoolman@uwyo.edu>
------------------------------------------------------------------------
