
    78866 TNCM Juliana Airport Observations at 12Z 26 Jul 2016

-----------------------------------------------------------------------------
   PRES   HGHT   TEMP   DWPT   RELH   MIXR   DRCT   SKNT   THTA   THTE   THTV
    hPa     m      C      C      %    g/kg    deg   knot     K      K      K 
-----------------------------------------------------------------------------
 1013.0      4   28.0   24.8     83  19.92    110     19  300.0  358.7  303.6
 1000.0    145   27.2   22.9     77  17.94    100     17  300.4  353.2  303.6
  983.0    296   26.0   22.1     79  17.33    100     17  300.6  351.7  303.7
  950.0    596   23.5   20.4     83  16.16    100     19  301.1  348.8  303.9
  925.0    830   21.6   19.1     86  15.29    100     18  301.4  346.6  304.1
  918.0    896   21.3   18.7     85  15.03    100     18  301.7  346.2  304.4
  850.0   1561   17.8   14.8     83  12.61    115     24  304.8  342.7  307.1
  847.0   1591   17.6   14.6     83  12.49    115     24  304.9  342.4  307.2
  818.0   1889   16.4   13.0     80  11.62    115     28  306.7  341.9  308.8
  813.0   1942   16.2   12.7     80  11.48    115     28  307.0  341.9  309.1
  802.0   2058   15.8   11.9     78  11.03    115     27  307.8  341.4  309.8
  798.0   2101   15.9   10.6     71  10.18    115     27  308.3  339.5  310.2
  776.0   2339   16.6    3.6     42   6.43    117     26  311.5  331.8  312.7
  767.0   2438   16.4    1.4     36   5.55    118     25  312.4  330.0  313.4
  701.0   3196   11.1   -7.8     26   3.03    125     22  314.6  324.6  315.2
  700.0   3208   11.0   -8.0     26   3.00    125     22  314.6  324.6  315.2
  657.0   3731    6.2   -3.8     49   4.42    130     23  315.0  329.3  315.8
  620.0   4200    2.9   -7.6     46   3.50    135     24  316.5  328.0  317.1
  588.0   4629   -0.1  -11.1     43   2.80    114     21  317.8  327.2  318.3
  560.0   5018   -2.1  -12.1     46   2.71     96     18  319.9  329.1  320.4
  540.0   5305   -3.5  -13.5     46   2.51     82     16  321.6  330.2  322.1
  532.0   5423   -3.3  -22.3     21   1.21     76     15  323.2  327.5  323.4
  531.0   5438   -3.4  -22.9     21   1.15     75     15  323.2  327.4  323.5
  517.0   5648   -4.7  -30.7     11   0.58     80     14  324.1  326.3  324.2
  504.0   5848   -6.1  -29.8     13   0.64     85     14  324.8  327.2  325.0
  500.0   5910   -6.5  -29.5     14   0.67     90     13  325.1  327.6  325.2
  477.0   6277   -9.7  -18.7     48   1.84     76     14  325.5  332.0  325.9
  460.0   6557  -11.5  -15.0     75   2.61     66     15  326.6  335.7  327.2
  451.0   6709  -12.3  -17.7     64   2.13     60     15  327.5  335.1  328.0
  439.0   6916  -13.3  -21.3     51   1.60     43     12  328.8  334.5  329.1
  422.0   7216  -15.3  -31.3     24   0.67     19      8  329.9  332.5  330.1
  409.0   7453  -17.0  -30.1     31   0.77      0      5  330.7  333.6  330.8
  404.0   7545  -17.7  -29.7     34   0.81    357      4  330.9  334.0  331.1
  400.0   7620  -18.1  -31.1     31   0.72    355      4  331.4  334.1  331.5
  380.0   7997  -20.5  -35.3     25   0.50     60      8  333.1  335.1  333.2
  339.0   8836  -25.8  -44.7     15   0.21     75      8  337.0  337.9  337.0
  338.0   8858  -25.9  -44.9     15   0.21     73      8  337.1  337.9  337.1
  316.0   9339  -29.4  -43.9     23   0.25     35      9  338.8  339.8  338.8
  300.0   9710  -32.1  -43.1     33   0.28     60      9  340.0  341.2  340.1
  289.0   9972  -34.3  -44.7     34   0.25     70      8  340.6  341.6  340.6
  282.0  10144  -35.7  -45.7     35   0.23     58      9  340.9  341.9  341.0
  271.0  10420  -38.1  -48.1     34   0.18     38     10  341.3  342.1  341.4
  267.0  10522  -39.0  -48.4     36   0.18     30     11  341.5  342.2  341.5
  258.0  10756  -41.1  -49.1     42   0.17     25     12  341.7  342.5  341.8
  250.0  10970  -42.5  -51.5     37   0.13     20     13  342.7  343.3  342.8
  237.0  11325  -45.6  -54.6     35   0.10     15     12  343.3  343.8  343.4
  231.0  11496  -47.1  -56.1     35   0.08     28     12  343.6  343.9  343.6
  212.0  12054  -51.4  -59.7     36   0.06     70     14  345.4  345.7  345.4
  205.0  12272  -53.1  -61.1     37   0.05     64     14  346.1  346.3  346.1
  200.0  12430  -53.7  -61.7     37   0.05     60     14  347.6  347.8  347.6
  169.0  13484  -60.4  -69.5     29   0.02     70     22  353.6  353.7  353.6
  157.0  13945  -63.3  -73.0     26   0.01     75     15  356.2  356.2  356.2
  150.0  14230  -65.1  -75.1     24   0.01     60     18  357.7  357.8  357.7
  131.0  15043  -70.0  -79.0     25   0.01     50     26  363.2  363.2  363.2
  129.0  15135  -70.5  -79.5     26   0.01     55     25  363.8  363.8  363.8
  123.0  15413  -71.7  -80.5     26   0.01     70     21  366.6  366.6  366.6
  111.0  16013  -74.3  -82.7     27   0.00    140     10  372.6  372.6  372.6
  108.0  16172  -75.0  -83.3     27   0.00    135      6  374.2  374.2  374.2
  102.0  16506  -76.5  -84.5     27   0.00     90      9  377.5  377.6  377.5
  100.0  16620  -76.1  -84.1     28   0.00     75     10  380.4  380.5  380.4
   95.7  16873  -77.3  -85.3     27   0.00     60     16  382.9  382.9  382.9
   95.0  16916  -77.3  -85.3     27   0.00     60     17  383.7  383.7  383.7
   94.7  16934  -77.3  -85.3     27   0.00     61     18  384.1  384.1  384.1
   91.0  17164  -75.7  -84.3     25   0.00     75     28  391.6  391.7  391.6
   88.8  17306  -74.7  -83.7     24   0.00     71     31  396.4  396.4  396.4
   86.0  17493  -73.5  -82.5     24   0.01     65     36  402.5  402.6  402.5
   84.8  17575  -72.9  -81.9     25   0.01     69     33  405.3  405.3  405.3
   82.0  17774  -72.4  -81.6     24   0.01     80     27  410.2  410.3  410.2
   78.0  18069  -71.6  -81.2     23   0.01     75     25  417.8  417.8  417.8
   74.0  18380  -70.8  -80.8     22   0.01    115     30  425.8  425.9  425.8
   73.6  18412  -70.7  -80.7     22   0.01    116     30  426.6  426.7  426.6
   72.0  18543  -70.9  -80.9     22   0.01    120     28  429.0  429.1  429.0
   71.6  18576  -70.9  -80.9     22   0.01    117     28  429.6  429.6  429.6
   70.0  18710  -71.1  -81.1     22   0.01    105     29  431.9  432.0  431.9
   67.0  18970  -70.1  -80.7     20   0.01     80     34  439.5  439.6  439.5
   64.6  19186  -69.3  -80.3     19   0.01     88     35  445.9  446.0  445.9
   64.0  19242  -69.2  -80.3     19   0.01     90     35  447.4  447.5  447.4
   60.7  19558  -68.3  -80.3     16   0.01     92     39  456.1  456.2  456.1
   57.0  19937  -66.9  -79.7     15   0.01     95     44  467.5  467.6  467.6
   52.0  20491  -64.9  -78.9     13   0.02     88     47  484.7  484.8  484.7
   50.0  20730  -64.3  -79.3     11   0.01     85     48  491.5  491.6  491.5
   49.3  20816  -63.9  -78.9     11   0.02     85     49  494.5  494.6  494.5
   49.0  20854  -63.7  -78.9     11   0.02     85     49  495.7  495.8  495.7
   43.7  21559  -60.7  -78.7      8   0.02     88     45  519.6  519.8  519.6
   41.2  21926  -60.3  -80.3      6   0.02     89     44  529.4  529.6  529.5
   39.0  22272  -58.2  -80.7      4   0.02     90     42  543.2  543.3  543.2
   35.4  22883  -54.4  -81.3      2   0.02     95     61  568.2  568.3  568.2
   35.3  22901  -54.3  -81.3      2   0.02     95     61  568.9  569.1  569.0
   35.0  22956  -54.3  -81.3      2   0.02     95     61  570.2  570.4  570.2
   33.0  23331  -54.6  -81.7      2   0.02    110     52  579.1  579.2  579.1
   31.0  23731  -55.0  -82.0      2   0.02    105     57  588.7  588.8  588.7
   30.2  23898  -55.1  -82.1      2   0.02    109     54  592.7  592.9  592.7
   30.0  23940  -54.9  -81.9      2   0.02    110     53  594.4  594.5  594.4
   29.0  24159  -54.2  -81.4      2   0.02    105     44  602.0  602.2  602.1
   26.0  24866  -52.0  -79.6      2   0.03     95     41  627.4  627.6  627.4
   24.0  25384  -50.4  -78.4      2   0.04    100     46  646.6  647.0  646.6
   23.9  25411  -50.3  -78.3      2   0.04     98     47  647.6  648.0  647.6
   23.0  25663  -49.9  -77.7      2   0.04     80     54  655.9  656.3  655.9
   22.0  25954  -49.5  -77.0      3   0.05     85     57  665.6  666.1  665.6
   21.0  26260  -49.0  -76.3      3   0.06     95     50  676.0  676.5  676.0
   20.0  26580  -48.5  -75.5      3   0.07     90     45  687.0  687.6  687.0
   18.7  27021  -49.9  -76.9      3   0.06     90     41  695.9  696.5  695.9
   18.0                                        90     39                     
   17.0                                        75     46                     


      Station information and sounding indices

                         Station identifier: TNCM
                             Station number: 78866
                           Observation time: 160726/1200
                           Station latitude: 18.03
                          Station longitude: -63.11
                          Station elevation: 4.0
                            Showalter index: -0.68
                               Lifted index: -4.28
    LIFT computed using virtual temperature: -5.24
                                SWEAT index: 238.61
                                    K index: 20.10
                         Cross totals index: 21.30
                      Vertical totals index: 24.30
                        Totals totals index: 45.60
      Convective Available Potential Energy: 1716.14
             CAPE using virtual temperature: 1930.54
                      Convective Inhibition: -8.84
             CINS using virtual temperature: -2.99
                           Equilibrum Level: 176.84
 Equilibrum Level using virtual temperature: 176.59
                   Level of Free Convection: 885.05
             LFCT using virtual temperature: 921.68
                     Bulk Richardson Number: 532.15
          Bulk Richardson Number using CAPV: 598.63
  Temp [K] of the Lifted Condensation Level: 294.62
Pres [hPa] of the Lifted Condensation Level: 933.04
   Equivalent potential temp [K] of the LCL: 352.38
     Mean mixed layer potential temperature: 300.52
              Mean mixed layer mixing ratio: 17.64
              1000 hPa to 500 hPa thickness: 5765.00
Precipitable water [mm] for entire sounding: 45.34


    78866 TNCM Juliana Airport Observations at 12Z 27 Jul 2016

-----------------------------------------------------------------------------
   PRES   HGHT   TEMP   DWPT   RELH   MIXR   DRCT   SKNT   THTA   THTE   THTV
    hPa     m      C      C      %    g/kg    deg   knot     K      K      K 
-----------------------------------------------------------------------------
 1015.0      4   29.2   25.1     79  20.25    110     19  301.1  361.0  304.7
 1000.0    159   27.4   23.2     78  18.28    105     16  300.6  354.4  303.8
  984.0    301   26.3   22.2     78  17.48    100     15  300.8  352.4  303.9
  951.0    602   23.9   20.2     80  15.89    105     17  301.3  348.3  304.2
  947.0    640   23.6   19.9     80  15.70    105     17  301.4  347.8  304.2
  925.0    845   22.0   18.6     81  14.80    105     17  301.8  345.7  304.5
  919.0    902   21.7   18.2     80  14.51    105     17  302.1  345.1  304.7
  901.0   1074   20.8   16.9     78  13.63    102     17  302.8  343.4  305.3
  850.0   1576   17.6   13.7     78  11.72     95     16  304.6  339.8  306.7
  826.0   1821   16.3   12.4     78  11.05     85     12  305.7  339.1  307.7
  821.0   1873   16.0   12.1     78  10.92     88     12  305.9  339.0  307.9
  799.0   2104   15.9    8.6     62   8.84    100     13  308.1  335.4  309.8
  788.0   2222   15.8    6.8     55   7.92    103     13  309.3  333.9  310.8
  766.0   2460   14.3    4.7     53   7.06    110     12  310.2  332.2  311.5
  708.0   3123   10.0   -1.0     46   5.05     97     15  312.5  328.7  313.5
  700.0   3217    9.0   -2.0     46   4.74     95     15  312.4  327.6  313.3
  669.0   3590    6.1   -6.4     40   3.56     80     14  313.2  324.8  313.9
  658.0   3726    5.0   -8.0     38   3.20     81     15  313.5  324.0  314.1
  620.0   4208    0.5   -9.8     46   2.93     85     18  313.7  323.4  314.3
  615.0   4273   -0.1  -10.1     47   2.90     85     18  313.7  323.3  314.3
  597.0   4511   -1.9   -9.9     54   3.03     87     20  314.3  324.4  314.9
  577.0   4781   -3.5  -16.5     36   1.83     88     22  315.5  321.8  315.9
  575.0   4809   -3.5  -18.5     30   1.55     89     22  315.8  321.2  316.1
  562.0   4989   -4.9  -16.9     38   1.82     90     24  316.3  322.5  316.6
  558.0   5045   -4.9  -16.9     38   1.83     90     24  316.9  323.2  317.3
  548.0   5188   -3.1  -38.1      5   0.26     86     23  320.7  321.7  320.7
  516.0   5663   -4.9  -27.9     15   0.75     72     21  324.1  326.9  324.2
  500.0   5910   -6.7  -39.7      5   0.24     65     20  324.8  325.8  324.9
  455.0   6637  -12.1  -46.1      4   0.14    111     18  326.9  327.5  326.9
  420.0   7244  -15.1  -43.1      7   0.20    151     16  330.6  331.5  330.7
  404.0   7535  -17.2  -47.6      5   0.13    170     15  331.6  332.2  331.7
  400.0   7610  -17.7  -48.7      5   0.11    170     15  331.9  332.4  331.9
  363.0   8329  -23.3  -38.3     24   0.39     85      8  333.8  335.3  333.8
  352.0   8554  -24.5  -49.5      8   0.12     58      6  335.1  335.6  335.1
  343.0   8742  -25.3  -53.3      5   0.08     35      4  336.5  336.8  336.5
  337.0   8869  -26.4  -51.1      8   0.10     20      3  336.7  337.2  336.7
  319.0   9264  -29.7  -44.1     23   0.24     50      7  337.4  338.4  337.4
  315.0   9355  -30.5  -42.5     30   0.29     45      7  337.5  338.7  337.6
  307.0   9537  -32.0  -44.0     29   0.25     35      6  338.0  339.0  338.0
  300.0   9700  -33.3  -45.3     29   0.22     45      4  338.3  339.3  338.4
  296.0   9792  -34.0  -46.0     29   0.21     45      4  338.6  339.4  338.6
  285.0  10052  -36.2  -48.2     28   0.17     20      1  339.2  339.9  339.2
  274.0  10322  -38.4  -50.4     27   0.14     55      3  339.8  340.4  339.9
  259.0  10708  -41.5  -53.5     26   0.10      5      4  340.7  341.1  340.7
  251.0  10923  -43.3  -55.3     25   0.08     18      2  341.2  341.5  341.2
  250.0  10950  -43.3  -56.3     22   0.07     20      2  341.6  341.9  341.6
  229.0  11532  -47.1  -63.6     13   0.03    240      5  344.4  344.5  344.4
  215.0  11951  -49.9  -68.9      9   0.02    237      8  346.4  346.4  346.4
  203.0  12323  -52.6  -70.8      9   0.01    235     11  347.8  347.9  347.8
  200.0  12420  -53.3  -71.3      9   0.01    245     10  348.2  348.3  348.2
  175.0  13264  -59.9  -73.9     14   0.01    296     12  350.9  350.9  350.9
  150.0  14210  -66.1  -78.1     17   0.01    355     15  356.0  356.1  356.0
  148.0  14291  -66.6  -78.6     17   0.01    355     16  356.5  356.5  356.5
  141.0  14583  -68.5  -80.5     16   0.00    355      8  358.2  358.2  358.2
  138.0  14710  -69.2  -81.1     16   0.00    355      5  359.2  359.2  359.2
  132.0  14973  -70.6  -82.2     17   0.00     15     11  361.2  361.3  361.2
  129.0  15109  -71.3  -82.8     17   0.00     15     12  362.3  362.3  362.3
  119.0  15586  -73.9  -84.9     17   0.00     15     17  366.0  366.1  366.0
  113.0  15887  -74.9  -85.9     17   0.00     15     21  369.6  369.6  369.6
  105.0  16315  -73.5  -84.5     17   0.00     90     15  380.2  380.2  380.2
  100.0  16600  -72.5  -83.5     18   0.00     40     13  387.4  387.4  387.4
   98.5  16688  -72.1  -83.1     18   0.00     36     19  389.9  389.9  389.9
   98.0  16718  -72.2  -83.2     18   0.00     35     21  390.2  390.3  390.2
   93.0  17024  -73.1  -84.1     18   0.00     70     23  394.3  394.4  394.3
   91.0  17151  -73.5  -84.5     17   0.00     60     19  396.1  396.1  396.1
   89.8  17228  -73.7  -84.7     17   0.00     56     20  397.1  397.1  397.1
   88.0  17348  -73.2  -84.4     17   0.00     50     21  400.5  400.5  400.5
   79.0  17985  -70.3  -82.8     14   0.01     95     35  418.9  418.9  418.9
   77.0  18137  -69.6  -82.5     14   0.01     95     33  423.4  423.4  423.4
   74.0  18372  -68.6  -81.9     13   0.01     75     36  430.5  430.5  430.5
   70.0  18700  -67.1  -81.1     12   0.01     70     40  440.5  440.6  440.5
   68.8  18805  -66.1  -80.1     13   0.01     74     39  444.8  444.9  444.8
   65.7  19086  -64.1  -78.1     13   0.01     86     38  455.1  455.2  455.1
   62.0  19441  -64.4  -79.1     12   0.01    100     36  461.9  462.0  461.9
   56.0  20065  -65.0  -80.9     10   0.01     90     40  474.2  474.3  474.2
   55.4  20131  -65.1  -81.1      9   0.01     92     40  475.5  475.6  475.5
   52.5  20460  -63.7  -80.7      8   0.01    104     42  486.1  486.2  486.1
   50.0  20760  -63.9  -80.9      8   0.01    115     44  492.5  492.6  492.5
   48.3  20972  -64.1  -82.1      7   0.01    102     46  496.9  497.0  496.9
   48.0  21010  -64.0  -82.1      7   0.01    100     46  498.1  498.1  498.1
   45.0  21407  -62.7  -81.7      6   0.01    105     41  510.3  510.4  510.3
   44.9  21421  -62.7  -81.7      6   0.01    104     41  510.8  510.9  510.8
   43.0  21687  -63.2  -83.0      5   0.01     85     43  515.9  516.0  515.9
   40.5  22055  -63.9  -84.9      4   0.01     89     48  523.0  523.1  523.0
   39.7  22178  -63.9  -84.9      4   0.01     90     49  526.0  526.1  526.0
   34.0  23147  -59.4  -83.7      3   0.01    100     61  561.8  561.9  561.8
   33.8  23184  -59.2  -83.6      3   0.01    100     61  563.2  563.3  563.2
   33.0  23334  -58.5  -83.5      3   0.01    110     52  568.9  569.0  568.9
   31.0  23725  -56.7  -83.0      2   0.01     85     39  584.1  584.2  584.1
   30.0  23930  -55.7  -82.7      2   0.01     75     50  592.2  592.3  592.2
   28.0  24371  -54.4  -82.1      2   0.02     90     53  607.6  607.8  607.6
   27.3  24533  -53.9  -81.9      2   0.02     83     56  613.4  613.6  613.4
   27.0  24605  -53.5  -81.6      2   0.02     80     57  616.5  616.6  616.5
   25.0  25106  -50.7  -79.2      2   0.03     95     47  638.2  638.5  638.2
   23.0  25648  -47.7  -76.7      2   0.05     80     42  662.4  662.9  662.4
   22.6  25764  -47.5  -77.5      2   0.04                666.3  666.8  666.4


      Station information and sounding indices

                         Station identifier: TNCM
                             Station number: 78866
                           Observation time: 160727/1200
                           Station latitude: 18.03
                          Station longitude: -63.11
                          Station elevation: 4.0
                            Showalter index: 0.27
                               Lifted index: -4.85
    LIFT computed using virtual temperature: -5.91
                                SWEAT index: 216.42
                                    K index: 27.00
                         Cross totals index: 20.40
                      Vertical totals index: 24.30
                        Totals totals index: 44.70
      Convective Available Potential Energy: 2189.89
             CAPE using virtual temperature: 2470.11
                      Convective Inhibition: -10.89
             CINS using virtual temperature: -2.44
                           Equilibrum Level: 163.40
 Equilibrum Level using virtual temperature: 163.06
                   Level of Free Convection: 886.74
             LFCT using virtual temperature: 919.77
                     Bulk Richardson Number: 1723.76
          Bulk Richardson Number using CAPV: 1944.34
  Temp [K] of the Lifted Condensation Level: 294.79
Pres [hPa] of the Lifted Condensation Level: 931.48
   Equivalent potential temp [K] of the LCL: 353.44
     Mean mixed layer potential temperature: 300.84
              Mean mixed layer mixing ratio: 17.88
              1000 hPa to 500 hPa thickness: 5751.00
Precipitable water [mm] for entire sounding: 43.04


    78866 TNCM Juliana Airport Observations at 12Z 28 Jul 2016

-----------------------------------------------------------------------------
   PRES   HGHT   TEMP   DWPT   RELH   MIXR   DRCT   SKNT   THTA   THTE   THTV
    hPa     m      C      C      %    g/kg    deg   knot     K      K      K 
-----------------------------------------------------------------------------
 1014.0      4   28.0   24.8     83  19.90    110     12  300.0  358.5  303.5
 1000.0    153   27.0   23.4     81  18.51     95     10  300.1  354.6  303.5
  984.0    295   25.9   22.5     81  17.76     85      9  300.4  352.7  303.6
  951.0    594   23.5   20.5     83  16.24     90     10  301.0  348.9  303.9
  925.0    838   21.6   18.9     85  15.09     85     10  301.4  346.0  304.1
  918.0    904   21.2   18.4     84  14.77     85     10  301.7  345.4  304.3
  899.0   1086   20.2   17.2     83  13.93     84     10  302.4  343.8  304.9
  850.0   1568   16.8   14.4     86  12.28     80      9  303.7  340.5  306.0
  798.0   2102   13.9   10.2     78   9.89     55     10  306.2  336.2  308.0
  749.0   2637   11.0    6.0     71   7.89     39     10  308.6  333.0  310.1
  739.0   2750   10.4    3.4     62   6.65     35     10  309.1  329.9  310.4
  733.0   2817   10.4    1.4     54   5.81     36     11  309.9  328.1  310.9
  700.0   3200    8.8   -1.2     49   5.03     40     14  312.2  328.3  313.1
  692.0   3295    8.6   -3.4     43   4.32     41     14  313.0  327.0  313.8
  678.0   3464    7.6   -6.4     36   3.51     44     13  313.7  325.2  314.4
  619.0   4204    2.2   -7.6     48   3.51     55     12  315.8  327.4  316.5
  595.0   4525   -0.1   -8.1     55   3.51     62     15  316.7  328.3  317.4
  586.0   4646   -0.7   -8.7     55   3.39     65     16  317.4  328.6  318.0
  556.0   5065   -2.9  -10.9     54   3.01     60     14  319.6  329.8  320.2
  540.0   5296   -3.9  -14.9     42   2.24     57     12  321.1  328.8  321.5
  526.0   5503   -4.9  -21.9     25   1.27     55     11  322.3  326.8  322.6
  522.0   5563   -5.1  -25.1     19   0.96     54     11  322.8  326.3  322.9
  500.0   5900   -6.9  -23.9     24   1.12     50      9  324.6  328.6  324.8
  480.0   6216   -8.4  -42.0      5   0.20     35      4  326.5  327.3  326.6
  476.0   6281   -8.7  -45.7      3   0.14     22      3  326.9  327.5  327.0
  473.0   6330   -8.9  -47.9      3   0.11     12      2  327.3  327.7  327.3
  471.0   6362   -9.2  -47.8      3   0.11      5      1  327.4  327.8  327.4
  462.0   6508  -10.3  -47.6      3   0.11    260      2  327.8  328.2  327.8
  445.0   6792  -12.5  -47.1      4   0.12    245      7  328.5  329.1  328.6
  427.0   7105  -14.9  -46.6      5   0.14    205      7  329.4  329.9  329.4
  400.0   7600  -18.7  -45.7      7   0.16    235     10  330.6  331.3  330.6
  379.0   8000  -21.5  -41.5     15   0.27    256      9  332.0  333.1  332.1
  361.0   8351  -24.2  -42.3     17   0.26    275      9  333.0  334.1  333.1
  341.0   8762  -27.4  -43.3     21   0.24    255     13  334.2  335.2  334.2
  310.0   9449  -32.7  -45.0     28   0.22    300      4  336.0  336.9  336.0
  308.0   9495  -33.1  -45.1     29   0.22    296      4  336.1  337.0  336.1
  300.0   9680  -34.5  -46.5     29   0.20    280      4  336.6  337.4  336.7
  287.0   9981  -37.0  -48.8     28   0.16    255      5  337.3  338.0  337.3
  275.0  10272  -39.5  -51.0     28   0.13    285      5  337.9  338.5  337.9
  250.0  10920  -44.9  -55.9     28   0.08    290      7  339.2  339.5  339.2
  213.0  11975  -53.1  -60.1     42   0.05    258     13  342.3  342.6  342.3
  200.0  12380  -55.9  -62.9     41   0.04    245     15  344.1  344.3  344.1
  196.0  12508  -56.3  -63.3     41   0.04    237     17  345.4  345.6  345.4
  190.0  12705  -57.0  -64.4     39   0.03    225     21  347.3  347.5  347.3
  179.0  13082  -58.5  -66.5     35   0.03    239     25  350.9  351.1  350.9
  178.0  13117  -58.7  -66.8     34   0.03    240     25  351.2  351.3  351.2
  173.0  13296  -59.5  -68.5     30   0.02    239     24  352.7  352.8  352.7
  169.0  13442  -60.5  -69.5     30   0.02    238     22  353.4  353.5  353.4
  151.0  14139  -63.1  -73.1     25   0.01    235     16  360.5  360.6  360.5
  150.0  14180  -63.3  -73.3     25   0.01    235     16  360.8  360.9  360.8
  143.0  14472  -65.5  -75.5     24   0.01    258     15  362.0  362.0  362.0
  126.0  15234  -68.9  -78.9     22   0.01    318     11  369.1  369.2  369.1
  113.0  15879  -71.5  -81.5     21   0.00     10      8  376.0  376.0  376.0
  112.0  15932  -71.7  -81.7     21   0.00     30      7  376.6  376.6  376.6
  111.0  15985  -71.9  -81.9     21   0.00     38      7  377.1  377.2  377.1
  107.0  16201  -71.6  -81.6     21   0.00     70      7  381.6  381.7  381.6
  100.0  16600  -71.1  -81.1     22   0.01     95     25  390.1  390.1  390.1
   98.8  16671  -71.1  -80.1     25   0.01     99     26  391.4  391.5  391.4
   97.0  16780  -71.4  -80.9     23   0.01    105     28  392.9  392.9  392.9
   95.4  16878  -71.7  -81.7     21   0.01    102     26  394.2  394.2  394.2
   90.0  17225  -70.5  -80.5     22   0.01     90     20  403.1  403.2  403.1
   85.0  17564  -69.4  -79.4     22   0.01     90     28  412.1  412.1  412.1
   82.1  17771  -68.7  -78.7     22   0.01     93     30  417.6  417.7  417.6
   75.0  18309  -70.9  -81.9     18   0.01    102     35  423.9  424.0  423.9
   73.0  18470  -70.0  -81.0     19   0.01    105     37  429.0  429.1  429.0
   70.0  18720  -68.7  -79.7     19   0.01    100     32  437.1  437.1  437.1
   68.5  18850  -68.3  -79.3     19   0.01     97     31  440.6  440.7  440.6
   63.0  19352  -68.3  -79.7     18   0.01     85     29  451.3  451.4  451.3
   56.4  20017  -68.3  -80.3     16   0.01     75     41  465.8  465.9  465.8
   53.8  20299  -69.1  -81.1     16   0.01     71     46  470.3  470.4  470.3
   53.0  20390  -68.6  -80.8     16   0.01     70     48  473.4  473.5  473.4
   52.0  20504  -68.0  -80.5     15   0.01     70     44  477.5  477.6  477.5
   50.0  20740  -66.7  -79.7     14   0.01     80     46  485.9  486.0  485.9
   49.0  20862  -66.3  -79.3     15   0.02     83     47  489.6  489.8  489.6
   47.0  21117  -65.0  -78.6     14   0.02     90     50  498.6  498.7  498.6
   43.0  21661  -62.3  -77.1     12   0.02    100     66  518.2  518.4  518.2
   42.5  21732  -61.9  -76.9     12   0.03    100     64  520.8  521.0  520.8
   40.0  22107  -62.0  -77.7     11   0.02    100     52  529.6  529.8  529.6
   38.6  22327  -62.1  -78.1     10   0.02    105     58  534.8  535.0  534.8
   37.0  22591  -60.6  -77.6      9   0.03    110     66  545.3  545.5  545.3
   36.7  22642  -60.3  -77.5      9   0.03    110     66  547.3  547.5  547.3
   36.0  22762  -59.6  -77.3      8   0.03    115     57  552.1  552.4  552.2
   34.2  23082  -57.7  -76.7      7   0.03    102     44  565.2  565.5  565.2
   34.0  23119  -57.8  -76.9      7   0.03    100     42  565.9  566.1  565.9
   32.6  23383  -58.5  -78.5      6   0.03     86     47  570.9  571.1  570.9
   32.0  23501  -57.6  -78.6      5   0.03     80     49  576.2  576.4  576.2
   30.8  23742  -55.9  -78.9      4   0.03     89     54  587.2  587.5  587.2
   30.0  23910  -54.7  -78.7      4   0.03     95     58  594.9  595.2  594.9
   28.0  24355  -53.4  -78.7      3   0.03     90     45  610.4  610.7  610.4
   27.0  24589  -52.7  -78.7      3   0.03     95     56  618.7  619.0  618.7
   26.0  24833  -52.0  -78.7      3   0.03    100     51  627.5  627.8  627.5
   24.3  25269  -50.7  -78.7      2   0.03    100     54  643.4  643.7  643.4
   24.0  25350  -50.5  -78.5      2   0.04    100     55  646.4  646.7  646.4
   22.6  25742  -49.3  -77.3      2   0.05     96     50  661.0  661.5  661.0
   21.0  26222  -50.1  -78.1      2   0.04     90     43  672.5  672.9  672.5
   20.7  26316  -50.3  -78.3      2   0.04     90     43  674.8  675.2  674.8
   20.0  26540  -49.9  -77.9      2   0.05     90     42  682.7  683.1  682.7
   19.0  26877  -49.1  -77.1      2   0.06     75     48  695.2  695.8  695.2
   18.0  27232  -48.3  -76.3      3   0.07     80     53  708.6  709.3  708.6
   17.1  27569  -47.5  -75.5      3   0.08     89     49  721.6  722.4  721.6
   17.0  27608  -47.6  -75.5      3   0.08     90     49  722.6  723.5  722.6
   14.9  28476  -48.9  -75.9      3   0.09     80     48  745.9  746.8  745.9
   14.0  28884  -50.0  -77.0      3   0.08     75     47  755.6  756.5  755.7
   13.9  28931  -50.1  -77.1      3   0.08                756.8  757.6  756.8
   13.7  29026  -48.5  -77.5      2   0.07                765.4  766.2  765.4


      Station information and sounding indices

                         Station identifier: TNCM
                             Station number: 78866
                           Observation time: 160728/1200
                           Station latitude: 18.03
                          Station longitude: -63.11
                          Station elevation: 4.0
                            Showalter index: -0.20
                               Lifted index: -4.99
    LIFT computed using virtual temperature: -5.91
                                SWEAT index: 199.78
                                    K index: 28.10
                         Cross totals index: 21.30
                      Vertical totals index: 23.70
                        Totals totals index: 45.00
      Convective Available Potential Energy: 2498.25
             CAPE using virtual temperature: 2758.21
                      Convective Inhibition: -6.82
             CINS using virtual temperature: -2.49
                           Equilibrum Level: 171.42
 Equilibrum Level using virtual temperature: 171.33
                   Level of Free Convection: 910.16
             LFCT using virtual temperature: 930.50
                     Bulk Richardson Number: 637.45
          Bulk Richardson Number using CAPV: 703.79
  Temp [K] of the Lifted Condensation Level: 295.08
Pres [hPa] of the Lifted Condensation Level: 939.85
   Equivalent potential temp [K] of the LCL: 353.30
     Mean mixed layer potential temperature: 300.36
              Mean mixed layer mixing ratio: 18.02
              1000 hPa to 500 hPa thickness: 5747.00
Precipitable water [mm] for entire sounding: 46.02


    78866 TNCM Juliana Airport Observations at 12Z 29 Jul 2016

-----------------------------------------------------------------------------
   PRES   HGHT   TEMP   DWPT   RELH   MIXR   DRCT   SKNT   THTA   THTE   THTV
    hPa     m      C      C      %    g/kg    deg   knot     K      K      K 
-----------------------------------------------------------------------------
 1013.0      4   28.0   24.2     80  19.20    110     19  300.0  356.5  303.5
 1008.0     58   27.8   27.8    100  24.06    108     19  300.3  371.5  304.6
 1000.0    145   27.2   24.7     86  20.06    105     18  300.4  359.5  303.9
  998.0    163   27.0   23.6     82  18.78    104     18  300.3  355.6  303.7
  983.0    296   25.9   22.7     83  18.04     95     18  300.5  353.6  303.7
  950.0    596   23.4   20.7     85  16.45     95     20  300.9  349.4  303.9
  925.0    830   21.4   19.1     87  15.29     95     23  301.2  346.3  303.9
  922.0    858   21.2   18.8     86  15.05     97     23  301.3  345.7  304.0
  918.0    896   21.0   18.5     86  14.83    100     24  301.4  345.3  304.1
  869.0   1370   18.4   14.8     80  12.33     96     23  303.5  340.3  305.7
  850.0   1560   16.8   13.8     82  11.80     95     23  303.7  339.1  305.9
  817.0   1897   14.8   11.6     81  10.61     95     22  305.1  337.1  307.0
  798.0   2096   14.5   10.1     75   9.79     95     22  306.8  336.7  308.6
  790.0   2182   14.4    9.4     72   9.46     97     22  307.6  336.5  309.3
  777.0   2322   14.6    3.6     48   6.42    100     23  309.3  329.3  310.5
  748.0   2642   13.0   -6.0     26   3.28    106     24  310.9  321.6  311.5
  712.0   3053   10.0   -6.7     30   3.26    115     25  312.0  322.7  312.6
  700.0   3195    9.0   -7.0     32   3.25    115     25  312.4  323.0  313.0
  643.0   3891    3.2  -11.8     32   2.42    108     21  313.5  321.6  314.0
  619.0   4197    2.1  -12.9     32   2.30    105     19  315.7  323.5  316.1
  583.0   4681    0.4  -14.6     31   2.13     76     14  319.1  326.4  319.6
  579.0   4736    0.0  -15.0     31   2.07     73     13  319.3  326.4  319.7
  557.0   5045   -2.1  -13.1     43   2.52     55     10  320.4  329.0  320.9
  547.0   5189   -1.5  -20.5     22   1.38     46      8  322.8  327.7  323.0
  529.0   5454   -2.6  -27.0     13   0.80     30      5  324.6  327.5  324.7
  511.0   5729   -3.7  -33.7      8   0.44     68      2  326.4  328.1  326.5
  510.0   5744   -3.8  -33.1      8   0.46     70      2  326.5  328.3  326.6
  500.0   5900   -4.9  -26.9     16   0.85     70      3  327.0  330.2  327.2
  480.0   6216   -7.2  -26.2     20   0.95     60      1  328.0  331.5  328.2
  471.0   6363   -8.3  -25.8     23   1.00    210      2  328.5  332.2  328.7
  443.0   6838  -11.7  -24.7     33   1.17    189      8  329.9  334.3  330.2
  425.0   7153  -14.2  -24.5     42   1.25    175     12  330.6  335.2  330.9
  411.0   7407  -16.3  -24.3     50   1.31    186     14  331.1  336.0  331.4
  400.0   7610  -18.1  -25.1     54   1.25    195     16  331.4  336.0  331.6
  390.0   7796  -19.6  -25.9     57   1.19    195     13  331.8  336.2  332.0
  353.0   8530  -25.6  -29.2     72   0.97    225     13  333.3  337.0  333.5
  349.0   8614  -26.3  -29.6     74   0.95    223     14  333.5  337.1  333.7
  300.0   9690  -34.5  -38.4     68   0.46    190     25  336.6  338.5  336.7
  296.0   9782  -35.3  -39.1     68   0.44    190     24  336.8  338.6  336.9
  250.0  10940  -44.9  -48.4     68   0.19    230     35  339.2  340.0  339.2
  245.0  11075  -46.1  -49.7     67   0.17    231     35  339.4  340.1  339.4
  236.0  11323  -47.5  -53.5     50   0.11    234     35  340.9  341.4  340.9
  223.0  11695  -49.7  -58.7     34   0.06    237     36  343.1  343.4  343.1
  221.0  11754  -50.1  -59.1     34   0.06    237     36  343.3  343.6  343.4
  212.0  12023  -51.9  -60.5     35   0.05    240     36  344.6  344.8  344.6
  200.0  12400  -54.5  -62.5     37   0.04    235     30  346.3  346.5  346.3
  194.0  12593  -55.2  -64.0     32   0.04    225     29  348.3  348.4  348.3
  186.0  12860  -56.1  -66.1     27   0.03    209     22  351.0  351.1  351.0
  177.0  13166  -58.1  -68.1     27   0.02    190     13  352.6  352.8  352.7
  153.0  14068  -64.1  -74.1     24   0.01    135     22  357.4  357.5  357.4
  150.0  14190  -64.9  -74.9     24   0.01    140     23  358.1  358.1  358.1
  148.0  14272  -64.9  -74.9     24   0.01    139     23  359.5  359.5  359.5
  130.0  15055  -69.1  -78.1     26   0.01    130     22  365.5  365.5  365.5
  126.0  15242  -69.3  -79.3     22   0.01    123     24  368.4  368.5  368.4
  121.0  15484  -69.4  -79.4     22   0.01    115     26  372.4  372.5  372.5
  113.0  15891  -69.7  -79.7     22   0.01    135     19  379.4  379.4  379.4
  108.0  16161  -69.8  -79.8     22   0.01     90      9  384.0  384.0  384.0
  100.0  16620  -70.1  -80.1     22   0.01     75      8  392.0  392.1  392.0
   98.0  16740  -70.5  -80.5     22   0.01     45     16  393.4  393.4  393.4
   92.3  17094  -71.9  -81.9     21   0.01     73     26  397.6  397.6  397.6
   91.0  17178  -71.7  -81.7     21   0.01     80     28  399.6  399.6  399.6
   87.3  17423  -71.1  -81.1     22   0.01     80     34  405.5  405.6  405.5
   84.0  17651  -71.5  -81.5     21   0.01     80     39  409.3  409.4  409.3
   83.5  17686  -71.5  -81.5     21   0.01     81     38  409.9  409.9  409.9
   82.6  17750  -71.5  -81.5     21   0.01     82     37  411.2  411.2  411.2
   79.9  17947  -70.9  -80.9     22   0.01     85     33  416.3  416.4  416.3
   77.2  18150  -71.7  -81.7     21   0.01     88     29  418.8  418.8  418.8
   76.0  18243  -71.4  -81.6     21   0.01     90     27  421.3  421.3  421.3
   72.0  18563  -70.4  -81.1     19   0.01     80     27  429.9  430.0  429.9
   70.0  18730  -69.9  -80.9     19   0.01     85     37  434.5  434.6  434.5
   67.0  18992  -69.0  -80.0     19   0.01     85     32  441.9  441.9  441.9
   65.2  19154  -68.5  -79.5     19   0.01     86     35  446.5  446.6  446.5
   61.6  19495  -67.7  -79.7     17   0.01     88     40  455.6  455.6  455.6
   59.4  19714  -67.3  -79.3     17   0.01     89     44  461.2  461.3  461.2
   57.0  19964  -66.4  -78.8     16   0.01     90     48  468.8  468.9  468.8
   53.9  20303  -65.1  -78.1     15   0.02     88     47  479.3  479.4  479.3
   50.0  20760  -65.9  -78.9     15   0.02     85     46  487.8  487.9  487.8
   48.4  20956  -66.1  -80.1     13   0.01     85     47  491.9  491.9  491.9
   48.0  21007  -65.9  -80.0     12   0.01     85     47  493.4  493.5  493.4
   45.0  21401  -64.5  -79.6     11   0.02     95     48  506.0  506.1  506.0
   42.0  21822  -63.0  -79.1     10   0.02     95     60  519.7  519.9  519.7
   39.0  22275  -61.5  -78.5      9   0.02     95     46  534.9  535.0  534.9
   36.6  22663  -60.1  -78.1      8   0.02     87     57  548.2  548.4  548.2
   36.0  22766  -59.6  -78.0      7   0.03     85     60  552.0  552.2  552.0
   34.4  23050  -58.3  -77.7      7   0.03     95     65  562.8  563.0  562.8
   34.0  23123  -57.9  -77.6      6   0.03     95     65  565.6  565.8  565.6
   32.2  23463  -56.3  -77.3      5   0.03    110     61  578.7  579.0  578.8
   31.0  23703  -56.0  -78.6      4   0.03    120     58  585.9  586.2  585.9
   30.0  23910  -55.7  -79.7      3   0.02    110     54  592.2  592.4  592.2
   29.0  24128  -54.5  -79.4      3   0.03     90     57  601.2  601.4  601.2
   28.0  24354  -53.3  -79.2      3   0.03     95     60  610.6  610.8  610.6
   25.8  24881  -50.5  -78.5      2   0.03     99     45  633.1  633.4  633.1
   25.0  25086  -51.0  -78.6      2   0.03    100     39  637.5  637.8  637.5
   24.0  25351  -51.5  -78.7      2   0.03     95     32  643.3  643.6  643.3
   23.7  25433  -51.7  -78.7      3   0.03     91     34  645.1  645.4  645.1
   23.0  25628  -51.2  -78.3      3   0.04     80     40  652.2  652.6  652.2
   21.0  26222  -49.6  -77.3      2   0.05     90     43  674.2  674.7  674.3
   20.0  26540  -48.7  -76.7      2   0.06     85     51  686.3  686.9  686.4
   18.5  27055  -46.1  -75.1      2   0.08     87     45  709.9  710.7  710.0
   17.0  27615  -47.1  -75.5      2   0.08     90     39  724.2  725.0  724.2
   15.8  28100  -47.9  -75.9      3   0.08     81     43  736.8  737.6  736.8
   15.0  28443  -46.9  -75.6      2   0.09     75     45  751.1  752.1  751.2
   14.7  28577  -46.5  -75.5      2   0.09                756.8  757.8  756.8
   14.6  28622  -46.3  -75.3      2   0.10                758.9  760.0  759.0


      Station information and sounding indices

                         Station identifier: TNCM
                             Station number: 78866
                           Observation time: 160729/1200
                           Station latitude: 18.03
                          Station longitude: -63.11
                          Station elevation: 4.0
                            Showalter index: 2.37
                               Lifted index: -3.83
    LIFT computed using virtual temperature: -4.87
                                SWEAT index: 214.59
                                    K index: 19.50
                         Cross totals index: 18.70
                      Vertical totals index: 21.70
                        Totals totals index: 40.40
      Convective Available Potential Energy: 2730.61
             CAPE using virtual temperature: 3034.33
                      Convective Inhibition: -2.06
             CINS using virtual temperature: -0.04
                           Equilibrum Level: 162.22
 Equilibrum Level using virtual temperature: 161.94
                   Level of Free Convection: 937.27
             LFCT using virtual temperature: 947.75
                     Bulk Richardson Number: ********
          Bulk Richardson Number using CAPV: ********
  Temp [K] of the Lifted Condensation Level: 295.92
Pres [hPa] of the Lifted Condensation Level: 948.11
   Equivalent potential temp [K] of the LCL: 355.83
     Mean mixed layer potential temperature: 300.47
              Mean mixed layer mixing ratio: 18.90
              1000 hPa to 500 hPa thickness: 5755.00
Precipitable water [mm] for entire sounding: 43.29


    78866 TNCM Juliana Airport Observations at 12Z 30 Jul 2016

-----------------------------------------------------------------------------
   PRES   HGHT   TEMP   DWPT   RELH   MIXR   DRCT   SKNT   THTA   THTE   THTV
    hPa     m      C      C      %    g/kg    deg   knot     K      K      K 
-----------------------------------------------------------------------------
 1014.0      4   29.4   22.4     66  17.14     70     31  301.4  352.1  304.4
 1002.0    131   27.4   21.4     70  16.30     53     24  300.4  348.4  303.3
 1000.0    152   27.0   21.0     70  15.93     50     23  300.1  347.0  303.0
  994.0    205   26.5   20.9     71  15.88     40     20  300.2  346.9  303.0
  983.0    303   25.6   20.6     74  15.79     40     19  300.2  346.6  303.0
  950.0    603   22.7   19.8     84  15.51     50     18  300.2  345.8  303.0
  940.0    696   21.8   19.5     87  15.43     54     18  300.2  345.6  303.0
  933.0    761   21.2   18.6     85  14.68     57     18  300.2  343.4  302.9
  925.0    836   22.2   17.2     73  13.53     60     18  302.0  342.2  304.4
  918.0    902   21.9   16.0     69  12.59     65     18  302.3  339.8  304.6
  917.0    912   21.8   15.8     69  12.46     66     18  302.3  339.4  304.6
  854.0   1526   17.3   13.2     77  11.27    100     26  303.8  337.6  305.9
  850.0   1566   17.0   13.0     77  11.19    100     26  303.9  337.5  306.0
  830.0   1769   15.4   12.2     81  10.87     98     26  304.3  337.0  306.3
  798.0   2102   14.6    6.7     59   7.78     95     27  306.9  330.8  308.3
  744.0   2694   13.1   -3.1     32   4.12     90     28  311.5  324.8  312.3
  739.0   2751   13.0   -4.0     30   3.87     92     28  312.0  324.5  312.7
  732.0   2831   12.6   -6.4     26   3.25     96     28  312.4  323.0  313.0
  713.0   3051   10.7   -7.1     28   3.16    105     27  312.7  323.0  313.3
  700.0   3204    9.4   -7.6     29   3.10    105     28  312.9  323.0  313.4
  685.0   3383    8.0   -8.0     31   3.07    105     27  313.2  323.4  313.8
  673.0   3529    9.2  -20.8     10   1.09    105     27  316.2  320.0  316.4
  663.0   3652    8.4  -24.6      8   0.79    105     26  316.6  319.5  316.8
  620.0   4200    3.7  -16.2     22   1.75    105     24  317.4  323.4  317.7
  614.0   4279    3.0  -15.0     25   1.95    107     24  317.4  324.1  317.8
  599.0   4479    2.0  -20.0     18   1.31    112     25  318.5  323.2  318.8
  590.0   4601    2.2  -29.2      8   0.58    115     25  320.1  322.3  320.3
  581.0   4725    2.4  -38.6      3   0.24    115     25  321.8  322.7  321.8
  553.0   5121   -0.1  -37.1      4   0.29    113     25  323.4  324.5  323.5
  500.0   5920   -4.1  -40.1      4   0.23    110     25  328.0  328.9  328.0
  494.0   6015   -4.5  -42.5      3   0.18    110     24  328.6  329.4  328.7
  454.0   6665   -9.1  -41.5      5   0.22    110     20  330.9  331.8  331.0
  400.0   7640  -15.9  -39.9     11   0.30    100     10  334.2  335.4  334.3
  395.0   7733  -16.7  -40.2     11   0.29    110      7  334.4  335.6  334.5
  359.0   8441  -22.5  -42.1     15   0.26    120      8  335.9  337.0  336.0
  353.0   8566  -23.5  -42.5     16   0.26    125      9  336.1  337.2  336.2
  327.0   9119  -28.1  -41.1     28   0.32    148     13  337.2  338.6  337.3
  320.0   9273  -29.4  -40.9     32   0.34    155     14  337.5  338.9  337.6
  300.0   9730  -33.3  -40.3     49   0.38    140      9  338.3  339.9  338.4
  293.0   9896  -34.6  -40.3     56   0.39    170      5  338.8  340.4  338.9
  289.0   9993  -35.3  -40.3     60   0.40    177      6  339.1  340.7  339.2
  277.0  10286  -37.9  -42.2     64   0.34    200     10  339.6  340.9  339.6
  259.0  10750  -41.9  -45.2     70   0.26    182     10  340.2  341.3  340.2
  252.0  10936  -43.6  -46.7     72   0.23    175     10  340.3  341.3  340.4
  250.0  10990  -44.1  -47.1     72   0.22    180     10  340.4  341.3  340.4
  231.0  11516  -48.1  -52.6     60   0.13    213     13  342.1  342.6  342.1
  214.0  12012  -51.9  -57.9     49   0.07    245     16  343.7  344.1  343.8
  203.0  12355  -54.5  -61.5     42   0.05    218      9  344.8  345.1  344.8
  200.0  12450  -55.3  -62.3     41   0.04    210      7  345.0  345.2  345.0
  186.0  12899  -58.2  -64.9     42   0.03    120     12  347.6  347.8  347.6
  176.0  13241  -60.4  -66.9     42   0.03    135     19  349.6  349.7  349.6
  156.0  13987  -65.2  -71.3     42   0.02    190     18  353.7  353.8  353.7
  150.0  14230  -66.7  -72.7     43   0.01    175     14  355.0  355.1  355.0
  145.0  14433  -68.0  -73.7     44   0.01    150     14  356.2  356.3  356.2
  132.0  14994  -71.5  -76.4     48   0.01    137     18  359.6  359.7  359.6
  112.0  15958  -74.7  -79.7     46   0.01    115     25  370.9  371.0  370.9
  109.0  16116  -74.7  -79.7     46   0.01    106     23  373.8  373.9  373.8
  104.0  16390  -73.4  -79.2     41   0.01     90     20  381.4  381.4  381.4
  103.0  16446  -73.1  -79.1     40   0.01     89     21  383.0  383.0  383.0
  100.0  16620  -72.1  -77.1     47   0.01     85     26  388.2  388.2  388.2
   98.9  16685  -72.1  -77.1     47   0.01     84     26  389.4  389.5  389.4
   88.2  17361  -70.3  -76.3     41   0.01     76     22  405.9  406.0  405.9
   82.0  17796  -69.0  -75.5     38   0.02     70     20  417.2  417.3  417.2
   78.0  18094  -68.0  -75.0     36   0.02    105     24  425.1  425.2  425.1
   77.4  18140  -67.9  -74.9     36   0.02    103     25  426.4  426.5  426.4
   74.0  18408  -68.7  -75.3     38   0.02     90     34  430.2  430.3  430.2
   72.0  18572  -69.2  -75.5     40   0.02     90     31  432.5  432.6  432.5
   70.0  18740  -69.7  -75.7     41   0.02     90     25  434.9  435.1  434.9
   67.7  18937  -70.5  -77.5     35   0.01    101     20  437.4  437.5  437.4
   66.0  19087  -70.6  -77.6     35   0.01    110     16  440.4  440.5  440.4
   63.6  19306  -70.7  -77.7     35   0.02     90     23  444.8  444.9  444.8
   63.0  19362  -70.5  -77.5     35   0.02     85     25  446.4  446.6  446.4
   59.0  19753  -69.2  -76.5     34   0.02     85     35  457.8  458.0  457.8
   56.0  20064  -68.2  -75.7     33   0.02     90     41  467.1  467.2  467.1
   55.0  20172  -67.8  -75.4     33   0.02     90     37  470.3  470.5  470.3
   53.0  20393  -67.1  -74.8     33   0.03     85     34  477.0  477.2  477.0
   50.0  20740  -65.9  -73.9     32   0.03     90     48  487.8  488.0  487.8
   48.0  20988  -65.2  -73.2     32   0.04     90     53  495.2  495.5  495.3
   47.3  21078  -64.9  -72.9     32   0.04     90     52  498.0  498.3  498.0
   44.0  21517  -65.9  -73.9     32   0.04     90     45  506.0  506.3  506.0
   43.9  21531  -65.9  -73.9     32   0.04     90     45  506.2  506.5  506.3
   41.8  21831  -63.1  -73.1     25   0.05     97     50  520.3  520.7  520.3
   41.0  21951  -62.3  -72.4     24   0.05    100     52  525.3  525.7  525.3
   38.0  22423  -59.0  -69.8     23   0.08     95     43  545.2  545.8  545.2
   37.4  22522  -58.3  -69.3     23   0.09     99     43  549.4  550.1  549.4
   36.4  22693  -57.9  -69.9     20   0.08    105     43  554.7  555.4  554.7
   35.0  22940  -57.5  -70.2     18   0.08    115     43  562.1  562.8  562.1
   34.5  23031  -57.3  -70.3     18   0.08    109     42  564.8  565.5  564.9
   32.0  23506  -57.9  -72.8     13   0.06     75     34  575.6  576.1  575.6
   31.9  23526  -57.9  -72.9     13   0.06                576.0  576.5  576.0


      Station information and sounding indices

                         Station identifier: TNCM
                             Station number: 78866
                           Observation time: 160730/1200
                           Station latitude: 18.03
                          Station longitude: -63.11
                          Station elevation: 4.0
                            Showalter index: 3.83
                               Lifted index: -0.09
    LIFT computed using virtual temperature: -0.98
                                SWEAT index: 232.98
                                    K index: 17.10
                         Cross totals index: 17.10
                      Vertical totals index: 21.10
                        Totals totals index: 38.20
      Convective Available Potential Energy: 649.74
             CAPE using virtual temperature: 868.87
                      Convective Inhibition: -29.38
             CINS using virtual temperature: -15.70
                           Equilibrum Level: 189.56
 Equilibrum Level using virtual temperature: 189.46
                   Level of Free Convection: 849.26
             LFCT using virtual temperature: 868.02
                     Bulk Richardson Number: 16.88
          Bulk Richardson Number using CAPV: 22.58
  Temp [K] of the Lifted Condensation Level: 292.76
Pres [hPa] of the Lifted Condensation Level: 914.57
   Equivalent potential temp [K] of the LCL: 347.33
     Mean mixed layer potential temperature: 300.34
              Mean mixed layer mixing ratio: 15.99
              1000 hPa to 500 hPa thickness: 5768.00
Precipitable water [mm] for entire sounding: 36.29


    78866 TNCM Juliana Airport Observations at 12Z 31 Jul 2016

-----------------------------------------------------------------------------
   PRES   HGHT   TEMP   DWPT   RELH   MIXR   DRCT   SKNT   THTA   THTE   THTV
    hPa     m      C      C      %    g/kg    deg   knot     K      K      K 
-----------------------------------------------------------------------------
 1012.0      4   28.8   25.2     81  20.44    120     33  300.9  361.4  304.6
 1005.0     63   26.0   24.5     91  19.71    105     18  298.7  356.4  302.2
 1000.0    106   26.0   24.9     94  20.31     95      7  299.1  358.7  302.8
  999.0    115   26.0   25.0     94  20.46     95      8  299.2  359.3  302.9
  978.0    302   24.8   24.2     96  19.89    105     26  299.9  358.4  303.4
  946.0    595   23.0   22.9    100  19.02    100     27  300.9  357.0  304.3
  943.0    623   22.8   22.8    100  18.94     99     26  300.9  356.9  304.4
  925.0    792   22.2   22.2    100  18.60     95     22  302.0  357.2  305.4
  914.0    896   21.7   21.7    100  18.24     90     21  302.5  356.7  305.8
  896.0   1069   20.8   20.8    100  17.65     80     19  303.4  356.0  306.6
  850.0   1526   18.6   18.6    100  16.14     95     30  305.6  354.2  308.6
  839.0   1639   18.1   18.1    100  15.86     95     30  306.3  354.1  309.2
  809.0   1954   16.8   16.8    100  15.11     98     32  308.1  354.0  310.8
  795.0   2104   16.3   16.3    100  14.92    100     33  309.1  354.7  311.9
  791.0   2147   16.2   16.2    100  14.87    100     33  309.4  354.9  312.1
  774.0   2333   14.6                         101     34  309.6         309.6
  711.0   3045    8.8                         104     37  310.8         310.8
  700.0   3175    9.6                         105     38  313.1         313.1
  693.0   3258    8.8                         105     37  313.1         313.1
  675.0   3475    6.8                         104     36  313.2         313.2
  633.0   4004    5.2                         101     33  317.2         317.2
  618.0   4200    4.2                         100     32  318.2         318.2
  603.0   4401    3.2                          96     35  319.3         319.3
  567.0   4900    1.2                          87     42  322.6         322.6
  561.0   4986    0.2                          86     43  322.4         322.4
  558.0   5028   -0.1                          85     44  322.6         322.6
  544.0   5230   -1.6                          80     33  323.2         323.2
  510.0   5744   -5.3                          80     33  324.7         324.7
  500.0   5900   -6.3                          80     33  325.3         325.3
  425.0   7159  -12.7                          71     45  332.6         332.6
  416.0   7322  -13.6                          70     47  333.4         333.4
  400.0   7620  -15.3                          65     43  335.0         335.0
  399.0   7639  -15.3                          65     43  335.2         335.2
  388.0   7849  -16.5                          65     40  336.4         336.4
  365.0   8301  -20.1                          65     33  337.6         337.6
  350.0   8611  -22.5                          67     31  338.3         338.3
  328.0   9078  -25.9                          70     27  339.9         339.9
  300.0   9720  -30.7                          70     25  342.0         342.0
  282.0  10157  -33.5                          86     19  344.1         344.1
  274.0  10358  -33.9                          93     16  346.3         346.3
  256.0  10827  -39.4                         110     10  345.0         345.0
  250.0  10990  -41.3                         100     12  344.5         344.5
  228.0  11597  -46.5                          80     12  345.8         345.8
  200.0  12460  -53.9                         160     10  347.2         347.2
  198.0  12525  -54.5                         160     10  347.4         347.4
  195.0  12623  -55.3                         161     11  347.5         347.5
  175.0  13306  -61.3                         170     14  348.6         348.6
  156.0  14010  -66.8                         205      8  350.8         350.8
  150.0  14250  -68.7                         195      8  351.6         351.6
  149.0  14290  -68.9                         186      8  351.9         351.9
  143.0  14531  -70.5                         130      7  353.3         353.3
  124.0  15369  -75.9                         134     17  358.1         358.1
  120.0  15557  -77.2                         135     19  359.2         359.2
  119.0  15605  -77.5                         135     18  359.4         359.4
  115.0  15802  -76.1                         115     14  365.6         365.6
  113.0  15903  -75.9                         105     12  367.8         367.8
  108.0  16164  -75.3                          98     17  373.7         373.7
  103.0  16439  -75.2                          90     22  379.0         379.0
  100.0  16610  -75.1                          75     26  382.4         382.4
   98.5  16697  -75.7                          76     27  382.9         382.9
   97.2  16774  -75.9                          77     28  383.9         383.9
   95.1  16900  -75.5                          79     29  387.1         387.1
   94.0  16968  -75.0                          80     30  389.4         389.4
   93.0  17030  -74.5                          81     30  391.6         391.6
   90.3  17202  -72.9                          85     30  398.1         398.1
   87.2  17408  -70.7                          88     29  406.5         406.5
   86.0  17490  -70.3                          90     29  408.8         408.8
   82.6  17730  -69.3                          83     31  415.7         415.7
   81.0  17847  -69.1                          80     32  418.4         418.4
   80.9  17854  -69.1                          80     32  418.6         418.6
   74.7  18331  -68.5                          95     26  429.5         429.5
   72.5  18510  -68.7                         101     24  432.7         432.7
   71.0  18635  -68.9                         105     23  434.8         434.8
   70.0  18720  -69.1                         105     24  436.2         436.2
   69.3  18780  -69.3                         104     25  437.1         437.1
   68.5  18849  -69.3                         102     27  438.5         438.5
   65.0  19163  -69.2                          95     33  445.4         445.4
   63.0  19350  -69.1                         100     36  449.6         449.6
   62.9  19359  -69.1                         100     36  449.8         449.8
   60.2  19623  -67.1                         105     35  459.9         459.9
   60.0  19643  -67.0                         105     35  460.7         460.7
   56.0  20064  -63.9                          95     32  476.8         476.8
   55.5  20118  -63.5                          95     33  478.9         478.9
   54.3  20252  -63.7                          96     36  481.5         481.5
   51.9  20530  -63.1                          98     41  489.1         489.1
   51.3  20602  -63.1                          99     43  490.8         490.8
   50.0  20760  -63.1                         100     46  494.4         494.4
   48.9  20897  -63.3                          97     44  497.0         497.0
   47.8  21036  -63.9                          95     42  498.9         498.9
   46.0  21271  -64.7                          90     39  502.4         502.4
   45.6  21324  -64.9                          90     39  503.2         503.2
   44.1  21528  -65.3                          92     40  507.1         507.1
   41.0  21976  -63.4                          95     42  522.4         522.4
   37.2  22574  -60.9                          95     52  543.6         543.6
   36.0  22779  -59.7                          95     55  551.8         551.8
   34.1  23119  -57.7                         104     46  565.7         565.7
   33.0                                       110     40                     


      Station information and sounding indices

                         Station identifier: TNCM
                             Station number: 78866
                           Observation time: 160731/1200
                           Station latitude: 18.03
                          Station longitude: -63.11
                          Station elevation: 4.0
                            Showalter index: -4.68
                               Lifted index: -6.02
    LIFT computed using virtual temperature: -7.27
                                SWEAT index: 332.19
                         Cross totals index: 24.90
                      Vertical totals index: 24.90
                        Totals totals index: 49.80
      Convective Available Potential Energy: 2695.68
             CAPE using virtual temperature: 3076.49
                      Convective Inhibition: 0.00
             CINS using virtual temperature: 0.00
                           Equilibrum Level: 123.50
 Equilibrum Level using virtual temperature: 123.52
                   Level of Free Convection: 956.26
             LFCT using virtual temperature: 958.57
                     Bulk Richardson Number: 187.09
          Bulk Richardson Number using CAPV: 213.52
  Temp [K] of the Lifted Condensation Level: 297.23
Pres [hPa] of the Lifted Condensation Level: 970.66
   Equivalent potential temp [K] of the LCL: 358.31
     Mean mixed layer potential temperature: 299.79
              Mean mixed layer mixing ratio: 19.92
              1000 hPa to 500 hPa thickness: 5794.00
Precipitable water [mm] for entire sounding: 39.93

Description of the data columns
<http://weather.uwyo.edu/upperair/columns.html> or sounding indices
<http://weather.uwyo.edu/upperair/indices.html>.

------------------------------------------------------------------------
/Interested in graduate studies in atmospheric science? Check out our
program at the University of Wyoming
<http://www.uwyo.edu/atsc/howtoapply/>/
------------------------------------------------------------------------
Questions about the weather data provided by this site can be addressed
to Larry Oolman (ldoolman@uwyo.edu) <mailto:ldoolman@uwyo.edu>
------------------------------------------------------------------------
