
    78866 TNCM Juliana Airport Observations at 12Z 01 Dec 1975

-----------------------------------------------------------------------------
   PRES   HGHT   TEMP   DWPT   RELH   MIXR   DRCT   SKNT   THTA   THTE   THTV
    hPa     m      C      C      %    g/kg    deg   knot     K      K      K 
-----------------------------------------------------------------------------
 1014.0      3   26.4   21.6     75  16.31     65     14  298.4  346.0  301.3
 1000.0    122   25.2   18.2     65  13.33     60     15  298.4  337.3  300.7
  979.5    304   23.9   18.4     71  13.77     60     16  298.8  339.1  301.3
  965.0    434   23.0   18.5     76  14.09     56     17  299.2  340.5  301.7
  945.6    609   21.7   17.2     76  13.26     50     18  299.6  338.5  301.9
  912.7    914   19.3   15.0     76  11.91     60     20  300.2  335.3  302.3
  880.9   1219   17.0   12.8     77  10.67     70     19  300.8  332.4  302.8
  850.0   1526   14.6   10.6     77   9.53     70     15  301.4  329.8  303.2
  820.1   1828   12.5    9.3     81   9.02     70     13  302.3  329.4  304.0
  799.0   2047   11.0    8.3     83   8.67     77     11  303.0  329.1  304.6
  790.8   2133   10.8    4.7     66   6.80     80     10  303.7  324.4  304.9
  762.4   2438   10.3   -8.2     26   2.71     80     11  306.3  315.0  306.8
  737.0   2721    9.8  -20.2     10   1.05     75     13  308.7  312.3  308.9
  735.0   2743    9.7  -19.8     11   1.09     75     13  308.9  312.6  309.1
  700.0   3147    8.4  -12.6     21   2.08     70     12  311.8  318.7  312.1
  657.5   3657    5.2  -19.0     15   1.30     75     12  313.7  318.2  314.0
  610.0   4267    1.3  -26.8     10   0.71     65     14  316.1  318.6  316.2
  587.0   4580   -0.7  -30.7      8   0.51     40      9  317.2  319.1  317.3
  565.3   4876   -3.0  -28.5     12   0.65     15      4  318.0  320.3  318.1
  500.0   5840  -10.5  -21.5     40   1.38    225      9  320.2  325.0  320.4
  483.3   6096  -12.1  -23.1     40   1.24    220      9  321.4  325.8  321.6
  400.0   7520  -20.9  -31.9     37   0.66    210     10  327.7  330.2  327.9
  394.6   7620  -21.4  -32.6     36   0.63    205      9  328.3  330.7  328.4
  360.0   8292  -25.1  -37.1     32   0.44                332.1  333.9  332.2
  331.0   8894  -31.1  -42.1     33   0.29                332.0  333.1  332.0


      Station information and sounding indices

                         Station identifier: TNCM
                             Station number: 78866
                           Observation time: 751201/1200
                           Station latitude: 18.05
                          Station longitude: -63.12
                          Station elevation: 3.0
                            Showalter index: 0.91
                               Lifted index: -3.46
    LIFT computed using virtual temperature: -3.97
                                SWEAT index: 166.19
                                    K index: 14.70
                         Cross totals index: 21.10
                      Vertical totals index: 25.10
                        Totals totals index: 46.20
      Convective Available Potential Energy: 457.97
             CAPE using virtual temperature: 623.44
                      Convective Inhibition: -28.05
             CINS using virtual temperature: -18.92
                   Level of Free Convection: 860.63
             LFCT using virtual temperature: 875.40
                     Bulk Richardson Number: 147.71
          Bulk Richardson Number using CAPV: 201.08
  Temp [K] of the Lifted Condensation Level: 290.55
Pres [hPa] of the Lifted Condensation Level: 907.53
   Equivalent potential temp [K] of the LCL: 339.58
     Mean mixed layer potential temperature: 298.73
              Mean mixed layer mixing ratio: 14.01
              1000 hPa to 500 hPa thickness: 5718.00
Precipitable water [mm] for entire sounding: 32.13


    78866 TNCM Juliana Airport Observations at 12Z 02 Dec 1975

-----------------------------------------------------------------------------
   PRES   HGHT   TEMP   DWPT   RELH   MIXR   DRCT   SKNT   THTA   THTE   THTV
    hPa     m      C      C      %    g/kg    deg   knot     K      K      K 
-----------------------------------------------------------------------------
 1014.0      3   26.0   21.0     74  15.70     70     13  298.0  343.7  300.8
 1000.0    127   24.6   18.6     69  13.67     70     14  297.8  337.6  300.2
  980.0    304   23.2   18.1     73  13.53     70     14  298.1  337.6  300.5
  963.0    457   22.0   17.7     77  13.41     73     14  298.4  337.5  300.8
  946.3    609   21.1   15.0     68  11.47     75     14  298.9  332.6  301.0
  913.6    914   19.3    9.6     53   8.29     75     15  300.1  324.9  301.6
  911.0    938   19.2    9.2     52   8.08     75     15  300.2  324.4  301.7
  881.5   1219   16.7    9.1     61   8.29     70     13  300.5  325.3  302.0
  850.0   1530   14.0    9.0     72   8.54     65     11  300.8  326.3  302.4
  820.4   1828   12.8    9.4     80   9.08     70     12  302.6  329.8  304.2
  802.0   2019   12.0    9.6     85   9.44     70     11  303.7  332.1  305.4
  791.1   2133   11.9    3.1     55   6.10     70     11  304.8  323.6  305.9
  762.8   2438   11.7  -14.2     15   1.69     75      8  307.7  313.3  308.0
  756.0   2513   11.6  -18.4     11   1.19     75      8  308.4  312.5  308.7
  735.2   2743    9.9  -16.2     14   1.48     75      6  309.0  314.0  309.3
  700.0   3149    6.8  -12.2     24   2.15    120      2  310.0  317.1  310.4
  684.0   3339    5.0   -1.0     65   5.23    122      2  310.0  326.6  311.0
  669.0   3521    5.0  -25.0      9   0.76    124      2  312.0  314.7  312.1
  657.6   3657    4.1  -24.7     10   0.79    125      2  312.6  315.4  312.7
  609.2   4267    0.3  -23.3     15   0.97    150      5  315.0  318.4  315.2
  564.3   4876   -3.6  -21.9     23   1.18    210      5  317.4  321.6  317.7
  500.0   5840   -9.7  -19.7     44   1.61    275      6  321.1  326.8  321.5
  483.4   6096  -11.1  -21.2     43   1.46    285      8  322.6  327.7  322.8
  400.0   7530  -18.9  -29.9     37   0.80    240     16  330.3  333.4  330.5
  395.1   7620  -19.6  -31.4     34   0.71    240     16  330.6  333.3  330.8
  320.0   9144  -31.0  -56.8      6   0.06    230     35  335.3  335.6  335.3
  300.0   9610  -34.5  -64.5      3   0.02    225     46  336.6  336.7  336.6
  257.4  10668  -39.5                         235     64  344.3         344.3
  250.0  10870  -40.5                         235     64  345.7         345.7
  204.8  12192  -52.3                         240     54  347.4         347.4
  200.0  12350  -53.7                         235     53  347.6         347.6
  150.0  14130  -68.1                         240     43  352.6         352.6
  124.2  15240  -77.1                         250     53  355.9         355.9
  118.0  15541  -79.5                         265     41  356.6         356.6
  117.9  15544  -79.5                         265     43  356.7         356.7
  111.9  15849  -77.6                         275     33  365.6         365.6
  106.2  16154  -75.8                         290     23  374.6         374.6
  100.0  16500  -73.7                         290     16  385.1         385.1
   95.6  16764  -73.2                         290     13  391.1         391.1
   70.0  18600  -69.5                         280      6  435.4         435.4
   61.0  19423  -67.9                         317      6  456.4         456.4
   58.0  19729  -63.9                         330      6  472.0         472.0
   50.0  20640  -62.5                          10      6  495.8         495.8
   38.0  22377  -52.7                          74      5  561.2         561.2
   30.0  23900  -54.5                         130      5  595.5         595.5
   27.0  24579  -50.9                         113      7  623.8         623.8
   20.0  26540  -48.7                          65     11  686.3         686.3
   17.5  27414  -50.3                                     708.0         708.0
   12.0  29919  -42.3                                     816.8         816.8


      Station information and sounding indices

                         Station identifier: TNCM
                             Station number: 78866
                           Observation time: 751202/1200
                           Station latitude: 18.05
                          Station longitude: -63.12
                          Station elevation: 3.0
                            Showalter index: 3.45
                               Lifted index: -2.06
    LIFT computed using virtual temperature: -2.50
                                SWEAT index: 135.99
                                    K index: 13.70
                         Cross totals index: 18.70
                      Vertical totals index: 23.70
                        Totals totals index: 42.40
      Convective Available Potential Energy: 196.21
             CAPE using virtual temperature: 343.33
                      Convective Inhibition: -34.92
             CINS using virtual temperature: -15.37
                           Equilibrum Level: 358.39
 Equilibrum Level using virtual temperature: 353.68
                   Level of Free Convection: 862.98
             LFCT using virtual temperature: 882.58
                     Bulk Richardson Number: 23.96
          Bulk Richardson Number using CAPV: 41.93
  Temp [K] of the Lifted Condensation Level: 290.42
Pres [hPa] of the Lifted Condensation Level: 913.49
   Equivalent potential temp [K] of the LCL: 338.15
     Mean mixed layer potential temperature: 298.04
              Mean mixed layer mixing ratio: 13.79
              1000 hPa to 500 hPa thickness: 5713.00
Precipitable water [mm] for entire sounding: 29.97


    78866 TNCM Juliana Airport Observations at 12Z 04 Dec 1975

-----------------------------------------------------------------------------
   PRES   HGHT   TEMP   DWPT   RELH   MIXR   DRCT   SKNT   THTA   THTE   THTV
    hPa     m      C      C      %    g/kg    deg   knot     K      K      K 
-----------------------------------------------------------------------------
 1015.0      3   26.2   21.2     74  15.88     40     11  298.1  344.4  300.9
 1000.0    136   24.6   18.6     69  13.67     40     11  297.8  337.6  300.2
  980.7    304   23.2   17.8     71  13.25     45     12  298.0  336.7  300.4
  946.7    609   20.8   16.3     76  12.50     50     12  298.5  335.1  300.8
  913.9    914   18.3   14.9     81  11.78     50     13  299.0  333.6  301.1
  882.2   1219   15.8   13.4     86  11.09     15     12  299.5  332.2  301.5
  850.0   1540   13.2   11.9     92  10.40     35     13  300.0  330.7  301.8
  821.3   1828   11.6   10.2     91   9.61     10     11  301.2  329.8  302.9
  801.0   2038   10.4    9.0     91   9.07      7      9  302.1  329.3  303.8
  791.9   2133    9.6   -7.2     30   2.83      5      8  302.2  311.1  302.7
  790.0   2153    9.4  -10.6     23   2.17      5      8  302.2  309.2  302.6
  779.0   2269   11.2  -18.8     10   1.12      7      8  305.4  309.2  305.6
  763.4   2438   10.8  -19.2     10   1.10     10      8  306.7  310.5  306.9
  755.0   2530   10.6  -19.4     10   1.10    358      7  307.5  311.2  307.7
  735.8   2743    9.4  -12.8     20   1.95    330      4  308.4  314.9  308.8
  700.0   3155    7.0    0.0     61   5.50    305      4  310.2  327.6  311.2
  658.1   3657    3.8   -1.5     68   5.22    285      7  312.1  328.8  313.1
  623.0   4102    1.0   -2.9     75   4.99    260      7  313.8  329.9  314.8
  610.3   4267    0.4   -4.8     68   4.40    250      7  315.0  329.3  315.8
  593.0   4497   -0.5   -7.5     59   3.69    265      6  316.6  328.7  317.3
  565.4   4876   -3.0   -8.1     68   3.68    290      4  317.9  330.2  318.6
  558.0   4980   -3.7   -8.3     70   3.68    291      5  318.3  330.6  319.0
  541.0   5224   -4.7  -12.7     54   2.68    294      6  320.0  329.1  320.5
  500.0   5840   -7.5  -16.5     49   2.12    300     10  323.8  331.2  324.2


      Station information and sounding indices

                         Station identifier: TNCM
                             Station number: 78866
                           Observation time: 751204/1200
                           Station latitude: 18.05
                          Station longitude: -63.12
                          Station elevation: 3.0
                            Showalter index: 3.50
                               Lifted index: 0.36
    LIFT computed using virtual temperature: 0.01
                                SWEAT index: 178.79
                                    K index: 25.60
                         Cross totals index: 19.40
                      Vertical totals index: 20.70
                        Totals totals index: 40.10
      Convective Available Potential Energy: 87.57
             CAPE using virtual temperature: 170.83
                      Convective Inhibition: -14.78
             CINS using virtual temperature: -8.85
                           Equilibrum Level: 516.93
 Equilibrum Level using virtual temperature: 501.57
                   Level of Free Convection: 882.74
             LFCT using virtual temperature: 891.69
  Temp [K] of the Lifted Condensation Level: 290.18
Pres [hPa] of the Lifted Condensation Level: 911.07
   Equivalent potential temp [K] of the LCL: 337.65
     Mean mixed layer potential temperature: 298.02
              Mean mixed layer mixing ratio: 13.63
              1000 hPa to 500 hPa thickness: 5704.00
Precipitable water [mm] for entire sounding: 36.54


    78866 TNCM Juliana Airport Observations at 12Z 07 Dec 1975

-----------------------------------------------------------------------------
   PRES   HGHT   TEMP   DWPT   RELH   MIXR   DRCT   SKNT   THTA   THTE   THTV
    hPa     m      C      C      %    g/kg    deg   knot     K      K      K 
-----------------------------------------------------------------------------
 1013.0      3   25.2   20.8     77  15.52     60     19  297.2  342.3  300.0
 1000.0    118   23.8   18.8     74  13.85     60     20  296.9  337.2  299.4
  850.0   1517   13.4   10.7     84   9.59     60     16  300.2  328.6  301.9
  700.0   3129    4.8   -1.2     65   5.03     55      6  307.8  323.6  308.7
  500.0   5810   -9.5  -39.5      7   0.25    265     13  321.4  322.4  321.4
  400.0   7500  -19.7  -49.7      5   0.10    220     40  329.3  329.7  329.3
  300.0   9570  -34.3  -64.3      3   0.02    250     53  336.9  337.0  336.9
  250.0  10820  -44.9                         240     59  339.2         339.2
  200.0  12270  -57.3                         250     48  341.9         341.9
  150.0  14040  -65.9                         230     44  356.4         356.4
  100.0  16430  -79.1                         255     41  374.6         374.6
   92.0  16903  -81.1                         260     38  379.7         379.7
   70.0  18480  -72.3                         250     15  429.4         429.4
   50.0  20520  -60.5                         280     21  500.5         500.5
   30.0  23750   25.4                         310      2  813.1         813.1
   20.0  26420  -44.5                          80      2  699.2         699.2
   10.0  31100  -40.9                                     865.7         865.7


      Station information and sounding indices

                         Station identifier: TNCM
                             Station number: 78866
                           Observation time: 751207/1200
                           Station latitude: 18.05
                          Station longitude: -63.12
                          Station elevation: 3.0
                            Showalter index: 2.50
                               Lifted index: -1.19
    LIFT computed using virtual temperature: -1.81
                                SWEAT index: 173.41
                                    K index: 27.60
                         Cross totals index: 20.20
                      Vertical totals index: 22.90
                        Totals totals index: 43.10
      Convective Available Potential Energy: 274.56
             CAPE using virtual temperature: 413.62
                      Convective Inhibition: -20.05
             CINS using virtual temperature: -12.53
                           Equilibrum Level: 394.68
 Equilibrum Level using virtual temperature: 381.76
                   Level of Free Convection: 874.06
             LFCT using virtual temperature: 885.96
                     Bulk Richardson Number: 13.92
          Bulk Richardson Number using CAPV: 20.97
  Temp [K] of the Lifted Condensation Level: 290.22
Pres [hPa] of the Lifted Condensation Level: 918.89
   Equivalent potential temp [K] of the LCL: 336.59
     Mean mixed layer potential temperature: 297.34
              Mean mixed layer mixing ratio: 13.54
              1000 hPa to 500 hPa thickness: 5692.00
Precipitable water [mm] for entire sounding: 36.69


    78866 TNCM Juliana Airport Observations at 12Z 08 Dec 1975

-----------------------------------------------------------------------------
   PRES   HGHT   TEMP   DWPT   RELH   MIXR   DRCT   SKNT   THTA   THTE   THTV
    hPa     m      C      C      %    g/kg    deg   knot     K      K      K 
-----------------------------------------------------------------------------
 1013.0      3   23.8   21.6     88  16.32     65     21  295.9  343.0  298.7
 1000.0    113   23.8   19.5     77  14.48     65     24  296.9  339.0  299.5
  978.2    304   22.4   18.7     79  14.07     65     26  297.4  338.4  300.0
  944.4    609   20.2   17.4     84  13.43     60     29  298.2  337.5  300.6
  911.7    914   18.1   16.1     88  12.81     45     32  299.0  336.6  301.3
  896.0   1064   17.0   15.5     91  12.51     47     32  299.4  336.1  301.6
  880.0   1219   17.1   14.9     87  12.22     50     32  301.1  337.2  303.3
  871.0   1307   17.2   14.5     84  12.06     54     31  302.0  337.9  304.2
  850.0   1515   15.6   13.7     88  11.72     65     29  302.5  337.4  304.6
  819.1   1828   13.9   11.9     88  10.78     85     22  303.9  336.2  305.8
  790.1   2133   12.2   10.1     87   9.92     90     20  305.2  335.2  307.0
  774.0   2307   11.2    9.1     87   9.46     82     21  305.9  334.7  307.7
  761.9   2438   10.5    7.4     81   8.52     75     21  306.6  332.7  308.2
  734.4   2743    9.0    3.3     67   6.65     75     16  308.2  328.8  309.4
  700.0   3142    7.0   -2.0     53   4.74    350      7  310.2  325.3  311.1
  668.0   3525    5.0   -2.0     61   4.97    291      4  312.1  328.0  313.1
  657.3   3657    3.8    1.1     82   6.33    270      3  312.2  332.2  313.4
  654.0   3698    3.4    2.0     91   6.81    260      3  312.2  333.7  313.5
  613.0   4221    0.6   -1.0     89   5.84    132      6  314.8  333.5  315.9
  609.5   4267    0.4   -3.5     75   4.87    120      6  315.2  330.9  316.1
  571.0   4788   -1.5  -31.5      8   0.48    197      7  318.8  320.6  318.9
  564.6   4876   -2.1  -32.1      8   0.46    210      7  319.2  320.9  319.3
  500.0   5830   -8.1  -38.1      7   0.29    265     11  323.1  324.2  323.2
  483.1   6096   -9.9  -31.5     15   0.57    270     13  324.1  326.3  324.2
  466.0   6374  -11.7  -24.7     33   1.11    260     17  325.2  329.2  325.4
  444.0   6743  -13.9  -43.9      6   0.18    248     21  326.9  327.6  327.0
  421.0   7146  -16.1  -22.1     60   1.55    234     27  329.1  334.8  329.4
  400.0   7530  -18.1  -26.1     50   1.14    220     32  331.4  335.6  331.6
  395.1   7620  -18.9  -26.3     52   1.13    220     32  331.5  335.7  331.7
  361.0   8285  -24.7  -28.0     74   1.06    224     35  332.4  336.4  332.6
  348.0   8551  -24.9  -36.9     32   0.47    226     36  335.6  337.5  335.7
  320.3   9144  -29.6  -51.7     10   0.10    230     38  337.2  337.6  337.2
  300.0   9610  -33.3  -63.3      3   0.03    235     42  338.3  338.4  338.3
  269.0  10371  -40.1  -70.1      3   0.01    239     45  339.1  339.2  339.1
  257.5  10668  -42.6                         240     46  339.7         339.7
  250.0  10870  -44.3                         240     46  340.1         340.1
  224.1  11582  -50.7                         240     36  341.1         341.1
  200.0  12320  -57.3                         250     46  341.9         341.9
  182.0  12910  -62.5                         247     44  342.7         342.7
  150.0  14100  -64.5                         240     40  358.8         358.8
  137.0  14648  -68.7                         240     36  360.8         360.8
  124.0  15240  -69.6                         240     32  369.5         369.5
  123.0  15291  -69.7                         240     32  370.2         370.2
  100.0  16500  -77.1                         250     36  378.5         378.5
   88.0  17235  -78.7                         255     33  389.4         389.4
   70.0  18560  -74.3                         255     18  425.1         425.1
   50.0  20580  -62.7                         250     17  495.3         495.3
   30.0  23830  -49.5                          35      6  609.1         609.1
   20.0  26500  -45.7                         260      7  695.5         695.5
   10.0  31170  -39.3                         360     11  871.7         871.7


      Station information and sounding indices

                         Station identifier: TNCM
                             Station number: 78866
                           Observation time: 751208/1200
                           Station latitude: 18.05
                          Station longitude: -63.12
                          Station elevation: 3.0
                            Showalter index: -0.12
                               Lifted index: -0.76
    LIFT computed using virtual temperature: -1.42
                                SWEAT index: 233.40
                                    K index: 28.40
                         Cross totals index: 21.80
                      Vertical totals index: 23.70
                        Totals totals index: 45.50
      Convective Available Potential Energy: 108.85
             CAPE using virtual temperature: 211.67
                      Convective Inhibition: -43.45
             CINS using virtual temperature: -33.01
                           Equilibrum Level: 356.41
 Equilibrum Level using virtual temperature: 355.81
                   Level of Free Convection: 767.30
             LFCT using virtual temperature: 792.54
                     Bulk Richardson Number: 5.07
          Bulk Richardson Number using CAPV: 9.85
  Temp [K] of the Lifted Condensation Level: 291.40
Pres [hPa] of the Lifted Condensation Level: 933.35
   Equivalent potential temp [K] of the LCL: 338.87
     Mean mixed layer potential temperature: 297.22
              Mean mixed layer mixing ratio: 14.37
              1000 hPa to 500 hPa thickness: 5717.00
Precipitable water [mm] for entire sounding: 43.55


    78866 TNCM Juliana Airport Observations at 12Z 09 Dec 1975

-----------------------------------------------------------------------------
   PRES   HGHT   TEMP   DWPT   RELH   MIXR   DRCT   SKNT   THTA   THTE   THTV
    hPa     m      C      C      %    g/kg    deg   knot     K      K      K 
-----------------------------------------------------------------------------
 1013.0      3   24.0   22.3     90  17.05     65     21  296.1  345.3  299.1
 1000.0    113   24.0   22.3     90  17.28     65     23  297.1  347.3  300.2
  978.3    304   22.4   20.8     91  16.12     65     24  297.4  344.2  300.3
  944.7    609   19.8   18.5     92  14.39     70     24  297.8  339.7  300.3
  942.0    634   19.6   18.3     92  14.26     70     24  297.8  339.3  300.3
  911.7    914   18.2   16.9     92  13.47     75     23  299.1  338.6  301.6
  879.9   1219   16.7   15.4     92  12.64     80     21  300.6  337.9  302.9
  850.0   1515   15.2   13.9     92  11.88     80     20  302.1  337.4  304.2
  819.2   1828   14.0   12.8     93  11.50     85     20  303.9  338.4  306.0
  801.0   2018   13.2   12.2     94  11.27     94     19  305.1  339.1  307.2
  790.1   2133   12.3    8.6     78   8.93    100     18  305.3  332.4  306.9
  769.0   2360   10.4    1.4     54   5.54     96     18  305.6  322.8  306.7
  761.8   2438   10.2    2.6     59   6.11     95     18  306.2  325.1  307.4
  734.4   2743    9.3    7.4     88   8.87    120     17  308.5  335.8  310.2
  731.0   2781    9.2    8.0     92   9.29    120     17  308.8  337.4  310.5
  700.0   3139    6.0    1.0     70   5.91    115     19  309.1  327.6  310.2
  683.0   3341    6.4   -1.6     57   5.01    109     19  311.7  327.7  312.7
  656.9   3657    4.1   -1.4     68   5.30    100     20  312.6  329.5  313.6
  619.0   4140    0.6   -1.0     89   5.78     92     14  314.0  332.4  315.1
  609.2   4267   -0.0   -1.6     89   5.61     90     13  314.7  332.7  315.8
  564.0   4876   -3.0   -4.6     89   4.86     65     15  318.1  334.1  319.1
  500.0   5830   -7.7   -9.2     89   3.83    145         323.6  336.5  324.3
  482.9   6096   -9.3  -11.0     87   3.44    140     21  324.9  336.6  325.5
  400.0   7540  -17.9  -20.7     79   1.85    180     25  331.6  338.3  332.0
  395.6   7620  -18.5  -21.4     78   1.75    175     25  331.9  338.3  332.2
  320.4   9144  -30.2  -35.5     60   0.58    175     22  336.3  338.6  336.4
  300.0   9620  -33.9  -39.9     55   0.40    190     22  337.5  339.1  337.6
  268.0  10400  -40.1  -47.1     47   0.21    212     25  339.5  340.4  339.5
  257.6  10668  -42.5                         220     26  339.8         339.8
  250.0  10870  -44.3                         225     28  340.1         340.1
  200.0  12330  -57.1                         230     37  342.2         342.2
  194.7  12496  -58.5                         230     36  342.6         342.6
  176.4  13106  -63.6                         245     46  343.9         343.9
  167.0  13447  -66.5                         247     45  344.6         344.6
  158.0  13784  -64.5                         248     45  353.5         353.5
  150.0  14100  -66.3                         250     44  355.7         355.7
  137.4  14630  -66.3                         240     36  364.7         364.7
  133.0  14827  -66.3                         237     33  368.1         368.1
  124.0  15240  -69.2                         230     26  370.3         370.3
  100.0  16500  -78.1                         210     17  376.6         376.6
   95.5  16764  -78.7                         215     16  380.4         380.4
   83.0  17560  -80.5                         240     16  392.3         392.3
   70.0  18540  -74.1                         200      8  425.5         425.5
   50.0  20550  -63.7                         245      9  492.9         492.9
   35.0  22773  -55.5                         283     12  567.2         567.2
   30.0  23750  -56.7                         300     13  589.5         589.5
   24.0  25186  -50.5                         308     12  646.3         646.3
   20.0  26380  -48.9                         315     12  685.7         685.7
   18.5  26893  -47.7                                     704.9         704.9


      Station information and sounding indices

                         Station identifier: TNCM
                             Station number: 78866
                           Observation time: 751209/1200
                           Station latitude: 18.05
                          Station longitude: -63.12
                          Station elevation: 3.0
                            Showalter index: 0.29
                               Lifted index: -2.65
    LIFT computed using virtual temperature: -2.89
                                    K index: 31.80
                         Cross totals index: 21.60
                      Vertical totals index: 22.90
                        Totals totals index: 44.50
      Convective Available Potential Energy: 1010.76
             CAPE using virtual temperature: 1123.84
                      Convective Inhibition: -0.08
             CINS using virtual temperature: 0.00
                           Equilibrum Level: 169.06
 Equilibrum Level using virtual temperature: 168.98
                   Level of Free Convection: 952.57
             LFCT using virtual temperature: 957.80
                     Bulk Richardson Number: 96.58
          Bulk Richardson Number using CAPV: 107.38
  Temp [K] of the Lifted Condensation Level: 293.92
Pres [hPa] of the Lifted Condensation Level: 961.92
   Equivalent potential temp [K] of the LCL: 344.61
     Mean mixed layer potential temperature: 297.21
              Mean mixed layer mixing ratio: 16.36
              1000 hPa to 500 hPa thickness: 5717.00
Precipitable water [mm] for entire sounding: 51.87


    78866 TNCM Juliana Airport Observations at 12Z 11 Dec 1975

-----------------------------------------------------------------------------
   PRES   HGHT   TEMP   DWPT   RELH   MIXR   DRCT   SKNT   THTA   THTE   THTV
    hPa     m      C      C      %    g/kg    deg   knot     K      K      K 
-----------------------------------------------------------------------------
 1013.0      3   26.6   23.6     84  18.49    115     10  298.6  352.7  301.9
 1000.0    114   25.8   23.1     85  18.17    120     14  298.9  352.1  302.2
  978.4    304   24.4   21.9     86  17.22    120     14  299.4  349.9  302.5
  944.7    609   22.1   19.9     88  15.79    125     15  300.1  346.5  302.9
  912.1    914   19.8   18.0     89  14.45    135     12  300.8  343.4  303.4
  880.6   1219   17.5   16.1     91  13.21    140     10  301.4  340.5  303.8
  850.0   1527   15.2   14.1     93  12.04    140      8  302.1  337.8  304.2
  820.4   1828   14.6   11.9     84  10.79    145      6  304.5  337.0  306.5
  791.4   2133   14.0    9.7     75   9.63    150      5  307.0  336.4  308.8
  780.0   2256   13.8    8.8     72   9.19    166      5  308.1  336.3  309.8
  763.2   2438   12.7    7.7     72   8.72    190      5  308.8  335.7  310.4
  735.9   2743   10.9    5.9     71   7.97    260      6  310.1  334.8  311.6
  700.0   3162    8.4    3.4     71   7.03    270      8  311.8  333.9  313.1
  664.0   3598    5.8    4.0     88   7.74    279      8  313.6  338.0  315.0
  659.2   3657    5.5    3.6     87   7.55    280      8  313.9  337.7  315.3
  611.5   4267    2.1   -0.9     80   5.87    250     11  316.8  335.7  317.9
  594.0   4504    0.8   -2.7     77   5.31    258     13  317.9  335.2  318.9
  566.9   4876   -1.7   -4.5     81   4.85    270     16  319.3  335.2  320.2
  535.0   5337   -4.7   -6.8     85   4.32    252     16  321.0  335.4  321.8
  500.0   5870   -5.3  -15.3     45   2.34    230     16  326.5  334.7  327.0
  485.7   6096   -7.0  -16.6     46   2.16    225     17  327.2  334.8  327.6
  458.0   6552  -10.3  -19.3     48   1.82    230     18  328.6  335.1  328.9
  428.0   7070  -14.3  -19.3     66   1.95    235     20  329.9  336.9  330.3
  400.0   7580  -16.9  -30.9     29   0.73    240     21  332.9  335.7  333.1
  397.9   7620  -17.2  -30.7     30   0.75    240     22  333.0  335.9  333.2
  368.0   8198  -21.9  -27.9     58   1.05    246     18  334.3  338.3  334.5
  361.0   8338  -21.7  -33.7     33   0.62    247     17  336.4  338.8  336.5
  322.8   9144  -27.6  -50.5      9   0.12    255     12  339.2  339.7  339.2
  300.0   9670  -31.5  -61.5      4   0.03    245     13  340.9  341.0  340.9
  260.1  10668  -40.6  -70.6      3   0.01    260     18  341.6  341.7  341.6
  259.0  10698  -40.9  -70.9      2   0.01    261     18  341.6  341.7  341.6
  250.0  10940  -42.3                         265     18  343.0         343.0
  200.0  12400  -55.3                         275     35  345.0         345.0
  150.0  14180  -68.5                         280     41  351.9         351.9
  134.0  14850  -73.1                         267     34  355.2         355.2
  127.0  15167  -70.7                         261     31  365.1         365.1
  125.4  15240  -70.7                         260     30  366.4         366.4
  113.2  15849  -70.7                         265     20  377.2         377.2
  110.0  16020  -70.7                         272     20  380.4         380.4
  100.0  16580  -75.3                         295     21  382.0         382.0
   90.0  17186  -78.5                         292     19  387.3         387.3
   82.6  17678  -77.5                         290     18  399.0         399.0
   70.0  18630  -75.5                         295     13  422.5         422.5
   50.0  20640  -66.5                         360      4  486.4         486.4
   49.0  20763  -63.5                           0      4  496.3         496.3
   30.0  23840  -52.5                          10      7  600.9         600.9
   25.0  25026  -49.5                                     641.6         641.6
   21.0  26168  -49.3                                     675.0         675.0


      Station information and sounding indices

                         Station identifier: TNCM
                             Station number: 78866
                           Observation time: 751211/1200
                           Station latitude: 18.05
                          Station longitude: -63.12
                          Station elevation: 3.0
                            Showalter index: 2.50
                               Lifted index: -2.37
    LIFT computed using virtual temperature: -3.01
                                SWEAT index: 201.21
                                    K index: 29.60
                         Cross totals index: 19.40
                      Vertical totals index: 20.50
                        Totals totals index: 39.90
      Convective Available Potential Energy: 1472.27
             CAPE using virtual temperature: 1641.09
                      Convective Inhibition: -4.10
             CINS using virtual temperature: -1.91
                           Equilibrum Level: 162.04
 Equilibrum Level using virtual temperature: 160.95
                   Level of Free Convection: 925.00
             LFCT using virtual temperature: 934.65
                     Bulk Richardson Number: 57.70
          Bulk Richardson Number using CAPV: 64.32
  Temp [K] of the Lifted Condensation Level: 294.74
Pres [hPa] of the Lifted Condensation Level: 948.29
   Equivalent potential temp [K] of the LCL: 350.36
     Mean mixed layer potential temperature: 299.26
              Mean mixed layer mixing ratio: 17.47
              1000 hPa to 500 hPa thickness: 5756.00
Precipitable water [mm] for entire sounding: 53.37


    78866 TNCM Juliana Airport Observations at 12Z 18 Dec 1975

-----------------------------------------------------------------------------
   PRES   HGHT   TEMP   DWPT   RELH   MIXR   DRCT   SKNT   THTA   THTE   THTV
    hPa     m      C      C      %    g/kg    deg   knot     K      K      K 
-----------------------------------------------------------------------------
 1016.0      3   25.2   15.2     54  10.80     60     22  297.0  328.5  298.9
 1000.0    143   24.2   15.2     57  10.97     60     22  297.4  329.4  299.3
  981.7    304   22.6   15.5     64  11.43     60     22  297.3  330.6  299.3
  947.8    609   19.5   16.2     81  12.35     60     25  297.2  333.1  299.4
  936.0    718   18.4   16.4     88  12.69     62     25  297.1  334.0  299.4
  914.7    914   17.0   14.0     83  11.11     65     25  297.6  330.1  299.6
  882.5   1219   14.7   10.3     75   8.99     65     22  298.4  324.9  300.0
  850.0   1539   12.4    6.4     67   7.14     85     20  299.1  320.4  300.4
  821.2   1828   11.7   -2.7     37   3.84     65     12  301.4  313.3  302.1
  809.0   1953   11.4   -6.6     28   2.90     61     11  302.3  311.5  302.9
  791.7   2133   10.7  -10.6     21   2.16     55     10  303.4  310.4  303.8
  763.1   2438    9.5  -17.5     13   1.28     50      4  305.3  309.6  305.5
  748.0   2604    8.8  -21.2     10   0.95     58      8  306.3  309.6  306.5
  738.0   2716   10.6  -19.4     10   1.12     64     10  309.5  313.3  309.7
  735.6   2743   10.4  -19.6     10   1.11     65     11  309.6  313.4  309.8
  700.0   3153    7.4  -22.6     10   0.89     85     12  310.6  313.8  310.8
  658.0   3657    4.3  -25.7      9   0.72     85     11  312.7  315.3  312.9
  625.0   4076    1.8  -28.2      9   0.60     95     78  314.5  316.7  314.6
  610.3   4267    1.7  -28.3      9   0.61    100    109  316.4  318.7  316.6
  583.0   4636    1.4  -28.6      9   0.62     67     50  320.3  322.6  320.4
  565.5   4876   -0.5  -30.5      8   0.54     45     11  320.9  322.9  321.0
  500.0   5850   -8.1  -38.1      7   0.29     55      7  323.1  324.2  323.2
  484.0   6096   -9.9  -39.9      7   0.25     95      5  323.9  324.9  323.9
  400.0   7540  -20.5  -50.5      5   0.09    265     17  328.3  328.6  328.3
  395.6   7620  -21.1  -51.1      5   0.09    265     17  328.6  328.9  328.6
  319.7   9144  -32.0  -62.0      3   0.03    260     22  334.0  334.1  334.0
  300.0   9600  -35.3  -65.3      3   0.02    265     39  335.5  335.6  335.5
  250.0  10840  -42.5                         285     95  342.7         342.7
  245.1  10972  -43.4                         285     88  343.3         343.3
  234.2  11277  -45.6                         280     77  344.5         344.5
  204.2  12192  -52.1                         285     76  348.0         348.0
  200.0  12330  -53.1                         280     77  348.5         348.5
  168.3  13411  -60.4                         275     67  354.0         354.0
  152.7  14020  -64.5                         275     56  356.9         356.9
  150.0  14130  -65.3                         275     50  357.4         357.4
  124.6  15240  -69.8                         305     46  368.7         368.7
  112.6  15849  -72.2                         330     37  375.0         375.0
  100.0  16560  -75.1                         360     30  382.4         382.4
   77.0  18063  -78.5                          35     33  404.9         404.9
   70.0  18610  -75.9                          55     31  421.7         421.7
   50.0  20610  -65.3                         225      6  489.2         489.2
   45.0  21252  -64.5                         230      7  506.1         506.1
   40.0  21984  -56.9                         236      8  542.5         542.5
   30.0  23820  -53.3                         250     11  598.7         598.7
   20.0  26451  -48.5                                     687.0         687.0
   14.5  28587  -43.9                                     768.5         768.5


      Station information and sounding indices

                         Station identifier: TNCM
                             Station number: 78866
                           Observation time: 751218/1200
                           Station latitude: 18.05
                          Station longitude: -63.12
                          Station elevation: 3.0
                            Showalter index: 8.14
                               Lifted index: 3.11
    LIFT computed using virtual temperature: 2.64
                                SWEAT index: 123.81
                                    K index: -3.10
                         Cross totals index: 14.50
                      Vertical totals index: 20.50
                        Totals totals index: 35.00
      Convective Available Potential Energy: 0.00
             CAPE using virtual temperature: 4.59
                      Convective Inhibition: 0.00
             CINS using virtual temperature: -9.28
 Equilibrum Level using virtual temperature: 802.36
             LFCT using virtual temperature: 862.86
                     Bulk Richardson Number: 0.00
          Bulk Richardson Number using CAPV: 0.83
  Temp [K] of the Lifted Condensation Level: 286.88
Pres [hPa] of the Lifted Condensation Level: 883.17
   Equivalent potential temp [K] of the LCL: 330.18
     Mean mixed layer potential temperature: 297.25
              Mean mixed layer mixing ratio: 11.32
              1000 hPa to 500 hPa thickness: 5707.00
Precipitable water [mm] for entire sounding: 23.14


    78866 TNCM Juliana Airport Observations at 12Z 19 Dec 1975

-----------------------------------------------------------------------------
   PRES   HGHT   TEMP   DWPT   RELH   MIXR   DRCT   SKNT   THTA   THTE   THTV
    hPa     m      C      C      %    g/kg    deg   knot     K      K      K 
-----------------------------------------------------------------------------
 1017.0      3   25.6   19.6     69  14.33     70     12  297.3  339.0  299.9
 1000.0    152   24.4   17.4     65  12.66     70     16  297.6  334.5  299.8
  982.6    304   23.0   17.1     69  12.60     70     15  297.7  334.4  299.9
  948.7    609   20.3   16.3     78  12.47     65     15  297.9  334.3  300.1
  916.0    914   17.5   15.6     89  12.34     70     18  298.0  334.1  300.2
  910.0    971   17.0   15.5     91  12.32     72     18  298.1  334.1  300.3
  883.8   1219   15.5   10.8     74   9.25     80     16  299.0  326.3  300.6
  850.0   1551   13.4    4.4     54   6.20    100     13  300.2  318.9  301.3
  822.5   1828   11.3    3.7     60   6.10     95     11  300.8  319.2  301.9
  811.0   1946   10.4    3.4     62   6.06     93     11  301.0  319.4  302.1
  793.0   2133    9.0    0.0     54   4.86     90     10  301.4  316.3  302.3
  774.0   2334    7.4   -3.6     46   3.80     90     10  301.9  313.7  302.6
  764.4   2438    7.5   -5.8     38   3.26     90     10  303.1  313.4  303.7
  736.7   2743    8.0  -12.3     22   2.02     85     10  306.8  313.4  307.2
  700.0   3166    8.6  -21.4     10   0.99     80     10  312.0  315.4  312.2
  658.5   3657    5.4  -24.6      9   0.80     85     10  313.9  316.7  314.0
  610.4   4267    1.5  -28.5      9   0.60    115     14  316.2  318.4  316.3
  565.8   4876   -2.5  -32.5      8   0.44    120     16  318.5  320.2  318.6
  500.0   5870   -8.9  -38.9      7   0.26    130      4  322.1  323.2  322.2
  485.3   6096  -10.6  -40.6      7   0.23    175      3  322.8  323.7  322.9
  400.0   7560  -21.5  -51.5      5   0.08    250     27  327.0  327.3  327.0
  396.7   7620  -21.8  -51.8      5   0.08    250     27  327.4  327.7  327.4
  321.3   9144  -28.5  -58.5      4   0.04    270     32  338.4  338.6  338.4
  300.0   9640  -30.7  -60.7      4   0.04    280     42  342.0  342.2  342.0
  258.8  10668  -40.1                         280     55  342.9         342.9
  250.0  10910  -42.3                         280     49  343.0         343.0
  200.0  12380  -54.1                         280     52  346.9         346.9
  153.4  14020  -65.3                         280     45  355.0         355.0
  150.0  14160  -66.3                         280     46  355.7         355.7
  138.6  14630  -67.7                         280     35  361.3         361.3
  125.2  15240  -69.5                         285     20  368.7         368.7
  113.0  15849  -71.3                         315     10  376.3         376.3
  100.0  16580  -73.5                         350      8  385.5         385.5
   70.0  18640  -77.3                         100     20  418.7         418.7
   59.0  19636  -71.7                         100     14  452.2         452.2
   53.0  20282  -64.1                         100     10  483.9         483.9
   50.0  20640  -62.9                         100      8  494.8         494.8
   30.0  23850  -54.3                         260      5  596.0         596.0
   20.0  26490  -47.5                          90      6  690.0         690.0
   18.0  27187  -47.7                                     710.5         710.5
   12.5  29640  -39.7                                     816.5         816.5
   10.0  31170  -39.1                                     872.4         872.4


      Station information and sounding indices

                         Station identifier: TNCM
                             Station number: 78866
                           Observation time: 751219/1200
                           Station latitude: 18.05
                          Station longitude: -63.12
                          Station elevation: 3.0
                            Showalter index: 8.19
                               Lifted index: 0.11
    LIFT computed using virtual temperature: -0.47
                                SWEAT index: 82.79
                                    K index: -3.30
                         Cross totals index: 13.30
                      Vertical totals index: 22.30
                        Totals totals index: 35.60
      Convective Available Potential Energy: 99.87
             CAPE using virtual temperature: 192.40
                      Convective Inhibition: -10.40
             CINS using virtual temperature: -5.77
                           Equilibrum Level: 382.98
 Equilibrum Level using virtual temperature: 380.55
                   Level of Free Convection: 865.67
             LFCT using virtual temperature: 891.24
                     Bulk Richardson Number: 23.01
          Bulk Richardson Number using CAPV: 44.34
  Temp [K] of the Lifted Condensation Level: 289.19
Pres [hPa] of the Lifted Condensation Level: 904.66
   Equivalent potential temp [K] of the LCL: 334.98
     Mean mixed layer potential temperature: 297.60
              Mean mixed layer mixing ratio: 12.86
              1000 hPa to 500 hPa thickness: 5718.00
Precipitable water [mm] for entire sounding: 26.71


    78866 TNCM Juliana Airport Observations at 12Z 20 Dec 1975

-----------------------------------------------------------------------------
   PRES   HGHT   TEMP   DWPT   RELH   MIXR   DRCT   SKNT   THTA   THTE   THTV
    hPa     m      C      C      %    g/kg    deg   knot     K      K      K 
-----------------------------------------------------------------------------
 1017.0      3   25.2   20.2     74  14.88     50     14  296.9  340.1  299.6
 1000.0    152   23.4   17.4     69  12.66     50     15  296.6  333.3  298.8
  982.6    304   22.1   17.1     73  12.62     55     16  296.8  333.4  299.0
  948.6    609   19.6   16.4     82  12.55     60     19  297.1  333.7  299.4
  926.0    818   17.8   16.0     89  12.50     60     22  297.4  333.8  299.6
  915.7    914   17.4   11.9     70   9.65     60     24  298.0  326.3  299.7
  909.0    977   17.2    9.2     59   8.09     60     24  298.4  322.3  299.8
  883.6   1219   16.0   10.4     69   9.01     60     26  299.6  326.3  301.2
  874.0   1312   15.6   10.8     73   9.39     61     25  300.1  327.9  301.8
  850.0   1548   14.2    8.2     67   8.09     65     21  301.0  325.2  302.5
  828.0   1769   13.2    5.2     58   6.74     65     21  302.2  322.6  303.4
  822.2   1828   12.8    5.4     60   6.86     65     21  302.4  323.2  303.7
  792.9   2133   11.0    6.2     72   7.54     70     11  303.6  326.5  305.0
  775.0   2324    9.8    6.7     81   8.00     70     10  304.3  328.6  305.8
  764.5   2438   10.3    2.6     59   6.06     70     10  306.1  324.8  307.2
  755.0   2542   10.8   -1.2     43   4.66     70     10  307.7  322.4  308.6
  736.9   2743    9.4   -2.6     43   4.32     70      9  308.3  322.0  309.1
  716.0   2982    7.8   -4.2     42   3.93     98     11  309.1  321.6  309.8
  700.0   3168    5.8   -1.2     61   5.03    120     12  308.9  324.7  309.8
  670.0   3526    3.4    2.8     96   7.04    120     13  310.1  332.0  311.4
  659.3   3657    3.0   -5.0     56   4.03    120     13  311.0  323.9  311.8
  628.0   4051    1.6  -28.4      9   0.59     91     14  313.8  315.9  313.9
  614.0   4234    3.2  -26.8      9   0.70     78     15  317.7  320.2  317.8
  611.4   4267    2.9  -27.1      9   0.68     75     15  317.8  320.2  317.9
  566.1   4876   -2.0  -32.0      8   0.47     40     13  319.0  320.8  319.1
  500.0   5860   -9.9  -39.9      7   0.24    160      2  320.9  321.8  320.9
  484.6   6096  -11.5  -41.5      6   0.21    230      1  321.9  322.7  321.9
  428.0   7037  -17.7  -47.7      5   0.12    288     13  325.5  326.0  325.6
  400.0   7540  -19.1  -49.1      5   0.11    320     19  330.1  330.5  330.1
  395.7   7620  -19.3  -49.3      5   0.11    320     18  330.8  331.3  330.8
  388.0   7767  -19.7  -49.7      5   0.11    321     19  332.2  332.6  332.2
  320.5   9144  -31.4  -61.4      4   0.03    335     24  334.6  334.7  334.6
  300.0   9620  -35.5  -65.5      3   0.02    320     24  335.2  335.3  335.2
  274.0  10248  -40.1  -70.1      3   0.01    311     25  337.4  337.4  337.4
  257.6  10668  -43.6                         305     25  338.2         338.2
  250.0  10870  -45.3                         310     25  338.6         338.6
  214.0  11887  -51.6                         295     35  344.1         344.1
  200.0  12330  -54.4                         290     43  346.5         346.5
  167.0  13473  -61.5                         287     44  352.9         352.9
  150.0  14142  -61.3                         285     45  364.3         364.3
  124.9  15240  -67.1                         310     25  373.4         373.4
  112.8  15849  -70.3                         330     15  378.4         378.4
  100.0  16570  -74.1                          30      7  384.3         384.3
   96.7  16764  -74.7                          50      6  386.8         386.8
   84.0  17579  -77.3                         100     12  397.4         397.4
   70.0  18630  -75.9                          85     12  421.7         421.7
   59.0  19626  -72.7                          80     10  450.0         450.0
   50.0  20620  -63.3                          75      9  493.9         493.9
   30.0  23850  -52.1                          20      4  602.0         602.0
   26.0  24784  -48.1                                     638.5         638.5
   21.0  26196  -46.7                                     682.9         682.9


      Station information and sounding indices

                         Station identifier: TNCM
                             Station number: 78866
                           Observation time: 751220/1200
                           Station latitude: 18.05
                          Station longitude: -63.12
                          Station elevation: 3.0
                            Showalter index: 3.80
                               Lifted index: -0.58
    LIFT computed using virtual temperature: -1.15
                                SWEAT index: 142.40
                                    K index: 25.30
                         Cross totals index: 18.10
                      Vertical totals index: 24.10
                        Totals totals index: 42.20
      Convective Available Potential Energy: 33.71
             CAPE using virtual temperature: 84.90
                      Convective Inhibition: -42.51
             CINS using virtual temperature: -16.25
                           Equilibrum Level: 421.76
 Equilibrum Level using virtual temperature: 417.91
                   Level of Free Convection: 777.44
             LFCT using virtual temperature: 828.42
                     Bulk Richardson Number: 12.92
          Bulk Richardson Number using CAPV: 32.54
  Temp [K] of the Lifted Condensation Level: 289.53
Pres [hPa] of the Lifted Condensation Level: 917.27
   Equivalent potential temp [K] of the LCL: 334.30
     Mean mixed layer potential temperature: 296.77
              Mean mixed layer mixing ratio: 12.96
              1000 hPa to 500 hPa thickness: 5708.00
Precipitable water [mm] for entire sounding: 32.29


    78866 TNCM Juliana Airport Observations at 12Z 21 Dec 1975

-----------------------------------------------------------------------------
   PRES   HGHT   TEMP   DWPT   RELH   MIXR   DRCT   SKNT   THTA   THTE   THTV
    hPa     m      C      C      %    g/kg    deg   knot     K      K      K 
-----------------------------------------------------------------------------
 1016.0      3   26.0   18.0     61  12.95     85     14  297.8  335.6  300.1
 1000.0    143   23.8   14.8     57  10.69     85     14  296.9  328.2  298.9
  981.6    304   22.4   14.6     61  10.73     80     15  297.1  328.4  299.0
  947.7    609   19.6   14.1     70  10.80     75     16  297.3  328.9  299.2
  916.0    904   17.0   13.7     81  10.87     70     19  297.5  329.3  299.5
  915.0    914   17.0   13.5     80  10.74     70     19  297.6  329.0  299.5
  887.0   1180   16.0    8.0     59   7.64     61     20  299.2  322.0  300.6
  882.9   1219   15.8    8.4     61   7.90     60     20  299.4  322.9  300.9
  866.0   1384   15.0   10.2     73   9.10     55     18  300.2  327.3  301.9
  850.0   1542   13.2    8.4     73   8.20     50     16  300.0  324.4  301.4
  823.0   1813   11.4    6.5     72   7.43     50     17  300.8  323.1  302.2
  821.6   1828   11.4    6.1     70   7.23     50     17  301.0  322.7  302.3
  802.0   2030   11.4    0.4     47   4.94     34     16  303.1  318.3  304.0
  792.1   2133   11.2   -1.5     41   4.34     25     16  303.9  317.5  304.8
  763.6   2438   10.7   -7.2     28   2.94     20     13  306.6  316.0  307.1
  736.1   2743   10.1  -12.8     18   1.95     60     11  309.2  315.7  309.6
  700.0   3162    9.4  -20.6     10   1.07     95     13  312.9  316.6  313.1
  658.4   3657    6.0  -24.1      9   0.84     95      8  314.5  317.5  314.7
  610.5   4267    1.7  -28.3      9   0.61     80      9  316.5  318.7  316.6
  566.1   4876   -2.5  -32.5      8   0.44     80      4  318.4  320.0  318.4
  543.0   5213   -4.9  -34.9      7   0.37     80      5  319.4  320.8  319.4
  500.0   5860   -5.9  -35.9      7   0.36     80      6  325.8  327.2  325.9
  484.8   6096   -7.7  -37.7      7   0.31     75      9  326.4  327.6  326.5
  400.0   7570  -19.1  -49.1      5   0.11    360      9  330.1  330.5  330.1
  397.2   7620  -19.4  -49.5      5   0.11     60      9  330.3  330.7  330.3
  300.0   9650  -33.7  -63.7      3   0.02     13     28  337.8  337.9  337.8
  250.0  10910  -43.1                         343     40  341.9         341.9
  205.8  12192  -51.3                         310     53  348.5         348.5
  200.0  12380  -52.5                         300     52  349.5         349.5


      Station information and sounding indices

                         Station identifier: TNCM
                             Station number: 78866
                           Observation time: 751221/1200
                           Station latitude: 18.05
                          Station longitude: -63.12
                          Station elevation: 3.0
                            Showalter index: 8.23
                               Lifted index: 5.76
    LIFT computed using virtual temperature: 5.31
                                SWEAT index: 138.81
                                    K index: -2.50
                         Cross totals index: 14.30
                      Vertical totals index: 19.10
                        Totals totals index: 33.40
      Convective Available Potential Energy: 0.00
             CAPE using virtual temperature: 0.00
                      Convective Inhibition: 0.00
             CINS using virtual temperature: 0.00
                     Bulk Richardson Number: 0.00
          Bulk Richardson Number using CAPV: 0.00
  Temp [K] of the Lifted Condensation Level: 286.41
Pres [hPa] of the Lifted Condensation Level: 878.95
   Equivalent potential temp [K] of the LCL: 329.26
     Mean mixed layer potential temperature: 297.17
              Mean mixed layer mixing ratio: 11.04
              1000 hPa to 500 hPa thickness: 5717.00
Precipitable water [mm] for entire sounding: 24.88


    78866 TNCM Juliana Airport Observations at 12Z 22 Dec 1975

-----------------------------------------------------------------------------
   PRES   HGHT   TEMP   DWPT   RELH   MIXR   DRCT   SKNT   THTA   THTE   THTV
    hPa     m      C      C      %    g/kg    deg   knot     K      K      K 
-----------------------------------------------------------------------------
 1015.0      3   26.0   21.2     75  15.88    115     15  297.9  344.2  300.7
 1000.0    134   24.0   18.0     69  13.16    115     15  297.1  335.4  299.5
  980.5    304   22.6   17.3     72  12.80    115     15  297.5  334.7  299.7
  946.5    609   20.2   15.9     76  12.16    115     16  298.0  333.6  300.2
  913.7    914   17.8   14.6     82  11.55    115     19  298.5  332.4  300.6
  883.0   1209   15.4   13.3     87  10.98    120     20  299.0  331.3  301.0
  882.0   1219   15.4   13.3     87  10.98    120     20  299.1  331.3  301.0
  850.0   1533   14.4   12.4     88  10.75    125     11  301.2  333.1  303.2
  820.7   1828   13.0    6.2     63   7.28    130     12  302.8  324.8  304.1
  791.5   2133   11.6   -0.2     44   4.77    130     12  304.4  319.2  305.3
  768.0   2387   10.4   -5.6     32   3.29    163      6  305.8  316.2  306.4
  763.3   2438   10.6   -8.0     26   2.75    170      5  306.5  315.3  307.0
  743.0   2663   11.2  -18.8     10   1.17    255      3  309.5  313.6  309.8
  735.9   2743   10.7  -19.4     10   1.13    285      2  309.8  313.7  310.0
  700.0   3158    7.8  -22.2     10   0.93    165      7  311.1  314.3  311.3
  658.3   3657    4.8  -25.2      9   0.76    235     14  313.2  315.9  313.4
  610.8   4267    1.2  -28.8      9   0.58    225     15  315.8  318.0  315.9
  601.0   4398    0.4  -29.6      8   0.55    228     15  316.4  318.4  316.5
  565.5   4876   -4.1  -23.8     20   1.00    240     17  316.6  320.1  316.8
  512.0   5657  -11.5  -14.3     80   2.48    241     21  316.8  325.2  317.3
  500.0   5840   -8.7  -38.7      7   0.27    242     22  322.4  323.4  322.4
  432.0   6966  -12.3  -42.3      6   0.21    244     27  331.5  332.4  331.6
  400.0   7550  -16.5  -46.5      6   0.15    245     30  333.5  334.1  333.5
  300.0   9640  -33.9  -63.9      3   0.02    249     41  337.5  337.6  337.5
  272.0  10318  -40.1  -70.1      3   0.01    251     45  338.1  338.1  338.1
  250.0  10890  -43.9                         252     48  340.7         340.7
  200.0  12350  -55.5                         255     57  344.7         344.7
  178.0  13086  -59.9                         265     55  349.2         349.2
  150.0  14150  -62.5                         280     51  362.2         362.2
  109.0  16054  -76.1                         275      8  371.2         371.2
  100.0  16550  -76.5                         250      5  379.7         379.7
   88.0  17284  -77.7                         269      5  391.4         391.4
   77.0  18057  -73.7                         290      6  414.9         414.9
   70.0  18610  -76.5                         304      6  420.4         420.4
   50.0  20600  -65.1                         355      7  489.7         489.7
   39.0  22156  -54.9                         350      9  551.5         551.5
   30.0  23850  -51.7                         345     12  603.1         603.1
   23.0  25589  -47.9                          67     12  661.8         661.8
   20.0  26510  -48.3                         110     12  687.6         687.6
   11.5  30198  -42.7                                     825.4         825.4


      Station information and sounding indices

                         Station identifier: TNCM
                             Station number: 78866
                           Observation time: 751222/1200
                           Station latitude: 18.05
                          Station longitude: -63.12
                          Station elevation: 3.0
                            Showalter index: 1.16
                               Lifted index: -0.07
    LIFT computed using virtual temperature: -0.67
                                SWEAT index: 192.52
                                    K index: 5.50
                         Cross totals index: 21.10
                      Vertical totals index: 23.10
                        Totals totals index: 44.20
      Convective Available Potential Energy: 95.59
             CAPE using virtual temperature: 146.41
                      Convective Inhibition: -128.53
             CINS using virtual temperature: -9.28
                           Equilibrum Level: 498.94
 Equilibrum Level using virtual temperature: 488.10
                   Level of Free Convection: 588.73
             LFCT using virtual temperature: 890.15
                     Bulk Richardson Number: 4.35
          Bulk Richardson Number using CAPV: 6.66
  Temp [K] of the Lifted Condensation Level: 289.73
Pres [hPa] of the Lifted Condensation Level: 911.78
   Equivalent potential temp [K] of the LCL: 335.86
     Mean mixed layer potential temperature: 297.49
              Mean mixed layer mixing ratio: 13.23
              1000 hPa to 500 hPa thickness: 5706.00
Precipitable water [mm] for entire sounding: 29.20


    78866 TNCM Juliana Airport Observations at 12Z 23 Dec 1975

-----------------------------------------------------------------------------
   PRES   HGHT   TEMP   DWPT   RELH   MIXR   DRCT   SKNT   THTA   THTE   THTV
    hPa     m      C      C      %    g/kg    deg   knot     K      K      K 
-----------------------------------------------------------------------------
 1015.0      3   26.4   21.4     74  16.09    115     15  298.3  345.2  301.1
 1000.0    134   24.4   19.4     74  14.39    115     15  297.6  339.4  300.1
  980.8    304   22.9   18.9     79  14.24    115     15  297.6  339.1  300.2
  968.0    419   21.8   18.6     82  14.13    115     15  297.7  338.9  300.2
  947.0    609   20.8   15.5     72  11.82    115     14  298.6  333.2  300.7
  914.3    914   19.2   10.5     57   8.80    105      9  299.9  326.1  301.5
  911.0    945   19.0   10.0     56   8.53    102      9  300.0  325.4  301.6
  882.3   1219   16.5    9.4     63   8.46     75      6  300.2  325.4  301.7
  850.0   1537   13.6    8.7     72   8.37     40      6  300.4  325.3  301.9
  834.0   1697   12.4   10.0     85   9.32     26      5  300.8  328.5  302.4
  821.2   1828   14.0    3.1     48   5.87     15      5  303.8  321.8  304.9
  818.0   1861   14.4    1.4     41   5.20      9      5  304.5  320.6  305.5
  792.0   2133   13.3    3.1     50   6.06    320      3  306.2  324.9  307.3
  772.0   2349   12.4    4.4     58   6.84    274      2  307.5  328.6  308.7
  763.8   2438   11.9    3.7     57   6.58    255      2  307.9  328.3  309.1
  736.3   2743   10.3    1.3     54   5.75    245      4  309.3  327.4  310.4
  700.0   3165    8.0   -2.0     49   4.74    245      6  311.3  326.5  312.2
  659.3   3657    5.2   -6.7     42   3.53    220      7  313.5  325.1  314.2
  637.0   3939    3.6   -9.4     38   2.96    213      8  314.8  324.6  315.4
  620.0   4159    1.6   -7.4     51   3.55    208      9  315.0  326.6  315.6
  611.7   4267    0.9   -8.3     50   3.36    205      9  315.4  326.4  316.0
  570.0   4833   -2.9  -12.9     46   2.50    200     10  317.3  325.8  317.8
  566.9   4876   -3.3  -12.3     50   2.64    200     10  317.4  326.3  317.9
  544.0   5201   -6.3   -7.6     90   3.99    220     13  317.6  330.7  318.3
  528.0   5435   -7.1  -16.1     49   2.07    234     15  319.3  326.4  319.7
  500.0   5860   -8.7  -27.7     20   0.79    260     19  322.4  325.3  322.5
  488.0   6048   -9.5  -39.5      7   0.26    262     21  323.6  324.6  323.7
  481.0   6160   -7.7  -37.7      7   0.31    263     22  327.2  328.4  327.2
  400.0   7560  -19.5  -49.5      5   0.10    275     38  329.6  330.0  329.6
  300.0   9640  -33.7  -63.7      3   0.02    240     54  337.8  337.9  337.8
  272.0  10319  -40.1  -70.1      3   0.01    245         338.1  338.1  338.1
  250.0  10890  -45.3                         250         338.6         338.6
  210.0  12029  -54.5                         250         341.5         341.5
  200.0  12340  -55.9                         250     52  344.1         344.1
  182.0  12932  -58.5                         250     66  349.3         349.3
  168.0  13435  -60.7                         256     51  353.7         353.7
  156.0  13891  -64.5                         262     37  354.8         354.8
  150.0  14130  -64.5                         265     29  358.8         358.8
  135.0  14772  -64.9                         251     28  369.0         369.0
  112.0  15884  -74.5                         225     26  371.3         371.3
  100.0  16540  -75.9                         210     25  380.8         380.8
   70.0  18620  -74.7                         160      9  424.2         424.2


      Station information and sounding indices

                         Station identifier: TNCM
                             Station number: 78866
                           Observation time: 751223/1200
                           Station latitude: 18.05
                          Station longitude: -63.12
                          Station elevation: 3.0
                            Showalter index: 4.94
                               Lifted index: -1.67
    LIFT computed using virtual temperature: -2.27
                                SWEAT index: 135.40
                                    K index: 21.00
                         Cross totals index: 17.40
                      Vertical totals index: 22.30
                        Totals totals index: 39.70
      Convective Available Potential Energy: 229.07
             CAPE using virtual temperature: 339.75
                      Convective Inhibition: -24.28
             CINS using virtual temperature: -8.56
                           Equilibrum Level: 319.89
 Equilibrum Level using virtual temperature: 320.50
                   Level of Free Convection: 879.25
             LFCT using virtual temperature: 899.75
                     Bulk Richardson Number: 8.93
          Bulk Richardson Number using CAPV: 13.24
  Temp [K] of the Lifted Condensation Level: 291.34
Pres [hPa] of the Lifted Condensation Level: 926.74
   Equivalent potential temp [K] of the LCL: 339.62
     Mean mixed layer potential temperature: 297.75
              Mean mixed layer mixing ratio: 14.41
              1000 hPa to 500 hPa thickness: 5726.00
Precipitable water [mm] for entire sounding: 35.05


    78866 TNCM Juliana Airport Observations at 12Z 26 Dec 1975

-----------------------------------------------------------------------------
   PRES   HGHT   TEMP   DWPT   RELH   MIXR   DRCT   SKNT   THTA   THTE   THTV
    hPa     m      C      C      %    g/kg    deg   knot     K      K      K 
-----------------------------------------------------------------------------
 1017.0      3   25.0   17.0     61  12.13     30     20  296.7  332.0  298.9
 1000.0    151   24.2   13.2     50   9.62     30     20  297.4  325.6  299.1
  982.4    304   22.8   12.5     52   9.37     30     20  297.5  325.0  299.2
  948.1    609   20.1   11.2     56   8.88     30     20  297.8  323.9  299.4
  915.1    914   17.4    9.9     61   8.41     35     21  298.0  322.9  299.6
  883.2   1219   14.7    8.5     66   7.96     40     22  298.3  321.9  299.7
  850.0   1549   11.8    7.1     73   7.50     55     19  298.5  320.8  299.8
  823.0   1819   10.0    5.2     72   6.78     70     14  299.4  319.6  300.6
  822.1   1828   10.0    4.6     69   6.52     70     14  299.4  319.0  300.6
  801.0   2045   10.0   -9.0     25   2.43     63     14  301.7  309.4  302.1
  792.5   2133   10.5  -10.6     22   2.16     60     14  303.1  310.1  303.5
  764.1   2438   12.2  -16.2     12   1.42     40     21  308.2  313.0  308.4
  758.0   2505   12.6  -17.4     11   1.29     38     21  309.3  313.7  309.5
  736.7   2743   11.5  -18.5     11   1.22     30     22  310.6  314.8  310.9
  700.0   3169    9.6  -20.4     10   1.08     25     19  313.1  316.9  313.3
  659.5   3657    7.2  -22.8     10   0.93     30     23  315.7  319.0  315.9
  619.0   4177    4.6  -25.4      9   0.79     22     29  318.6  321.4  318.7
  612.1   4267    3.8  -26.2      9   0.74     20     30  318.6  321.3  318.8
  567.3   4876   -1.9  -31.9      8   0.47      5     32  319.0  320.7  319.1
  558.0   5008   -3.1  -33.1      8   0.42      4     32  319.0  320.6  319.1
  542.0   5238   -2.9  -32.9      8   0.45      1     31  321.9  323.6  322.0
  500.0   5870   -7.7  -37.7      7   0.30    355     30  323.6  324.8  323.6
  485.4   6096   -9.4  -39.4      7   0.26    350     31  324.2  325.2  324.3
  400.0   7570  -20.7  -50.7      5   0.09    330     37  328.0  328.4  328.0
  397.3   7620  -21.1  -51.1      5   0.09    330     37  328.1  328.4  328.1
  378.0   7985  -24.3  -54.3      4   0.06    318     39  328.6  328.9  328.6
  333.0   8900  -28.5  -58.5      4   0.04    288     43  335.0  335.1  335.0
  321.8   9144  -30.1  -60.1      4   0.04    280     44  336.0  336.1  336.0
  300.0   9640  -33.5  -63.5      3   0.02    280     50  338.0  338.2  338.1
  267.0  10445  -40.1  -70.1      3   0.01    280     62  339.9  339.9  339.9
  258.3  10668  -41.7                         280     66  340.7         340.7
  250.0  10890  -43.3                         280     66  341.6         341.6
  212.0  11976  -53.5                         280     54  342.1         342.1
  205.0  12192  -54.4                         280     51  344.0         344.0
  200.0  12350  -55.1                         280     52  345.4         345.4
  186.2  12801  -58.6                         280     60  346.9         346.9
  169.0  13409  -63.3                         293     47  348.8         348.8
  160.8  13716  -64.6                         300     40  351.6         351.6
  150.0  14140  -66.3                         300     44  355.7         355.7
  141.0  14512  -68.3                         303     42  358.5         358.5
  127.0  15139  -68.3                         309     39  369.4         369.4
  124.8  15240  -68.7                         310     38  370.5         370.5
  106.9  16154  -72.5                         310     22  380.1         380.1
  100.0  16550  -74.1                         315     15  384.3         384.3
   96.4  16764  -74.9                         315     14  386.8         386.8
   89.0  17227  -76.7                         315     12  392.1         392.1
   81.0  17776  -72.9                         307     11  410.6         410.6
   70.0  18630  -75.3                         295     10  423.0         423.0
   55.0  20065  -63.9                         342      7  479.2         479.2
   50.0  20650  -62.9                         360      6  494.8         494.8
   30.0  23870  -53.3                         345     11  598.7         598.7
   23.0  25601  -48.3                          41      6  660.6         660.6
   20.0  26520  -49.3                          70      4  684.5         684.5
   14.0  28886  -43.7                                     776.9         776.9


      Station information and sounding indices

                         Station identifier: TNCM
                             Station number: 78866
                           Observation time: 751226/1200
                           Station latitude: 18.05
                          Station longitude: -63.12
                          Station elevation: 3.0
                            Showalter index: 8.36
                               Lifted index: 5.62
    LIFT computed using virtual temperature: 5.23
                                SWEAT index: 153.19
                                    K index: -3.40
                         Cross totals index: 14.80
                      Vertical totals index: 19.50
                        Totals totals index: 34.30
      Convective Available Potential Energy: 0.00
             CAPE using virtual temperature: 0.00
                      Convective Inhibition: 0.00
             CINS using virtual temperature: 0.00
                     Bulk Richardson Number: 0.00
          Bulk Richardson Number using CAPV: 0.00
  Temp [K] of the Lifted Condensation Level: 284.12
Pres [hPa] of the Lifted Condensation Level: 852.66
   Equivalent potential temp [K] of the LCL: 325.88
     Mean mixed layer potential temperature: 297.38
              Mean mixed layer mixing ratio: 9.79
              1000 hPa to 500 hPa thickness: 5719.00
Precipitable water [mm] for entire sounding: 21.09


    78866 TNCM Juliana Airport Observations at 12Z 27 Dec 1975

-----------------------------------------------------------------------------
   PRES   HGHT   TEMP   DWPT   RELH   MIXR   DRCT   SKNT   THTA   THTE   THTV
    hPa     m      C      C      %    g/kg    deg   knot     K      K      K 
-----------------------------------------------------------------------------
 1017.0      3   23.8   18.8     74  13.61     45     13  295.5  334.8  297.9
 1000.0    149   23.0   17.0     69  12.34     45     14  296.1  331.9  298.3
  982.2    304   21.5   16.4     73  12.08     45     15  296.2  331.2  298.4
  948.1    609   18.6   15.2     80  11.59     40     16  296.3  329.9  298.3
  915.2    914   15.8   14.0     89  11.12     35     22  296.3  328.6  298.3
  909.0    973   15.2   13.8     91  11.02     34     21  296.3  328.4  298.3
  882.9   1219   13.6   12.0     90  10.06     30     18  297.1  326.5  298.9
  850.0   1540   11.4    9.6     89   8.90     30     14  298.1  324.3  299.7
  821.3   1828    9.9    8.4     91   8.49     40     15  299.4  324.6  300.9
  798.0   2070    8.6    7.4     92   8.16     48     15  300.5  324.9  302.0
  791.9   2133    6.3   -5.8     42   3.16     50     15  298.8  308.5  299.3
  782.0   2237    2.6  -27.4      9   0.52     45     13  295.8  297.6  295.9
  763.2   2438    4.3  -25.7      9   0.62     35     10  299.7  301.9  299.9
  735.5   2743    6.9  -23.1     10   0.82     25     12  305.8  308.6  305.9
  700.0   3151   10.4  -19.6     10   1.16     10     14  314.0  318.0  314.2
  657.4   3657    7.3  -22.7     10   0.94     15     15  316.1  319.5  316.3
  609.4   4267    3.5  -26.5      9   0.73    355     17  318.7  321.4  318.9
  565.0   4876   -0.2  -30.2      8   0.55     30     18  321.3  323.3  321.4
  500.0   5860   -6.3  -36.3      7   0.35    350     26  325.3  326.6  325.4
  484.8   6096   -8.2  -38.2      7   0.29    330     33  325.8  326.9  325.9
  400.0   7560  -20.3  -50.3      5   0.10    340     39  328.5  328.9  328.5
  396.7   7620  -20.8  -50.8      5   0.09    340     39  328.7  329.1  328.7
  320.6   9144  -32.5  -62.5      3   0.03    335     31  333.1  333.3  333.1
  300.0   9620  -36.1  -66.1      3   0.02    325     47  334.4  334.5  334.4
  257.2  10668  -43.0                         315     47  339.2         339.2
  250.0  10860  -44.3                         295     49  340.1         340.1
  167.4  13411  -61.6                         315     37  352.6         352.6
  150.0  14110  -66.3                         310     28  355.7         355.7
  123.9  15240  -70.4                         320     25  368.1         368.1
  100.0  16510  -75.1                         345     27  382.4         382.4
   87.0  17312  -78.5                         345     29  391.1         391.1
   73.0  18332  -71.5                         345     27  425.9         425.9
   70.0  18580  -72.3                         345     26  429.4         429.4
   67.0  18837  -72.9                         346     24  433.5         433.5
   55.0  20023  -63.3                         349     17  480.6         480.6
   50.0  20610  -62.5                         350     14  495.8         495.8
   45.0  21264  -59.7                                     517.7         517.7


      Station information and sounding indices

                         Station identifier: TNCM
                             Station number: 78866
                           Observation time: 751227/1200
                           Station latitude: 18.05
                          Station longitude: -63.12
                          Station elevation: 3.0
                            Showalter index: 7.87
                               Lifted index: 4.20
    LIFT computed using virtual temperature: 3.70
                                SWEAT index: 169.20
                                    K index: -2.70
                         Cross totals index: 15.90
                      Vertical totals index: 17.70
                        Totals totals index: 33.60
      Convective Available Potential Energy: 124.46
             CAPE using virtual temperature: 170.20
                      Convective Inhibition: -2.91
             CINS using virtual temperature: -0.68
                           Equilibrum Level: 735.77
 Equilibrum Level using virtual temperature: 727.48
                   Level of Free Convection: 911.07
             LFCT using virtual temperature: 915.43
                     Bulk Richardson Number: 29.79
          Bulk Richardson Number using CAPV: 40.74
  Temp [K] of the Lifted Condensation Level: 288.74
Pres [hPa] of the Lifted Condensation Level: 915.83
   Equivalent potential temp [K] of the LCL: 331.72
     Mean mixed layer potential temperature: 296.09
              Mean mixed layer mixing ratio: 12.32
              1000 hPa to 500 hPa thickness: 5711.00
Precipitable water [mm] for entire sounding: 26.53


    78866 TNCM Juliana Airport Observations at 12Z 28 Dec 1975

-----------------------------------------------------------------------------
   PRES   HGHT   TEMP   DWPT   RELH   MIXR   DRCT   SKNT   THTA   THTE   THTV
    hPa     m      C      C      %    g/kg    deg   knot     K      K      K 
-----------------------------------------------------------------------------
 1016.0      3   24.2   19.3     74  14.07     10     15  296.0  336.7  298.5
 1000.0    139   22.6   15.6     65  11.26     15     13  295.8  328.4  297.8
  981.1    304   21.1   15.3     69  11.26     15     17  295.9  328.6  297.9
  947.2    609   18.4   14.7     79  11.25     10     15  296.1  328.8  298.1
  914.5    914   15.7   14.2     91  11.24      5     16  296.3  329.0  298.3
  904.0   1014   14.8   14.0     95  11.23      7     16  296.4  329.0  298.4
  882.4   1219   13.5   12.0     91  10.05     10     16  297.0  326.4  298.8
  850.0   1537   11.4    8.8     84   8.43     10     15  298.1  322.9  299.6
  820.9   1828    9.7    7.5     87   8.00     10     13  299.2  323.0  300.6
  820.0   1837    9.6    7.5     87   7.99     10     13  299.2  323.0  300.7
  791.5   2133   11.7  -11.2     19   2.06     10     15  304.5  311.2  304.9
  782.0   2233   12.4  -17.6     11   1.23     12     17  306.3  310.5  306.6
  763.0   2438   11.9  -18.1     11   1.21     15     20  307.9  312.0  308.1
  735.6   2743   11.1  -18.9     10   1.17      5     20  310.3  314.3  310.5
  700.0   3157   10.0  -20.0     10   1.12     15     20  313.5  317.4  313.7
  658.8   3657    7.6  -22.4     10   0.97     20     23  316.3  319.8  316.5
  626.0   4077    5.6  -24.4      9   0.85     20     24  318.7  321.8  318.8
  611.3   4267    4.2  -25.8      9   0.77     20     25  319.2  322.1  319.4
  566.4   4876   -0.2  -30.2      8   0.55     20     23  321.1  323.1  321.2
  500.0   5870   -7.5  -37.5      7   0.31     10     26  323.8  325.0  323.9
  485.6   6096   -8.1  -38.1      7   0.30    360     26  325.8  327.0  325.9
  476.0   6252   -8.5  -38.5      7   0.29    359     26  327.2  328.3  327.2
  400.0   7570  -19.9  -49.9      5   0.10    355     23  329.0  329.5  329.1
  397.2   7620  -20.3  -50.3      5   0.10    355     23  329.2  329.6  329.2
  321.4   9144  -31.8  -61.8      3   0.03    340     35  333.9  334.0  333.9
  300.0   9640  -35.5  -65.5      3   0.02    340     39  335.2  335.3  335.2
  282.3  10058  -38.5  -68.5      3   0.01    330     44  336.8  336.9  336.8
  273.0  10288  -40.1  -70.1      3   0.01    329     42  337.7  337.8  337.7
  250.0  10880  -44.9                         328     37  339.2         339.2
  220.0  11725  -52.5                         326     29  340.1         340.1
  200.0  12340  -55.3                         324     24  345.0         345.0
  152.7  14020  -63.8                         320      8  358.2         358.2
  150.0  14130  -64.3                         320      8  359.1         359.1
  124.5  15240  -69.0                         345     23  370.2         370.2
  100.0  16550  -74.5                         350     32  383.5         383.5
   96.4  16764  -75.5                         350     33  385.6         385.6
   83.0  17634  -79.7                                     393.9         393.9
   70.0  18632  -72.0                                     430.0         430.0
   62.0  19350  -73.3                                     442.3         442.3
   60.0  19545  -69.1                                     455.9         455.9
   55.0  20070  -68.5                                     468.7         468.7
   52.0  20416  -60.1                                     495.8         495.8
   50.0  20662  -60.6                                     500.2         500.2
   48.0  20916  -61.3                                     504.4         504.4
   37.0  22542  -58.1                                     551.6         551.6
   25.0  25065  -48.5                                     644.5         644.5


      Station information and sounding indices

                         Station identifier: TNCM
                             Station number: 78866
                           Observation time: 751228/1200
                           Station latitude: 18.05
                          Station longitude: -63.12
                          Station elevation: 3.0
                            Showalter index: 7.38
                               Lifted index: 4.04
    LIFT computed using virtual temperature: 3.58
                                SWEAT index: 161.58
                                    K index: -2.30
                         Cross totals index: 16.30
                      Vertical totals index: 18.90
                        Totals totals index: 35.20
      Convective Available Potential Energy: 12.66
             CAPE using virtual temperature: 21.90
                      Convective Inhibition: -6.69
             CINS using virtual temperature: -5.03
                           Equilibrum Level: 811.97
 Equilibrum Level using virtual temperature: 805.67
                   Level of Free Convection: 883.84
             LFCT using virtual temperature: 891.30
                     Bulk Richardson Number: 6.14
          Bulk Richardson Number using CAPV: 10.62
  Temp [K] of the Lifted Condensation Level: 287.69
Pres [hPa] of the Lifted Condensation Level: 906.47
   Equivalent potential temp [K] of the LCL: 329.52
     Mean mixed layer potential temperature: 295.89
              Mean mixed layer mixing ratio: 11.65
              1000 hPa to 500 hPa thickness: 5731.00
Precipitable water [mm] for entire sounding: 25.34


    78866 TNCM Juliana Airport Observations at 12Z 29 Dec 1975

-----------------------------------------------------------------------------
   PRES   HGHT   TEMP   DWPT   RELH   MIXR   DRCT   SKNT   THTA   THTE   THTV
    hPa     m      C      C      %    g/kg    deg   knot     K      K      K 
-----------------------------------------------------------------------------
 1015.0      3   24.2   19.5     75  14.26    360     17  296.1  337.4  298.6
 1000.0    133   22.8   16.8     69  12.18    360     17  295.9  331.2  298.1
  980.2    304   21.4   15.9     71  11.75    360     18  296.3  330.4  298.4
  945.8    609   19.0   14.4     75  11.02      5     18  296.8  328.9  298.8
  912.7    914   16.5   12.9     79  10.32     10     18  297.3  327.5  299.2
  880.7   1219   14.0   11.3     84   9.65     15     17  297.8  326.1  299.5
  850.0   1522   11.6    9.8     89   9.02     30     14  298.3  324.9  299.9
  832.0   1701   10.6    9.2     91   8.85     33     15  299.1  325.2  300.6
  819.5   1828   14.1   -1.4     35   4.25     35     15  304.0  317.3  304.8
  819.0   1833   14.2   -1.8     33   4.11     35     15  304.2  317.1  305.0
  790.5   2133   15.0  -10.2     17   2.23     30     23  308.2  315.5  308.6
  776.0   2289   15.4  -14.6     11   1.60     30     24  310.2  315.6  310.5
  762.4   2438   14.6  -15.4     11   1.52     30     24  310.9  316.1  311.2
  735.1   2743   12.9  -17.1     11   1.37     25     19  312.3  317.0  312.6
  700.0   3154   10.6  -19.4     10   1.18     20     23  314.2  318.3  314.4
  657.9   3657    7.6  -22.4     10   0.97     20     27  316.4  319.8  316.6
  610.1   4267    3.9  -26.1      9   0.75     30     31  319.0  321.7  319.2
  566.0   4876    0.2  -29.8      8   0.57     15     23  321.6  323.7  321.7
  500.0   5880   -5.9  -35.9      7   0.36    335     18  325.8  327.2  325.9
  486.1   6096   -7.3  -37.3      7   0.32     25     19  326.7  328.0  326.8
  400.0   7590  -16.9  -46.9      6   0.14    330     20  332.9  333.5  333.0
  398.4   7620  -17.1  -46.9      6   0.14    330     20  333.0  333.6  333.0
  323.0   9144  -29.7  -48.5     14   0.14    330     36  336.2  336.9  336.3
  300.0   9680  -34.1  -49.1     20   0.15    325     34  337.2  337.8  337.2
  259.7  10668  -41.7                         300     39  340.2         340.2
  250.0  10930  -43.7                         300     37  341.0         341.0
  200.0  12390  -56.5                         310     58  343.1         343.1
  196.6  12496  -56.9                         315     58  344.1         344.1
  161.6  13716  -61.8                         305     28  355.7         355.7
  150.0  14180  -63.7                         315     30  360.1         360.1
  125.3  15240  -69.9                         355     26  367.9         367.9
  107.3  16154  -75.3                          25     28  374.4         374.4
  100.0  16570  -77.7                          30     28  377.4         377.4
   78.0  17992  -77.5                          23     16  405.5         405.5
   70.0  18620  -72.5                          20     11  428.9         428.9
   58.0  19744  -65.7                         344      8  468.0         468.0
   50.0  20650  -63.5                         315      5  493.4         493.4
   36.0  22702  -56.5                         315      6  560.1         560.1
   34.0  23064  -57.9                         315      7  565.6         565.6
   30.0  23860  -54.5                         315      7  595.5         595.5
   24.0  25310  -47.7                                     654.4         654.4


      Station information and sounding indices

                         Station identifier: TNCM
                             Station number: 78866
                           Observation time: 751229/1200
                           Station latitude: 18.05
                          Station longitude: -63.12
                          Station elevation: 3.0
                            Showalter index: 7.97
                               Lifted index: 4.83
    LIFT computed using virtual temperature: 4.35
                                SWEAT index: 163.62
                                    K index: -2.70
                         Cross totals index: 15.70
                      Vertical totals index: 17.50
                        Totals totals index: 33.20
      Convective Available Potential Energy: 11.12
             CAPE using virtual temperature: 16.91
                      Convective Inhibition: -17.01
             CINS using virtual temperature: -10.85
                           Equilibrum Level: 828.62
 Equilibrum Level using virtual temperature: 826.81
                   Level of Free Convection: 877.24
             LFCT using virtual temperature: 886.48
                     Bulk Richardson Number: 2.25
          Bulk Richardson Number using CAPV: 3.42
  Temp [K] of the Lifted Condensation Level: 288.36
Pres [hPa] of the Lifted Condensation Level: 910.38
   Equivalent potential temp [K] of the LCL: 331.21
     Mean mixed layer potential temperature: 296.21
              Mean mixed layer mixing ratio: 12.11
              1000 hPa to 500 hPa thickness: 5747.00
Precipitable water [mm] for entire sounding: 24.88


    78866 TNCM Juliana Airport Observations at 12Z 31 Dec 1975

-----------------------------------------------------------------------------
   PRES   HGHT   TEMP   DWPT   RELH   MIXR   DRCT   SKNT   THTA   THTE   THTV
    hPa     m      C      C      %    g/kg    deg   knot     K      K      K 
-----------------------------------------------------------------------------
 1015.0      3   27.4   25.1     87  20.25     10     20  299.3  358.7  302.9
 1000.0    137   27.4   17.4     54  12.66     10     20  300.6  338.0  302.8
  936.0    720   22.4   17.4     73  13.54      4     13  301.2  341.2  303.6
  913.0    936   20.6   11.6     56   9.48      2     10  301.5  329.8  303.2
  850.0   1552   17.0    8.0     55   7.98    355      3  303.9  328.1  305.4
  805.0   2014   14.0    5.0     55   6.84      6      7  305.5  326.5  306.8
  784.0   2237   14.4  -15.6     11   1.46     12      9  308.2  313.2  308.5
  773.0   2356   16.4  -13.6     12   1.74     15     10  311.6  317.5  312.0
  700.0   3194   13.4  -16.6     11   1.50     35     17  317.3  322.5  317.6
  500.0   5950   -1.9  -31.9      8   0.53    345     30  330.7  332.7  330.8
  475.0   6355   -4.1  -34.1      8   0.45                332.8  334.6  332.9
  269.0  10530  -40.1  -70.1      3   0.01                339.1  339.2  339.1
  250.0  11025  -43.9                                     340.7         340.7
  162.0  13829  -60.5                                     357.7         357.7
  158.0  13984  -60.3                                     360.6         360.6
  115.0  15910  -71.3                                     374.5         374.5
  109.0  16227  -71.1                                     380.6         380.6
   75.0  18403  -77.1                         350     11  410.9         410.9
   70.0  18800  -75.7                         345      9  422.1         422.1
   54.0  20354  -62.3                         326     17  485.4         485.4
   50.0  20830  -62.3                         320     19  496.2         496.2
   45.0  21481  -62.3                         324     16  511.4         511.4
   41.0  22065  -55.3                         328     13  542.6         542.6
   30.0  24060  -55.1                         340      3  593.8         593.8
   22.0  26089  -44.3                                     681.0         681.0


      Station information and sounding indices

                         Station identifier: TNCM
                             Station number: 78866
                           Observation time: 751231/1200
                           Station latitude: 18.05
                          Station longitude: -63.12
                          Station elevation: 3.0
                            Showalter index: 10.33
                               Lifted index: 4.60
    LIFT computed using virtual temperature: 3.92
                                SWEAT index: 131.98
                                    K index: -3.10
                         Cross totals index: 9.90
                      Vertical totals index: 18.90
                        Totals totals index: 28.80
      Convective Available Potential Energy: 0.00
             CAPE using virtual temperature: 0.65
                      Convective Inhibition: 0.00
             CINS using virtual temperature: -30.60
 Equilibrum Level using virtual temperature: 267.50
             LFCT using virtual temperature: 812.30
                     Bulk Richardson Number: 0.00
          Bulk Richardson Number using CAPV: 0.41
  Temp [K] of the Lifted Condensation Level: 289.77
Pres [hPa] of the Lifted Condensation Level: 880.35
   Equivalent potential temp [K] of the LCL: 340.88
     Mean mixed layer potential temperature: 300.53
              Mean mixed layer mixing ratio: 13.88
              1000 hPa to 500 hPa thickness: 5813.00
Precipitable water [mm] for entire sounding: 27.73

Description of the data columns
<http://weather.uwyo.edu/upperair/columns.html> or sounding indices
<http://weather.uwyo.edu/upperair/indices.html>.

------------------------------------------------------------------------
/Interested in graduate studies in atmospheric science? Check out our
program at the University of Wyoming
<http://www.uwyo.edu/atsc/howtoapply/>/
------------------------------------------------------------------------
Questions about the weather data provided by this site can be addressed
to Larry Oolman (ldoolman@uwyo.edu) <mailto:ldoolman@uwyo.edu>
------------------------------------------------------------------------
