
    78866 TNCM Juliana Airport Observations at 12Z 01 May 1974

-----------------------------------------------------------------------------
   PRES   HGHT   TEMP   DWPT   RELH   MIXR   DRCT   SKNT   THTA   THTE   THTV
    hPa     m      C      C      %    g/kg    deg   knot     K      K      K 
-----------------------------------------------------------------------------
 1017.0      4   25.4   17.4     61  12.44     30      8  297.1  333.4  299.3
 1000.0    153   22.6   14.6     61  10.55     25      8  295.8  326.4  297.6
  926.0    817   16.0   11.9     77   9.53    326     11  295.6  323.3  297.3
  908.0    984   15.4    4.4     48   5.81    311     12  296.6  313.9  297.7
  866.0   1385   13.2    6.2     63   6.91    274     14  298.4  318.9  299.6
  850.0   1542   13.4    0.4     41   4.66    260     15  300.2  314.4  301.0
  839.0   1648   13.4   -1.6     35   4.07    259     15  301.3  313.9  302.0
  793.0   2104   10.6    4.6     66   6.75    253     16  303.2  323.7  304.4
  778.0   2258   11.8  -18.2     11   1.18    251     17  306.1  310.1  306.4
  700.0   3105    8.2  -21.8     10   0.96    240     19  311.5  314.9  311.7
  622.0   4085    0.0  -30.0      8   0.51    252     23  312.8  314.7  312.9
  593.0   4476    1.8  -28.2      9   0.64    257     25  319.2  321.6  319.4
  559.0   4960    0.3  -29.7      8   0.59    263     27  322.9  325.1  323.0
  500.0   5860   -7.3  -37.3      7   0.31    275     31  324.1  325.3  324.1
  400.0   7560  -16.7  -46.7      6   0.14    260     33  333.2  333.8  333.2
  352.0   8508  -24.5  -54.5      4   0.07    260     38  335.1  335.4  335.1
  333.0   8913  -25.7  -55.7      4   0.06    260     41  338.8  339.1  338.8
  300.0   9660  -33.1  -63.1      3   0.03    260     45  338.6  338.7  338.6
  273.0  10314  -37.5  -67.5      3   0.02    275     68  341.5  341.6  341.5
  258.0  10706  -40.1  -70.1      3   0.01    272     63  343.2  343.3  343.2
  250.0  10920  -41.7                         270     60  343.9         343.9
  200.0  12390  -53.7                         255     60  347.6         347.6
  150.0  14180  -68.7                         260     60  351.6         351.6
  141.0  14548  -72.1                         261     57  351.9         351.9
  134.0  14849  -70.7                         261     54  359.5         359.5
  122.0  15402  -73.9                         263     50  363.4         363.4
  106.0  16222  -74.3                         264     43  377.6         377.6
  100.0  16560  -76.7                         265     40  379.3         379.3


      Station information and sounding indices

                         Station identifier: TNCM
                             Station number: 78866
                           Observation time: 740501/1200
                           Station latitude: 18.03
                          Station longitude: -63.11
                          Station elevation: 4.0
                            Showalter index: 12.37
                               Lifted index: 5.61
    LIFT computed using virtual temperature: 5.21
                                SWEAT index: 65.79
                                    K index: -8.90
                         Cross totals index: 7.70
                      Vertical totals index: 20.70
                        Totals totals index: 28.40
      Convective Available Potential Energy: 0.00
             CAPE using virtual temperature: 0.00
                      Convective Inhibition: 0.00
             CINS using virtual temperature: 0.00
                     Bulk Richardson Number: 0.00
          Bulk Richardson Number using CAPV: 0.00
  Temp [K] of the Lifted Condensation Level: 286.00
Pres [hPa] of the Lifted Condensation Level: 887.60
   Equivalent potential temp [K] of the LCL: 326.71
     Mean mixed layer potential temperature: 295.93
              Mean mixed layer mixing ratio: 10.64
              1000 hPa to 500 hPa thickness: 5707.00
Precipitable water [mm] for entire sounding: 20.69


    78866 TNCM Juliana Airport Observations at 12Z 02 May 1974

-----------------------------------------------------------------------------
   PRES   HGHT   TEMP   DWPT   RELH   MIXR   DRCT   SKNT   THTA   THTE   THTV
    hPa     m      C      C      %    g/kg    deg   knot     K      K      K 
-----------------------------------------------------------------------------
 1017.0      4   25.0   17.0     61  12.13    335     12  296.7  332.0  298.9
 1000.0    150   23.0   16.0     65  11.56    335     12  296.1  329.7  298.2
  982.2    304   21.7   15.3     67  11.22    335     12  296.4  329.0  298.4
  948.0    609   19.2   13.8     71  10.56    340      9  296.8  327.6  298.7
  915.0    914   16.7   12.3     76   9.93    330      7  297.3  326.4  299.1
  883.1   1219   14.2   10.9     81   9.33    345      4  297.7  325.1  299.4
  869.0   1357   13.0   10.2     83   9.07    351      6  297.9  324.5  299.5
  850.0   1544   14.0   -6.0     24   2.89    360      8  300.8  309.9  301.3
  821.8   1828   12.8   -4.3     30   3.40    350      8  302.5  313.2  303.1
  811.0   1939   12.4   -3.6     33   3.63    350      8  303.2  314.5  303.8
  795.0   2106   13.4  -16.6     11   1.32    349      7  306.0  310.4  306.2
  700.0   3168    9.4  -20.6     10   1.07    345      5  312.9  316.6  313.1
  658.8   3657    6.5  -23.5     10   0.88    350      8  315.1  318.2  315.3
  610.8   4267    3.0  -27.0      9   0.69    270     11  317.9  320.4  318.0
  566.3   4876   -0.6  -30.6      8   0.53    290     11  320.6  322.6  320.7
  500.0   5880   -6.5  -36.5      7   0.34    265     11  325.1  326.4  325.1
  486.0   6096   -7.9  -37.9      7   0.30    255     11  326.0  327.2  326.1
  400.0   7580  -17.3  -47.3      5   0.13    270     24  332.4  333.0  332.4
  397.8   7620  -17.6  -47.6      5   0.13    270     24  332.5  333.1  332.5
  322.5   9144  -30.2  -60.2      4   0.04    260     42  335.7  335.9  335.7
  300.0   9670  -34.5  -64.5      3   0.02    250     44  336.6  336.7  336.6
  288.0   9953  -37.1  -67.1      3   0.02    256     47  336.9  336.9  336.9
  276.0  10246  -37.5  -67.5      3   0.02    261     51  340.4  340.5  340.4
  259.4  10668  -40.8                         270     56  341.7         341.7
  250.0  10920  -42.7                         270     52  342.4         342.4
  200.0  12390  -54.9                         250     60  345.7         345.7
  196.6  12496  -55.8                         255     67  345.9         345.9
  190.0  12707  -57.6                         265     78  346.4         346.4
  187.2  12801  -58.4                         265     78  346.6         346.6
  178.2  13106  -61.0                         260     62  347.3         347.3
  169.6  13411  -63.6                         250     45  347.9         347.9
  153.7  14020  -68.8                         250     35  348.9         348.9
  150.0  14170  -70.1                         255     41  349.1         349.1
  146.1  14325  -70.7                         255     44  350.7         350.7
  136.0  14749  -72.5                         255     45  354.8         354.8
  126.0  15200  -70.5                         255     47  366.3         366.3
  125.1  15240  -70.7                         255     47  366.6         366.6
  107.0  16154  -74.7                         280     38  375.7         375.7
  100.0  16550  -76.5                         290     36  379.7         379.7
   89.0  17220  -77.7                         300     38  390.1         390.1
   81.0  17760  -77.5                         314     34  401.2         401.2
   78.0  17983  -75.9                         320     32  408.9         408.9
   70.0  18610  -71.5                         320     18  431.1         431.1
   57.0  19842  -65.1                          33     12  471.7         471.7
   50.0  20640  -65.1                          80      8  489.7         489.7
   48.0  20891  -60.7                          81      9  505.9         505.9
   30.0  23890  -50.1                          90     20  607.5         607.5
   25.0  25081  -51.1                          88     18  637.1         637.1
   20.0  26550  -46.9                          85     15  691.8         691.8
   14.0  28942  -41.1                                     785.7         785.7


      Station information and sounding indices

                         Station identifier: TNCM
                             Station number: 78866
                           Observation time: 740502/1200
                           Station latitude: 18.03
                          Station longitude: -63.11
                          Station elevation: 4.0
                            Showalter index: 15.94
                               Lifted index: 5.09
    LIFT computed using virtual temperature: 4.64
                                SWEAT index: 27.00
                                    K index: -15.50
                         Cross totals index: 0.50
                      Vertical totals index: 20.50
                        Totals totals index: 21.00
      Convective Available Potential Energy: 0.00
             CAPE using virtual temperature: 0.03
                      Convective Inhibition: 0.00
             CINS using virtual temperature: -12.60
 Equilibrum Level using virtual temperature: 865.46
             LFCT using virtual temperature: 873.47
                     Bulk Richardson Number: 0.00
          Bulk Richardson Number using CAPV: 0.01
  Temp [K] of the Lifted Condensation Level: 287.16
Pres [hPa] of the Lifted Condensation Level: 894.91
   Equivalent potential temp [K] of the LCL: 329.40
     Mean mixed layer potential temperature: 296.42
              Mean mixed layer mixing ratio: 11.37
              1000 hPa to 500 hPa thickness: 5730.00
Precipitable water [mm] for entire sounding: 21.51


    78866 TNCM Juliana Airport Observations at 12Z 03 May 1974

-----------------------------------------------------------------------------
   PRES   HGHT   TEMP   DWPT   RELH   MIXR   DRCT   SKNT   THTA   THTE   THTV
    hPa     m      C      C      %    g/kg    deg   knot     K      K      K 
-----------------------------------------------------------------------------
 1017.0      4   26.0   19.0     65  13.79     25      9  297.7  337.9  300.2
 1000.0    154   23.6   16.6     65  12.02     30      9  296.8  331.7  298.9
  982.8    304   22.6   15.9     66  11.73     35      8  297.2  331.4  299.3
  948.6    609   20.4   14.6     69  11.14     40      7  298.0  330.7  300.0
  915.6    914   18.3   13.3     73  10.58     35      5  298.9  330.0  300.8
  883.8   1219   16.1   12.0     76  10.04     60      3  299.7  329.4  301.5
  850.0   1555   13.8   10.5     80   9.46     70      4  300.6  328.7  302.3
  837.0   1685   14.0    1.0     41   4.94     65      5  302.1  317.3  303.0
  823.0   1828   15.4   -0.9     33   4.38     60      7  305.1  318.8  305.9
  812.0   1942   16.6   -2.4     27   3.97     58      9  307.5  320.1  308.2
  793.8   2133   15.3   -3.7     27   3.68     55     13  308.1  319.9  308.8
  765.4   2438   13.2   -5.8     26   3.27     50     14  309.1  319.7  309.8
  738.1   2743   11.2   -7.8     26   2.89     50     14  310.1  319.6  310.7
  700.0   3187    8.2  -10.8     25   2.41     60     12  311.5  319.5  312.0
  660.8   3657    4.8  -14.7     23   1.86     50     11  312.9  319.1  313.2
  626.0   4097    1.6  -18.4     21   1.44     57      8  314.1  319.1  314.4
  612.8   4267    1.0  -20.7     18   1.21     60      7  315.3  319.6  315.6
  567.9   4876   -1.1  -28.9     10   0.62    160      5  319.8  322.1  319.9
  552.0   5102   -1.9  -31.9      8   0.48    182      5  321.4  323.3  321.5
  500.0   5880   -7.3  -37.3      7   0.31    260      3  324.1  325.3  324.1
  486.0   6096   -8.9  -38.9      7   0.27    320      5  324.8  325.9  324.8
  400.0   7580  -19.7  -49.7      5   0.10    330     15  329.3  329.7  329.3
  397.8   7620  -20.0  -50.0      5   0.10    330     15  329.5  329.9  329.5
  338.0   8807  -27.7  -57.7      4   0.05    336     18  334.6  334.8  334.6
  300.0   9650  -34.9  -64.9      3   0.02    340     20  336.1  336.2  336.1
  275.0  10253  -40.1  -70.1      3   0.01    338     23  337.0  337.1  337.0
  250.0  10900  -44.5                         335     27  339.8         339.8
  207.0  12139  -54.7                         297     27  342.6         342.6
  205.3  12192  -54.8                         295     27  343.3         343.3
  200.0  12360  -54.9                         285     31  345.7         345.7
  181.0  12988  -60.7                         285     43  346.2         346.2
  168.9  13411  -62.5                         285     51  350.1         350.1
  150.0  14140  -65.7                         285     40  356.7         356.7
  124.7  15240  -72.8                         290     33  363.1         363.1
  122.0  15371  -73.7                         289     32  363.8         363.8
  111.0  15921  -75.1                         285     29  371.1         371.1
  109.0  16027  -73.5                         283     29  376.1         376.1
  106.7  16154  -73.7                         280     28  378.1         378.1
  100.0  16530  -74.1                         290     28  384.3         384.3
   70.0  18610  -75.3                         345      7  423.0         423.0
   61.0  19424  -66.3                          12      8  459.9         459.9
   50.0  20640  -61.7                          50     10  497.7         497.7
   30.0  23880  -51.7                          75     18  603.1         603.1
   24.0  25328  -51.5                          72     18  643.4         643.4
   20.0  26520  -48.5                          70     18  687.0         687.0
   15.0  28429  -44.5                                     759.1         759.1


      Station information and sounding indices

                         Station identifier: TNCM
                             Station number: 78866
                           Observation time: 740503/1200
                           Station latitude: 18.03
                          Station longitude: -63.11
                          Station elevation: 4.0
                            Showalter index: 4.65
                               Lifted index: 2.96
    LIFT computed using virtual temperature: 2.45
                                SWEAT index: 136.99
                                    K index: 12.60
                         Cross totals index: 17.80
                      Vertical totals index: 21.10
                        Totals totals index: 38.90
      Convective Available Potential Energy: 0.00
             CAPE using virtual temperature: 0.00
                      Convective Inhibition: 0.00
             CINS using virtual temperature: 0.00
                     Bulk Richardson Number: 0.00
          Bulk Richardson Number using CAPV: 0.00
  Temp [K] of the Lifted Condensation Level: 288.03
Pres [hPa] of the Lifted Condensation Level: 895.86
   Equivalent potential temp [K] of the LCL: 332.22
     Mean mixed layer potential temperature: 297.24
              Mean mixed layer mixing ratio: 12.05
              1000 hPa to 500 hPa thickness: 5726.00
Precipitable water [mm] for entire sounding: 26.97


    78866 TNCM Juliana Airport Observations at 12Z 04 May 1974

-----------------------------------------------------------------------------
   PRES   HGHT   TEMP   DWPT   RELH   MIXR   DRCT   SKNT   THTA   THTE   THTV
    hPa     m      C      C      %    g/kg    deg   knot     K      K      K 
-----------------------------------------------------------------------------
 1017.0      4   25.0   19.0     69  13.79     80      2  296.7  336.7  299.2
 1000.0    150   24.0   19.0     74  14.03     80      2  297.1  337.9  299.6
  982.5    304   22.6   18.3     77  13.68     85      4  297.2  337.0  299.6
  959.0    516   20.6   17.4     82  13.21     92      4  297.3  335.7  299.6
  948.7    609   20.0   16.1     78  12.25     95      4  297.6  333.3  299.8
  921.0    865   18.4   12.4     68   9.91     87      6  298.5  327.7  300.3
  915.7    914   17.9   12.4     70   9.94     85      6  298.5  327.8  300.3
  883.5   1219   15.0   12.1     83  10.14     75      6  298.5  328.4  300.3
  856.0   1489   12.4   11.9     97  10.32     63      7  298.5  328.9  300.4
  850.0   1548   15.0    4.0     48   6.03     60      7  301.9  320.2  302.9
  838.0   1669   16.4   -3.6     25   3.51     54      7  304.6  315.6  305.2
  822.1   1828   15.4   -5.7     23   3.06     45      8  305.1  314.9  305.7
  792.7   2133   13.4   -9.7     19   2.33     35     10  306.2  313.8  306.7
  764.2   2438   11.5  -13.6     16   1.75     40     10  307.4  313.2  307.7
  736.8   2743    9.5  -17.6     13   1.31     35      8  308.5  312.9  308.7
  700.0   3171    6.8  -23.2     10   0.85     15      4  310.0  312.9  310.1
  670.0   3530    4.4  -25.6      9   0.71    331      4  311.2  313.7  311.3
  659.4   3657    3.8  -26.2      9   0.69    315      4  311.9  314.4  312.1
  611.0   4267    1.0  -29.0      9   0.57    210      3  315.6  317.6  315.7
  566.2   4876   -1.9  -31.9      8   0.47    205      2  319.1  320.9  319.2
  500.0   5870   -6.5  -36.5      7   0.34    320      3  325.1  326.4  325.1
  485.5   6096   -8.1  -38.1      7   0.30    270      3  325.9  327.1  325.9
  400.0   7580  -18.3  -48.3      5   0.12    230      6  331.1  331.6  331.1
  397.8   7620  -18.6  -48.6      5   0.12    330      5  331.2  331.7  331.3
  322.2   9144  -30.0  -60.0      4   0.04    260     14  336.0  336.2  336.0
  300.0   9660  -33.9  -63.9      3   0.02    270     18  337.5  337.6  337.5
  259.3  10668  -42.1                         290     23  339.8         339.8
  250.0  10920  -44.1                         290     24  340.4         340.4
  200.0  12380  -55.9                         275     37  344.1         344.1
  169.1  13411  -62.1                         280     30  350.7         350.7
  150.0  14150  -66.5                         270     37  355.3         355.3
  124.8  15240  -70.0                         275     32  368.1         368.1
  106.9  16154  -73.0                         290     23  379.1         379.1
  101.5  16459  -74.0                         310     27  382.8         382.8
  100.0  16550  -74.3                         300     30  383.9         383.9
   95.0  16847  -76.5                         290     26  385.3         385.3
   86.8  17373  -75.0                         310     17  398.4         398.4
   70.0  18630  -71.3                         300     19  431.5         431.5
   65.0  19067  -72.5                         324     18  438.1         438.1
   50.0  20650  -61.9                          50     13  497.2         497.2
   43.0  21596  -56.5                          63     17  532.4         532.4
   39.0  22216  -56.5                          72     19  547.4         547.4
   35.0  22912  -51.5                          81     22  577.6         577.6
   30.0  23910  -53.1                          95     26  599.3         599.3
   26.0  24834  -51.9                          95     27  627.7         627.7
   21.0  26244  -44.1                          95     29  690.7         690.7
   20.0  26570  -45.5                          95     29  696.1         696.1
   18.0  27271  -46.5                                     714.2         714.2
   11.5  30294  -40.5                                     833.3         833.3


      Station information and sounding indices

                         Station identifier: TNCM
                             Station number: 78866
                           Observation time: 740504/1200
                           Station latitude: 18.03
                          Station longitude: -63.11
                          Station elevation: 4.0
                            Showalter index: 9.87
                               Lifted index: 1.67
    LIFT computed using virtual temperature: 1.06
                                SWEAT index: 64.98
                                    K index: -4.50
                         Cross totals index: 10.50
                      Vertical totals index: 21.50
                        Totals totals index: 32.00
      Convective Available Potential Energy: 20.89
             CAPE using virtual temperature: 104.58
                      Convective Inhibition: -12.80
             CINS using virtual temperature: -5.03
                           Equilibrum Level: 619.97
 Equilibrum Level using virtual temperature: 552.38
                   Level of Free Convection: 897.43
             LFCT using virtual temperature: 909.52
                     Bulk Richardson Number: 36.55
          Bulk Richardson Number using CAPV: 182.99
  Temp [K] of the Lifted Condensation Level: 290.54
Pres [hPa] of the Lifted Condensation Level: 924.63
   Equivalent potential temp [K] of the LCL: 336.92
     Mean mixed layer potential temperature: 297.13
              Mean mixed layer mixing ratio: 13.71
              1000 hPa to 500 hPa thickness: 5720.00
Precipitable water [mm] for entire sounding: 24.56


    78866 TNCM Juliana Airport Observations at 12Z 23 May 1974

-----------------------------------------------------------------------------
   PRES   HGHT   TEMP   DWPT   RELH   MIXR   DRCT   SKNT   THTA   THTE   THTV
    hPa     m      C      C      %    g/kg    deg   knot     K      K      K 
-----------------------------------------------------------------------------
 1016.0      4   26.4   21.4     74  16.07     85      9  298.2  345.1  301.1
 1000.0    141   25.0   20.0     74  14.95     85     10  298.1  341.8  300.8
  981.4    304   23.4   19.3     77  14.53     85     11  298.2  340.6  300.8
  947.6    609   20.5   17.9     85  13.78     80     14  298.2  338.4  300.7
  915.0    914   17.6   16.5     93  13.05     85     13  298.2  336.3  300.5
  911.0    952   17.2   16.3     94  12.96     86     13  298.2  336.0  300.5
  882.9   1219   16.0   14.9     93  12.21     95     11  299.6  335.6  301.9
  850.0   1543   14.6   13.2     91  11.34     95     13  301.4  335.1  303.5
  840.0   1643   13.6   12.5     93  10.95     99     12  301.4  333.9  303.4
  821.8   1828   13.0    9.6     80   9.20    105      9  302.6  330.2  304.3
  794.0   2118   12.0    5.0     62   6.93    115      8  304.6  325.8  305.9
  792.6   2133   11.9    5.2     64   7.05    115      8  304.6  326.1  305.9
  783.0   2235   11.2    6.6     73   7.87    122      8  304.9  328.9  306.4
  764.1   2438   10.7    0.8     51   5.33    135      7  306.5  323.1  307.5
  736.7   2743    9.8   -7.9     28   2.88    140      6  308.8  318.1  309.3
  729.0   2830    9.6  -10.4     23   2.39    161      6  309.5  317.3  309.9
  700.0   3166    7.4   -9.6     29   2.65    240      4  310.6  319.4  311.1
  658.6   3657    3.2  -11.5     33   2.42    215      7  311.3  319.4  311.8
  610.5   4267   -2.1  -13.9     40   2.16    205     12  312.1  319.3  312.5
  583.0   4638   -5.3  -15.3     45   2.01    205     12  312.5  319.2  312.9
  565.6   4876   -6.5  -35.8      8   0.32    205     12  313.9  315.1  313.9
  565.0   4884   -6.5  -36.5      7   0.30    204     12  313.9  315.0  313.9
  557.0   4995   -5.5  -35.5      7   0.34    191     12  316.4  317.6  316.4
  500.0   5840   -7.1  -37.1      7   0.32     90     11  324.3  325.6  324.4
  483.5   6096   -9.0  -39.0      7   0.27     70      9  325.1  326.1  325.1
  400.0   7540  -19.9  -49.9      5   0.10    335      9  329.0  329.5  329.1
  395.6   7620  -20.6  -50.5      5   0.09    340      9  329.2  329.6  329.3
  319.7   9144  -33.0  -63.0      3   0.03    350     14  332.7  332.8  332.7
  300.0   9600  -36.7  -66.7      3   0.02    350     16  333.5  333.6  333.5
  284.0   9975  -40.1  -70.1      3   0.01    343     13  333.9  334.0  333.9
  256.1  10668  -45.3                         330      7  336.3         336.3
  250.0  10830  -46.5                         310      6  336.8         336.8
  244.6  10972  -47.7                         300      4  337.1         337.1
  222.5  11582  -53.1                         260      7  338.1         338.1
  200.0  12270  -59.1                         280     15  339.0         339.0
  192.8  12496  -60.1                         280     18  340.9         340.9
  150.0  14040  -67.3                         260     27  354.0         354.0
  143.0  14325  -68.7                         260     28  356.4         356.4
  136.0  14628  -70.1                         260     29  359.1         359.1
  126.0  15085  -68.5                         264     27  369.9         369.9
  122.8  15240  -69.5                         265     26  370.8         370.8
  117.0  15526  -71.3                         267     27  372.6         372.6
  100.0  16460  -69.7                         275     30  392.8         392.8
   95.1  16764  -68.8                         280     30  400.3         400.3
   86.0  17373  -67.0                         285     20  415.6         415.6
   70.2  18592  -63.4                         220      6  448.1         448.1
   70.0  18610  -63.3                         150      5  448.6         448.6
   66.8  18897  -63.9                         160      5  453.3         453.3
   64.0  19160  -64.5                         149      6  457.6         457.6
   50.0  20690  -58.7                          85     15  504.7         504.7
   40.0  22096  -57.3                          78     22  541.5         541.5
   32.0  23527  -51.1                          72     29  593.7         593.7
   30.0  23947  -50.9                          70     31  605.3         605.3
   26.0  24878  -50.9                                     630.5         630.5
   20.0  26610  -44.3                                     699.8         699.8
   13.0  29499  -43.7                                     793.5         793.5


      Station information and sounding indices

                         Station identifier: TNCM
                             Station number: 78866
                           Observation time: 740523/1200
                           Station latitude: 18.03
                          Station longitude: -63.11
                          Station elevation: 4.0
                            Showalter index: 1.89
                               Lifted index: -0.71
    LIFT computed using virtual temperature: -1.43
                                SWEAT index: 195.39
                                    K index: 17.90
                         Cross totals index: 20.30
                      Vertical totals index: 21.70
                        Totals totals index: 42.00
      Convective Available Potential Energy: 1001.02
             CAPE using virtual temperature: 1207.33
                      Convective Inhibition: -0.33
             CINS using virtual temperature: 0.00
                           Equilibrum Level: 192.76
 Equilibrum Level using virtual temperature: 192.75
                   Level of Free Convection: 925.84
             LFCT using virtual temperature: 926.47
                     Bulk Richardson Number: 132.75
          Bulk Richardson Number using CAPV: 160.11
  Temp [K] of the Lifted Condensation Level: 291.73
Pres [hPa] of the Lifted Condensation Level: 926.47
   Equivalent potential temp [K] of the LCL: 341.19
     Mean mixed layer potential temperature: 298.17
              Mean mixed layer mixing ratio: 14.78
              1000 hPa to 500 hPa thickness: 5699.00
Precipitable water [mm] for entire sounding: 35.71


    78866 TNCM Juliana Airport Observations at 12Z 25 May 1974

-----------------------------------------------------------------------------
   PRES   HGHT   TEMP   DWPT   RELH   MIXR   DRCT   SKNT   THTA   THTE   THTV
    hPa     m      C      C      %    g/kg    deg   knot     K      K      K 
-----------------------------------------------------------------------------
 1017.0      4   26.4   21.6     75  16.26    100     15  298.1  345.5  301.0
 1000.0    153   25.4   21.5     79  16.44    100     16  298.6  346.6  301.5
  982.9    304   23.8   21.0     84  16.22    100     17  298.4  345.8  301.3
  962.0    493   21.8   20.4     92  15.95     97     17  298.2  344.8  301.1
  949.2    609   21.1   19.3     89  15.08     95     17  298.7  342.8  301.4
  916.4    914   19.4   16.4     83  12.97     95     13  299.9  338.1  302.3
  902.0   1051   18.6   15.1     80  12.10     93     13  300.5  336.2  302.7
  884.4   1219   17.1   14.2     83  11.64     90     12  300.7  335.1  302.8
  850.0   1558   14.2   12.4     89  10.75     90     10  301.0  332.9  302.9
  823.3   1828   13.7    7.5     66   7.93     75     10  303.2  327.2  304.6
  801.0   2060   13.2    3.2     51   6.05     75      9  305.1  323.7  306.2
  794.1   2133   13.0    3.0     51   6.03     75      9  305.7  324.3  306.8
  768.0   2415   12.4    2.4     50   5.96     84      8  307.9  326.5  309.0
  765.8   2438   12.2    2.2     51   5.91     85      8  308.0  326.4  309.1
  738.3   2743    9.9    0.4     51   5.35    110      5  308.7  325.5  309.7
  700.0   3186    6.6   -2.4     53   4.60    100      4  309.8  324.4  310.6
  682.0   3399    4.8   -2.2     60   4.80    102      3  310.1  325.3  311.0
  671.0   3532    4.4   -8.6     38   2.99    104      2  311.1  320.8  311.6
  661.0   3654    3.8   -3.2     60   4.59    105      1  311.7  326.4  312.6
  660.7   3657    3.8   -3.2     60   4.59    105      1  311.7  326.4  312.6
  612.3   4267   -2.1   -6.4     72   3.89    120      6  311.9  324.4  312.6
  598.0   4456   -3.9   -7.4     77   3.69    115      5  311.9  323.8  312.6
  581.0   4683   -4.1  -15.1     42   2.05    110      4  314.2  321.1  314.6
  566.9   4876   -4.4  -26.0     17   0.81    105      3  316.0  318.9  316.2
  556.0   5029   -4.7  -34.7      8   0.36    100      4  317.5  318.8  317.5
  548.0   5143   -3.3  -33.3      8   0.42     97      5  320.4  322.1  320.5
  500.0   5860   -8.7  -38.7      7   0.27     75      9  322.4  323.4  322.4
  484.7   6096  -10.2  -36.1     10   0.36     80     14  323.5  324.9  323.5
  400.0   7550  -19.1  -20.3     90   1.92    305      6  330.1  337.0  330.5
  396.1   7620  -19.7  -21.9     83   1.69     60     12  330.2  336.3  330.6
  320.2   9144  -32.7  -56.2      8   0.06    350      7  332.9  333.2  332.9
  300.0   9610  -36.7  -66.7      3   0.02    322      6  333.5  333.6  333.5
  285.0   9962  -40.1  -70.1      3   0.01    300      5  333.6  333.6  333.6
  268.4  10363  -43.5                         275      4  334.4         334.4
  250.0  10840  -47.5                                     335.3         335.3
  200.0  12290  -57.7                                     341.2         341.2
  188.0  12678  -59.9                                     343.8         343.8


      Station information and sounding indices

                         Station identifier: TNCM
                             Station number: 78866
                           Observation time: 740525/1200
                           Station latitude: 18.03
                          Station longitude: -63.11
                          Station elevation: 4.0
                            Showalter index: 1.27
                               Lifted index: -4.07
    LIFT computed using virtual temperature: -4.91
                                SWEAT index: 177.80
                                    K index: 26.30
                         Cross totals index: 21.10
                      Vertical totals index: 22.90
                        Totals totals index: 44.00
      Convective Available Potential Energy: 1828.50
             CAPE using virtual temperature: 2044.27
                      Convective Inhibition: -3.58
             CINS using virtual temperature: -0.65
                   Level of Free Convection: 910.09
             LFCT using virtual temperature: 932.86
                     Bulk Richardson Number: 209.82
          Bulk Richardson Number using CAPV: 234.58
  Temp [K] of the Lifted Condensation Level: 293.52
Pres [hPa] of the Lifted Condensation Level: 944.33
   Equivalent potential temp [K] of the LCL: 345.70
     Mean mixed layer potential temperature: 298.37
              Mean mixed layer mixing ratio: 16.23
              1000 hPa to 500 hPa thickness: 5707.00
Precipitable water [mm] for entire sounding: 40.64


    78866 TNCM Juliana Airport Observations at 12Z 26 May 1974

-----------------------------------------------------------------------------
   PRES   HGHT   TEMP   DWPT   RELH   MIXR   DRCT   SKNT   THTA   THTE   THTV
    hPa     m      C      C      %    g/kg    deg   knot     K      K      K 
-----------------------------------------------------------------------------
 1017.0      4   26.8   20.8     70  15.46     85     11  298.5  343.7  301.3
 1000.0    151   25.6   21.0     76  15.93     85     12  298.8  345.3  301.6
  982.7    304   24.2   20.8     81  16.02     80     14  298.8  345.7  301.7
  954.0    565   21.8   20.5     92  16.19     80     15  298.9  346.3  301.8
  949.1    609   21.6   20.1     92  15.90     80     15  299.1  345.7  302.0
  916.2    914   19.8   17.6     87  14.04     75     16  300.4  341.8  302.9
  884.4   1219   18.1   15.1     83  12.36     70     14  301.7  338.4  303.9
  850.0   1561   16.2   12.3     78  10.68     65     13  303.1  335.1  305.1
  823.4   1828   14.9   10.0     72   9.42     65     13  304.4  332.9  306.2
  794.0   2133   13.3    7.3     67   8.13     50      9  306.0  330.8  307.5
  765.7   2438   11.8    4.6     61   7.00     40      6  307.5  329.1  308.8
  738.4   2743   10.3    1.9     56   6.00     50      3  309.1  327.8  310.2
  700.0   3192    8.0   -2.0     49   4.74     20      3  311.3  326.5  312.2
  661.4   3657    3.5   -3.2     62   4.60     20      4  311.3  326.0  312.2
  654.0   3749    2.6   -3.4     65   4.57     24      4  311.3  325.9  312.2
  613.3   4267    0.8  -11.2     40   2.66     50      3  315.0  323.9  315.5
  607.0   4351    0.5  -12.5     37   2.42     49      3  315.6  323.8  316.1
  590.0   4578   -1.9   -5.2     78   4.43     45      3  315.4  329.8  316.2
  577.0   4757    0.6  -29.4      8   0.58     42      3  320.3  322.5  320.4
  568.4   4876   -0.2  -30.2      8   0.55     40      3  320.7  322.8  320.8
  500.0   5890   -7.5  -37.5      7   0.31     25      8  323.8  325.0  323.9
  486.6   6096   -9.1  -39.1      7   0.27     30      8  324.4  325.5  324.5
  400.0   7580  -20.3  -50.3      5   0.10    275     10  328.5  328.9  328.5
  397.8   7620  -20.6  -50.6      5   0.09    275     10  328.6  329.1  328.7
  321.9   9144  -31.9  -61.9      3   0.03    285     15  333.5  333.6  333.5
  300.0   9650  -35.7  -65.7      3   0.02    280     16  334.9  335.0  334.9
  276.0  10223  -40.1  -70.1      3   0.01    258     20  336.7  336.7  336.7
  258.4  10668  -43.4                         240     23  338.2         338.2
  250.0  10890  -45.1                         240     22  338.9         338.9
  200.0  12350  -54.9                         240     29  345.7         345.7
  150.0  14150  -65.7                         255     32  356.7         356.7
  125.0  15240  -70.1                         260     31  367.8         367.8
  118.0  15583  -71.5                         260     25  371.3         371.3
  107.1  16154  -70.8                         265     21  383.1         383.1
  100.0  16560  -70.3                         250     19  391.6         391.6
   83.0  17671  -69.5                         281     13  414.7         414.7
   78.8  17983  -68.2                         290     11  423.6         423.6
   70.0  18700  -65.1                          25      9  444.8         444.8
   62.0  19440  -66.1                          52     12  458.2         458.2
   50.0  20770  -59.1                         100     17  503.8         503.8
   40.0  22171  -58.7                          93     23  537.9         537.9
   30.0  24010  -51.5                          85     30  603.6         603.6
   20.0  26660  -48.3                         105     32  687.6         687.6
   10.0  31340  -36.9                          55     40  880.6         880.6


      Station information and sounding indices

                         Station identifier: TNCM
                             Station number: 78866
                           Observation time: 740526/1200
                           Station latitude: 18.03
                          Station longitude: -63.11
                          Station elevation: 4.0
                            Showalter index: 1.49
                               Lifted index: -2.72
    LIFT computed using virtual temperature: -3.55
                                SWEAT index: 181.59
                                    K index: 26.00
                         Cross totals index: 19.80
                      Vertical totals index: 23.70
                        Totals totals index: 43.50
      Convective Available Potential Energy: 1249.03
             CAPE using virtual temperature: 1458.25
                      Convective Inhibition: -12.91
             CINS using virtual temperature: -7.85
                           Equilibrum Level: 206.44
 Equilibrum Level using virtual temperature: 206.33
                   Level of Free Convection: 868.85
             LFCT using virtual temperature: 895.83
                     Bulk Richardson Number: 234.07
          Bulk Richardson Number using CAPV: 273.28
  Temp [K] of the Lifted Condensation Level: 293.06
Pres [hPa] of the Lifted Condensation Level: 934.74
   Equivalent potential temp [K] of the LCL: 345.30
     Mean mixed layer potential temperature: 298.77
              Mean mixed layer mixing ratio: 15.93
              1000 hPa to 500 hPa thickness: 5739.00
Precipitable water [mm] for entire sounding: 41.23


    78866 TNCM Juliana Airport Observations at 12Z 27 May 1974

-----------------------------------------------------------------------------
   PRES   HGHT   TEMP   DWPT   RELH   MIXR   DRCT   SKNT   THTA   THTE   THTV
    hPa     m      C      C      %    g/kg    deg   knot     K      K      K 
-----------------------------------------------------------------------------
 1019.0      4   26.2   20.2     70  14.85     85     15  297.7  341.0  300.4
 1000.0    168   25.0   20.0     74  14.95     90     15  298.1  341.8  300.8
  984.5    304   23.8   19.3     76  14.50     90     16  298.3  340.6  300.9
  950.7    609   21.1   17.6     81  13.53     90     17  298.5  338.1  300.9
  930.0    802   19.4   16.6     84  12.94     93     19  298.7  336.6  301.0
  917.9    914   18.8   14.9     78  11.77     95     20  299.2  333.8  301.3
  885.8   1219   17.1   10.4     65   9.03     95     19  300.5  327.4  302.1
  850.0   1572   15.2    5.2     51   6.56     85     18  302.1  322.0  303.2
  824.7   1828   14.5    2.5     44   5.58     70     15  304.0  321.1  305.0
  813.0   1948   14.2    1.2     41   5.16     64     14  304.9  320.9  305.8
  795.1   2133   12.8    0.8     44   5.14     55     12  305.3  321.3  306.3
  766.5   2438   10.5    0.2     49   5.11     15      7  306.0  322.0  307.0
  738.8   2743    8.2   -0.3     55   5.08    325      4  306.8  322.6  307.7
  700.0   3191    4.8   -1.2     65   5.03    115      2  307.8  323.6  308.7
  690.0   3308    3.6   -2.4     65   4.67     95      2  307.7  322.4  308.6
  680.0   3427    4.2   -7.8     41   3.14     75      3  309.7  319.8  310.2
  661.0   3657    5.1  -23.1     11   0.90     35      3  313.2  316.4  313.4
  659.0   3682    5.2  -24.8      9   0.78     34      3  313.6  316.4  313.7
  622.0   4153    5.0  -25.0      9   0.81     23      4  318.6  321.5  318.7
  613.1   4267    4.2  -25.8      9   0.77     20      4  318.9  321.7  319.1
  500.0   5890   -7.5  -37.5      7   0.31     60      5  323.8  325.0  323.9
  486.7   6096   -8.9  -38.9      7   0.27     55      4  324.6  325.6  324.6
  400.0   7590  -19.3  -49.3      5   0.11    295      6  329.8  330.3  329.8
  398.3   7620  -19.5                         295      6  329.9         329.9
  322.6   9144  -30.7                         285      9  334.9         334.9
  300.0   9670  -34.6                         277     10  336.5         336.5
  270.0  10399  -40.1                         265     12  338.8         338.8
  259.5  10668  -42.3                         260     13  339.5         339.5
  250.0  10920  -44.3                         255     15  340.1         340.1
  205.8  12192  -54.4                         265     26  343.6         343.6
  200.0  12380  -55.9                         265     27  344.1         344.1
  153.4  14020  -66.0                         250     35  353.8         353.8
  150.0  14160  -66.9                         250     32  354.6         354.6
  136.0  14747  -70.9                         265     25  357.6         357.6
  125.1  15240  -71.7                         270     21  364.9         364.9
  107.1  16154  -73.1                         305     15  378.8         378.8
  100.0  16560  -73.7                         320     11  385.1         385.1
   89.0  17243  -73.5                         359     10  398.5         398.5
   78.0  18026  -67.9                          44      9  425.4         425.4
   70.0  18680  -66.9                          80      8  440.9         440.9
   50.0  20740  -61.5                          70     22  498.1         498.1
   40.0  22142  -56.9                          72     27  542.5         542.5
   38.0  22470  -53.9                          73     28  558.1         558.1
   30.0  24000  -51.5                          75     33  603.6         603.6
   20.0  26650  -48.5                          80     43  687.0         687.0
   15.0  28574  -41.5                          86     43  769.0         769.0
   10.0  31360  -36.1                          95     42  883.6         883.6


      Station information and sounding indices

                         Station identifier: TNCM
                             Station number: 78866
                           Observation time: 740527/1200
                           Station latitude: 18.03
                          Station longitude: -63.11
                          Station elevation: 4.0
                            Showalter index: 7.90
                               Lifted index: -0.88
    LIFT computed using virtual temperature: -1.59
                                SWEAT index: 103.41
                                    K index: 21.90
                         Cross totals index: 12.70
                      Vertical totals index: 22.70
                        Totals totals index: 35.40
      Convective Available Potential Energy: 323.37
             CAPE using virtual temperature: 489.34
                      Convective Inhibition: -13.55
             CINS using virtual temperature: -3.21
                           Equilibrum Level: 267.55
 Equilibrum Level using virtual temperature: 267.69
                   Level of Free Convection: 853.39
             LFCT using virtual temperature: 907.25
                     Bulk Richardson Number: 42.79
          Bulk Richardson Number using CAPV: 64.75
  Temp [K] of the Lifted Condensation Level: 291.46
Pres [hPa] of the Lifted Condensation Level: 923.41
   Equivalent potential temp [K] of the LCL: 340.61
     Mean mixed layer potential temperature: 298.18
              Mean mixed layer mixing ratio: 14.57
              1000 hPa to 500 hPa thickness: 5722.00
Precipitable water [mm] for entire sounding: 31.20


    78866 TNCM Juliana Airport Observations at 12Z 28 May 1974

-----------------------------------------------------------------------------
   PRES   HGHT   TEMP   DWPT   RELH   MIXR   DRCT   SKNT   THTA   THTE   THTV
    hPa     m      C      C      %    g/kg    deg   knot     K      K      K 
-----------------------------------------------------------------------------
 1019.0      4   26.4   21.4     74  16.02     65      9  297.9  344.6  300.8
 1000.0    171   24.6   18.6     69  13.67     65      8  297.8  337.6  300.2
  984.9    304   23.4   18.3     73  13.66     65      8  297.9  337.7  300.3
  951.0    609   20.8   17.8     83  13.62     70     11  298.2  338.0  300.6
  921.0    888   18.4   17.2     93  13.59     79     14  298.5  338.2  300.9
  918.2    914   18.3   16.8     91  13.25     80     14  298.6  337.4  301.0
  904.0   1049   17.8   14.5     81  11.61     78     14  299.5  333.6  301.6
  886.1   1219   16.4   13.2     81  10.90     75     13  299.8  331.9  301.7
  850.0   1574   13.6   10.6     82   9.53     75     13  300.4  328.7  302.1
  824.8   1828   12.2    9.4     83   9.04     80     12  301.5  328.5  303.2
  817.0   1908   11.8    9.0     83   8.89     83     11  301.9  328.5  303.5
  795.3   2133   10.8    3.7     61   6.32     90     10  303.2  322.4  304.3
  786.0   2231   10.4    1.4     54   5.42     90     10  303.7  320.4  304.7
  766.7   2438    8.8    4.4     74   6.89     90     10  304.2  325.2  305.4
  753.0   2587    7.6    6.6     93   8.18     95      8  304.4  329.3  306.0
  739.0   2743    8.2   -0.9     53   4.87    100      6  306.7  322.0  307.6
  734.0   2799    8.4   -3.6     43   4.01    102      6  307.6  320.3  308.3
  714.0   3027    7.2   -6.8     36   3.23    109      4  308.7  319.1  309.3
  700.0   3190    8.1  -10.9     25   2.39    115      4  311.4  319.3  311.9
  665.0   3613    8.4  -21.6     10   1.03    129      1  316.4  320.0  316.6
  661.3   3657    8.1  -21.9     10   1.01    130      1  316.5  320.1  316.7
  612.9   4267    4.0  -26.0      9   0.75    135      2  318.8  321.5  318.9
  500.0   5900   -6.9  -36.9      7   0.32    170      3  324.6  325.8  324.6
  487.4   6096   -8.2  -38.2      7   0.29    175      6  325.3  326.5  325.4
  400.0   7610  -18.3  -48.3      5   0.12    155     12  331.1  331.6  331.1
  399.4   7620  -18.4  -48.4      5   0.12    255     11  331.1  331.6  331.2
  323.5   9144  -30.5  -60.5      4   0.03    255     23  334.9  335.1  334.9
  300.0   9690  -34.9  -64.9      3   0.02    255     30  336.1  336.2  336.1
  270.0  10418  -40.1  -70.1      3   0.01    248     25  338.8  338.8  338.8
  260.2  10668  -41.8                         245     23  339.8         339.8
  250.0  10940  -43.7                         250     46  341.0         341.0
  226.6  11582  -48.6                         250     51  343.1         343.1
  200.0  12400  -54.9                         260     44  345.7         345.7
  161.7  13716  -64.4                         260     41  351.4         351.4
  150.0  14180  -67.7                         260     39  353.3         353.3
  146.4  14325  -68.7                         260     37  354.0         354.0
  143.0  14467  -69.7                         262     33  354.6         354.6
  139.2  14630  -69.0                         265     28  358.6         358.6
  133.0  14901  -67.9                         272     23  365.3         365.3
  125.6  15240  -69.2                         280     16  368.9         368.9
  100.0  16590  -74.5                         280      9  383.5         383.5
   92.1  17068  -74.5                         305      5  392.6         392.6
   91.0  17140  -74.5                         311      5  394.0         394.0
   70.0  18700  -66.3                          80     10  442.2         442.2
   50.0  20760  -62.7                          85     23  495.3         495.3
   35.0  22993  -56.7                          82     33  564.1         564.1
   30.0  23970  -57.5                          80     37  587.3         587.3
   21.0  26258  -50.5                                     671.4         671.4


      Station information and sounding indices

                         Station identifier: TNCM
                             Station number: 78866
                           Observation time: 740528/1200
                           Station latitude: 18.03
                          Station longitude: -63.11
                          Station elevation: 4.0
                            Showalter index: 5.08
                               Lifted index: 0.49
    LIFT computed using virtual temperature: -0.17
                                SWEAT index: 156.18
                                    K index: 12.08
                         Cross totals index: 17.50
                      Vertical totals index: 20.50
                        Totals totals index: 38.00
      Convective Available Potential Energy: 85.42
             CAPE using virtual temperature: 160.74
                      Convective Inhibition: -11.64
             CINS using virtual temperature: -7.51
                           Equilibrum Level: 298.13
 Equilibrum Level using virtual temperature: 295.83
                   Level of Free Convection: 881.96
             LFCT using virtual temperature: 893.45
                     Bulk Richardson Number: 56.86
          Bulk Richardson Number using CAPV: 107.00
  Temp [K] of the Lifted Condensation Level: 290.81
Pres [hPa] of the Lifted Condensation Level: 919.22
   Equivalent potential temp [K] of the LCL: 338.75
     Mean mixed layer potential temperature: 297.90
              Mean mixed layer mixing ratio: 14.06
              1000 hPa to 500 hPa thickness: 5729.00
Precipitable water [mm] for entire sounding: 33.76

Description of the data columns
<http://weather.uwyo.edu/upperair/columns.html> or sounding indices
<http://weather.uwyo.edu/upperair/indices.html>.

------------------------------------------------------------------------
/Interested in graduate studies in atmospheric science? Check out our
program at the University of Wyoming
<http://www.uwyo.edu/atsc/howtoapply/>/
------------------------------------------------------------------------
Questions about the weather data provided by this site can be addressed
to Larry Oolman (ldoolman@uwyo.edu) <mailto:ldoolman@uwyo.edu>
------------------------------------------------------------------------
