
    78866 TNCM Juliana Airport Observations at 12Z 02 Oct 1974

-----------------------------------------------------------------------------
   PRES   HGHT   TEMP   DWPT   RELH   MIXR   DRCT   SKNT   THTA   THTE   THTV
    hPa     m      C      C      %    g/kg    deg   knot     K      K      K 
-----------------------------------------------------------------------------
 1014.0      4   28.2   22.2     70  16.93     80     11  300.2  350.0  303.2
 1000.0    126   27.4   22.4     74  17.39     80     11  300.6  351.8  303.7
  980.0    304   25.6   21.6     79  16.90     80     12  300.4  350.2  303.5
  946.6    609   22.4   20.3     88  16.09     85     14  300.2  347.6  303.1
  928.0    784   20.6   19.5     93  15.63     85     18  300.1  346.0  302.9
  917.0    888   20.4   17.1     81  13.56     85     20  300.9  341.0  303.4
  914.2    914   20.2   17.0     81  13.48     85     21  301.0  340.8  303.4
  882.5   1219   18.4   15.3     82  12.52     85     20  302.1  339.4  304.4
  850.0   1542   16.4   13.5     83  11.57     90     17  303.3  337.9  305.4
  821.9   1828   15.1   11.9     81  10.74     85     17  304.9  337.3  306.9
  819.0   1858   15.0   11.7     81  10.65     85     17  305.1  337.2  307.0
  792.8   2133   14.1    7.2     63   8.10     80     15  307.0  331.8  308.5
  778.0   2293   13.6    4.6     54   6.88     83     13  308.1  329.4  309.4
  764.7   2438   12.6    3.6     54   6.52     85     12  308.5  328.8  309.7
  749.0   2612   11.4    2.4     54   6.11     91     11  309.0  328.2  310.2
  737.3   2743   10.8   -0.7     45   4.97     95     10  309.8  325.5  310.7
  730.0   2826   10.4   -2.6     40   4.35     95      9  310.2  324.1  311.0
  721.0   2929    9.4    1.4     57   5.91     95      8  310.2  328.8  311.3
  700.0   3174    8.0   -3.0     46   4.40     95      5  311.3  325.4  312.1
  660.1   3657    5.1   -4.1     51   4.30    210      1  313.3  327.2  314.1
  656.0   3708    4.8   -4.2     52   4.29    212      1  313.5  327.4  314.3
  637.0   3948    4.4  -25.6      9   0.75    219      1  315.7  318.4  315.9
  612.1   4267    2.6  -27.4      9   0.66    230      2  317.3  319.7  317.4
  567.4   4876   -0.8  -30.8      8   0.52     45      5  320.3  322.2  320.4
  529.0   5438   -3.9  -33.9      8   0.41     23      8  323.0  324.6  323.1
  500.0   5880   -7.7  -37.7      7   0.30      5     10  323.6  324.8  323.6
  486.2   6096   -8.4  -38.4      7   0.29      5     11  325.3  326.4  325.3
  426.0   7113  -11.9  -41.9      6   0.23      2     16  333.4  334.3  333.4
  400.0   7590  -15.7  -45.7      6   0.16    360     19  334.5  335.2  334.5
  398.4   7620  -16.0  -46.0      6   0.16    360     19  334.6  335.2  334.6
  323.3   9144  -29.1  -59.1      4   0.04    335     16  337.0  337.2  337.0
  314.0   9358  -30.9  -60.9      4   0.03    353     15  337.3  337.4  337.3
  300.0   9680  -32.3  -62.3      3   0.03     20     13  339.7  339.9  339.7
  263.0  10595  -40.1  -70.1      3   0.01     39     18  341.3  341.4  341.3
  260.2  10668  -40.6                          40     18  341.6         341.6
  250.0  10940  -42.5                          35     19  342.7         342.7
  200.0  12410  -52.9                           5     21  348.8         348.8
  150.0  14220  -66.1                          20     19  356.0         356.0
  126.1  15240  -71.7                          25     18  364.1         364.1
  100.0  16600  -79.1                          25     11  374.6         374.6
   89.0  17262  -78.7                          40     15  388.1         388.1
   70.0  18670  -66.9                          70     22  440.9         440.9
   50.0  20720  -62.9                          80     31  494.8         494.8
   39.0  22275  -56.1                          80     36  548.4         548.4
   34.0  23146  -57.1                          80     39  567.7         567.7
   30.0  23940  -55.9                          80     42  591.6         591.6
   28.0  24381  -53.7                          78     41  609.5         609.5
   20.0  26550  -52.3                          70     38  675.3         675.3
   17.0  27621  -43.5                          76     34  735.6         735.6
   13.0  29427  -42.9                          86     27  796.3         796.3
   11.0  30544  -46.3                          92     22  822.9         822.9
   10.0  31180  -44.3                          95     20  853.1         853.1


      Station information and sounding indices

                         Station identifier: TNCM
                             Station number: 78866
                           Observation time: 741002/1200
                           Station latitude: 18.03
                          Station longitude: -63.11
                          Station elevation: 4.0
                            Showalter index: 0.06
                               Lifted index: -4.74
    LIFT computed using virtual temperature: -5.70
                                SWEAT index: 206.00
                                    K index: 26.60
                         Cross totals index: 21.20
                      Vertical totals index: 24.10
                        Totals totals index: 45.30
      Convective Available Potential Energy: 1274.55
             CAPE using virtual temperature: 1548.18
                      Convective Inhibition: 0.00
             CINS using virtual temperature: 0.00
                           Equilibrum Level: 193.70
 Equilibrum Level using virtual temperature: 193.17
                   Level of Free Convection: 916.04
             LFCT using virtual temperature: 926.04
                     Bulk Richardson Number: 1536.61
          Bulk Richardson Number using CAPV: 1866.49
  Temp [K] of the Lifted Condensation Level: 293.88
Pres [hPa] of the Lifted Condensation Level: 926.04
   Equivalent potential temp [K] of the LCL: 350.24
     Mean mixed layer potential temperature: 300.41
              Mean mixed layer mixing ratio: 16.95
              1000 hPa to 500 hPa thickness: 5754.00
Precipitable water [mm] for entire sounding: 39.96


    78866 TNCM Juliana Airport Observations at 12Z 03 Oct 1974

-----------------------------------------------------------------------------
   PRES   HGHT   TEMP   DWPT   RELH   MIXR   DRCT   SKNT   THTA   THTE   THTV
    hPa     m      C      C      %    g/kg    deg   knot     K      K      K 
-----------------------------------------------------------------------------
 1014.0      4   27.0   23.2     80  18.02     70     15  299.0  351.7  302.2
 1000.0    125   26.4   22.9     81  17.94     70     15  299.6  352.2  302.8
  979.9    304   25.0   22.4     85  17.73     70     14  299.9  352.0  303.1
  946.5    609   22.6   21.5     94  17.37     75     18  300.4  351.6  303.5
  936.0    707   21.8   21.2     96  17.26     78     19  300.6  351.4  303.7
  913.8    914   20.3   19.7     96  16.09     85     21  301.1  348.6  304.0
  882.1   1219   18.1   17.5     96  14.48     85     22  301.9  344.8  304.5
  850.0   1539   15.8   15.2     96  12.94     85     23  302.7  341.2  305.0
  821.6   1828   14.4   13.6     94  12.03     85     17  304.2  340.3  306.4
  800.0   2054   13.4   12.3     93  11.36     85     14  305.4  339.7  307.5
  792.5   2133   13.1   11.2     88  10.64     85     13  305.9  338.1  307.9
  764.4   2438   11.9    6.9     71   8.23     85     14  307.9  333.2  309.4
  756.0   2531   11.6    5.6     67   7.60     88     13  308.4  331.9  309.9
  737.0   2743   10.5    4.5     66   7.20     95     10  309.5  331.9  310.8
  700.0   3172    8.2    2.2     66   6.45     95     11  311.5  331.9  312.8
  659.7   3657    5.1    0.4     72   6.00    100     12  313.3  332.4  314.5
  620.0   4166    1.8   -1.5     79   5.56    108      8  315.2  333.1  316.2
  612.2   4267    1.4   -2.2     77   5.36    110      7  315.9  333.2  316.9
  567.5   4876   -0.8   -6.2     67   4.28    100      5  320.2  334.4  321.0
  551.0   5114   -1.7   -7.7     64   3.91    104      6  321.8  335.0  322.6
  525.0   5497   -5.1   -8.4     78   3.89    109      7  322.2  335.3  323.0
  500.0   5880   -7.3  -10.0     81   3.60    115      9  324.1  336.3  324.8
  486.2   6096   -8.2  -16.2     52   2.22    160      6  325.5  333.3  326.0
  433.0   6990  -12.1  -42.1      6   0.22                331.6  332.5  331.6
  400.0   7590  -16.7                                     333.2         333.2
  300.0   9681  -32.8                                     339.0         339.0
  262.0  10619  -40.1                                     341.7         341.7
  250.0  10937  -42.8                                     342.3         342.3
  200.0  12402  -55.5                                     344.7         344.7
  150.0  14186  -67.1                                     354.3         354.3
  117.0  15666  -76.7                                     362.6         362.6
  112.0  15921  -75.5                                     369.4         369.4
  100.0  16584  -75.5                                     381.6         381.6
   85.0  17510  -75.5                                     399.7         399.7
   74.0  18314  -68.9                                     429.8         429.8
   70.0  18640  -70.1                          70     23  434.1         434.1
   68.0  18811  -71.1                          71     24  435.5         435.5
   50.0  20680  -59.1                          85     35  503.8         503.8
   39.0  22232  -61.3                          75     39  535.3         535.3
   30.0  23870  -59.3                          65     44  582.4         582.4
   20.0  26480  -47.5                          85     41  690.0         690.0
   17.0  27574  -40.5                          85     39  745.2         745.2
   10.0  31160  -45.7                          85     31  847.8         847.8
    8.0  32653  -43.5                                     912.4         912.4


      Station information and sounding indices

                         Station identifier: TNCM
                             Station number: 78866
                           Observation time: 741003/1200
                           Station latitude: 18.03
                          Station longitude: -63.11
                          Station elevation: 4.0
                            Showalter index: -0.90
                               Lifted index: -4.91
    LIFT computed using virtual temperature: -5.39
                                SWEAT index: 237.39
                                    K index: 32.30
                         Cross totals index: 22.50
                      Vertical totals index: 23.10
                        Totals totals index: 45.60
      Convective Available Potential Energy: 1896.54
             CAPE using virtual temperature: 2097.36
                      Convective Inhibition: -4.21
             CINS using virtual temperature: -3.58
                           Equilibrum Level: 162.65
 Equilibrum Level using virtual temperature: 161.91
                   Level of Free Convection: 924.88
             LFCT using virtual temperature: 928.05
                     Bulk Richardson Number: 665.27
          Bulk Richardson Number using CAPV: 735.71
  Temp [K] of the Lifted Condensation Level: 294.99
Pres [hPa] of the Lifted Condensation Level: 945.89
   Equivalent potential temp [K] of the LCL: 351.90
     Mean mixed layer potential temperature: 299.73
              Mean mixed layer mixing ratio: 17.79
              1000 hPa to 500 hPa thickness: 5755.00
Precipitable water [mm] for entire sounding: 52.97


    78866 TNCM Juliana Airport Observations at 12Z 04 Oct 1974

-----------------------------------------------------------------------------
   PRES   HGHT   TEMP   DWPT   RELH   MIXR   DRCT   SKNT   THTA   THTE   THTV
    hPa     m      C      C      %    g/kg    deg   knot     K      K      K 
-----------------------------------------------------------------------------
 1012.0      4   28.2   22.2     70  16.97     80     13  300.3  350.3  303.4
 1000.0    111   27.2   22.2     74  17.17     80     13  300.4  350.9  303.4
  978.3    304   25.3   21.4     79  16.65     85     15  300.3  349.3  303.3
  945.0    609   22.3   20.0     87  15.84     90     16  300.3  346.9  303.1
  933.0    722   21.2   19.5     90  15.54     90     17  300.2  346.0  303.0
  912.5    914   20.4   17.2     82  13.71     90     19  301.3  341.9  303.8
  880.9   1219   19.1   13.5     70  11.17    100     18  303.0  336.4  305.1
  850.0   1528   17.8    9.8     59   9.02    105     14  304.8  332.1  306.4
  839.0   1640   16.6   10.6     68   9.65    109     14  304.6  333.8  306.4
  820.6   1828   15.6    7.5     59   7.98    115     13  305.5  329.8  307.0
  804.0   2002   14.6    4.6     51   6.66    121     12  306.3  326.8  307.5
  791.7   2133   13.6    5.8     59   7.37    125     12  306.5  329.2  307.9
  782.0   2237   12.8    6.8     67   7.99    123     11  306.8  331.2  308.2
  763.5   2438   11.7    6.4     70   7.96    120     10  307.7  332.2  309.2
  736.2   2743   10.1    5.8     75   7.91    110      8  309.1  333.6  310.6
  728.0   2837    9.6    5.6     76   7.89    110      8  309.6  334.1  311.1
  700.0   3163    8.2    2.2     66   6.45    110      7  311.5  331.9  312.8
  659.0   3657    5.5    0.4     70   6.00    115      8  313.9  333.0  315.0
  638.0   3922    4.0   -0.6     72   5.77    119      8  315.1  333.7  316.2
  611.4   4267    2.4   -6.1     54   3.99    125      9  317.1  330.3  317.9
  608.0   4312    2.2   -6.8     51   3.80    126      9  317.4  330.0  318.1
  599.0   4432    1.4   -4.6     64   4.56    130      8  317.8  332.8  318.7
  566.6   4876   -1.5  -12.7     42   2.55    145      6  319.5  328.2  320.0
  556.0   5027   -2.5  -15.5     36   2.07    146      5  320.1  327.2  320.5
  520.0   5555   -4.7  -12.7     54   2.78    148      3  323.6  333.2  324.1
  500.0   5870    7.0   -7.0     36   4.55    150      2  341.5  357.8  342.4
  485.9   6096   -4.1  -16.1     39   2.25    145      2  330.6  338.7  331.1
  479.0   6209   -9.7  -20.7     40   1.54    133      3  325.1  330.6  325.4
  471.0   6338  -10.3  -16.3     61   2.29    119      4  325.9  333.9  326.4
  456.0   6584  -11.5  -41.5      6   0.22     93      7  327.5  328.4  327.5
  441.0   6838  -13.1  -24.1     39   1.24     65      9  328.6  333.1  328.8
  427.0   7081  -13.5  -43.5      6   0.19     39     11  331.1  331.9  331.1
  400.0   7570  -17.1  -47.1      5   0.14    345     16  332.7  333.2  332.7
  397.3   7620  -17.5  -47.5      5   0.13    345     16  332.9  333.4  332.9
  322.4   9144  -28.5  -58.5      4   0.04    310     14  338.1  338.3  338.1
  300.0   9670  -32.3  -62.3      3   0.03    295     10  339.7  339.9  339.7
  262.0  10611  -40.1  -70.1      3   0.01    295     10  341.7  341.8  341.7
  259.8  10668  -40.5                         295     10  341.9         341.9
  250.0  10930  -42.5                         335     12  342.7         342.7
  237.1  11277  -45.8                         345     14  343.0         343.0
  200.0  12390  -56.5                         340     15  343.1         343.1
  163.0  13658  -66.5                         354     29  347.0         347.0
  161.4  13716  -66.6                         355     30  347.8         347.8
  150.0  14160  -67.5                         345     29  353.6         353.6
  124.8  15240  -72.7                         350     13  363.3         363.3
  106.9  16154  -77.0                         360      5  371.6         371.6
  105.0  16258  -77.5                          25      6  372.5         372.5
  100.0  16540  -75.1                          45      7  382.4         382.4
   96.3  16764  -74.2                          50      7  388.3         388.3
   70.0  18640  -66.5                         170     18  441.8         441.8
   57.0  19879  -68.5                         109     29  464.0         464.0
   50.0  20670  -65.7                          70     36  488.2         488.2
   30.0  23880  -51.9                          85     44  602.5         602.5
   29.0  24100  -51.3                                     610.1         610.1


      Station information and sounding indices

                         Station identifier: TNCM
                             Station number: 78866
                           Observation time: 741004/1200
                           Station latitude: 18.03
                          Station longitude: -63.11
                          Station elevation: 4.0
                            Showalter index: 17.33
                               Lifted index: 10.22
    LIFT computed using virtual temperature: 10.00
                                SWEAT index: 147.61
                                    K index: 14.60
                         Cross totals index: 2.80
                      Vertical totals index: 10.80
                        Totals totals index: 13.60
      Convective Available Potential Energy: 1416.56
             CAPE using virtual temperature: 1616.82
                      Convective Inhibition: -8.43
             CINS using virtual temperature: -0.01
                           Equilibrum Level: 158.19
 Equilibrum Level using virtual temperature: 158.15
                   Level of Free Convection: 845.55
             LFCT using virtual temperature: 923.20
                     Bulk Richardson Number: 265.77
          Bulk Richardson Number using CAPV: 303.34
  Temp [K] of the Lifted Condensation Level: 293.65
Pres [hPa] of the Lifted Condensation Level: 924.43
   Equivalent potential temp [K] of the LCL: 349.51
     Mean mixed layer potential temperature: 300.33
              Mean mixed layer mixing ratio: 16.74
              1000 hPa to 500 hPa thickness: 5759.00
Precipitable water [mm] for entire sounding: 45.60


    78866 TNCM Juliana Airport Observations at 12Z 07 Oct 1974

-----------------------------------------------------------------------------
   PRES   HGHT   TEMP   DWPT   RELH   MIXR   DRCT   SKNT   THTA   THTE   THTV
    hPa     m      C      C      %    g/kg    deg   knot     K      K      K 
-----------------------------------------------------------------------------
 1014.0      4   28.6   24.0     76  18.94    110     12  300.6  356.4  303.9
 1000.0    129   26.8   22.2     76  17.17    115     13  299.9  350.4  303.0
  980.4    304   25.2   21.8     81  17.06    120     13  300.1  350.2  303.1
  973.0    371   24.6   21.6     83  17.01    121     13  300.1  350.1  303.1
  947.0    609   23.5   18.4     73  14.24    125     12  301.3  343.4  303.9
  914.6    914   22.1   14.2     61  11.25    110    308  302.9  336.5  304.9
  913.0    929   22.0   14.0     60  11.12    111    293  302.9  336.2  304.9
  883.0   1219   19.8   12.7     63  10.53    125      4  303.6  335.2  305.5
  877.0   1278   19.4   12.4     64  10.42    134      4  303.7  335.0  305.6
  850.0   1547   18.0    7.0     49   7.44    175      2  305.0  327.7  306.4
  822.4   1828   16.3    4.0     44   6.23    180      3  306.1  325.3  307.2
  789.0   2180   14.2    0.2     38   4.95    162      4  307.5  323.0  308.4
  742.0   2696   10.8    6.4     74   8.19    135      5  309.2  334.6  310.8
  731.0   2820   10.4   -0.6     46   5.04    129      5  310.1  326.1  311.1
  720.0   2946    9.4    6.0     79   8.21    122      5  310.4  335.9  311.9
  700.0   3180    7.8    4.9     82   7.82    110      6  311.1  335.5  312.6
  578.0   4736   -2.3   -3.1     94   5.30    116      9  316.8  333.9  317.8
  538.0   5305   -4.3  -34.3      8   0.39    118     10  320.9  322.4  321.0
  500.0   5880   -7.7  -13.7     62   2.67    120     11  323.6  332.8  324.1
  492.0   6005   -8.5  -20.5     37   1.53    123     11  324.1  329.6  324.4
  400.0   7570  -19.3  -26.3     54   1.12    160     12  329.8  334.0  330.0
  373.0   8085  -23.1  -28.1     64   1.02    178     11  331.4  335.2  331.6
  359.0   8364  -25.1  -36.1     35   0.49    188     11  332.4  334.3  332.5
  318.0   9231  -32.5  -62.5      3   0.03    220     10  333.9  334.0  333.9
  300.0   9639  -35.5  -43.5     44   0.27    235      9  335.2  336.3  335.3
  276.0  10218  -40.1  -47.1     47   0.20    244     14  336.7  337.5  336.7
  250.0  10890  -45.9  -49.9     64   0.16    255     19  337.7  338.4  337.7
  220.0  11724  -53.5  -53.5    100   0.12    266     24  338.5  339.1  338.6
  200.0  12330  -57.7                         275     28  341.2         341.2
  150.0  14110  -65.5                         350      9  357.1         357.1
  108.0  16070  -74.5                         355      6  375.2         375.2
  100.0  16520  -73.3                          10      2  385.9         385.9
   90.0  17132  -76.3                          11      4  391.7         391.7
   70.0  18610  -68.5                          15     10  437.5         437.5
   65.0  19058  -65.5                          30     12  453.4         453.4
   50.0  20670  -61.7                          85     20  497.7         497.7
   45.0  21336  -59.6                         165      3  518.0         518.0
   30.6  23774  -51.7                         170      4  599.3         599.3
   30.0  23910  -51.3                          85     41  604.2         604.2
   29.2  24079  -50.8                         160      3  610.1         610.1
   26.0  24847  -48.3                         135     13  637.9         637.9
   23.0  25652  -50.1                         109     23  655.4         655.4
   20.0  26570  -48.3                          80     35  687.6         687.6
   11.0  30540  -45.1                                     827.2         827.2


      Station information and sounding indices

                         Station identifier: TNCM
                             Station number: 78866
                           Observation time: 741007/1200
                           Station latitude: 18.03
                          Station longitude: -63.11
                          Station elevation: 4.0
                            Showalter index: 4.74
                               Lifted index: -4.78
    LIFT computed using virtual temperature: -5.37
                                SWEAT index: 99.00
                                    K index: 29.80
                         Cross totals index: 14.70
                      Vertical totals index: 25.70
                        Totals totals index: 40.40
      Convective Available Potential Energy: 2346.30
             CAPE using virtual temperature: 2554.00
                      Convective Inhibition: -38.21
             CINS using virtual temperature: -13.93
                           Equilibrum Level: 170.04
 Equilibrum Level using virtual temperature: 169.48
                   Level of Free Convection: 833.96
             LFCT using virtual temperature: 889.18
                     Bulk Richardson Number: 108.64
          Bulk Richardson Number using CAPV: 118.25
  Temp [K] of the Lifted Condensation Level: 294.09
Pres [hPa] of the Lifted Condensation Level: 930.83
   Equivalent potential temp [K] of the LCL: 350.37
     Mean mixed layer potential temperature: 300.18
              Mean mixed layer mixing ratio: 17.10
              1000 hPa to 500 hPa thickness: 5751.00
Precipitable water [mm] for entire sounding: 44.34


    78866 TNCM Juliana Airport Observations at 12Z 08 Oct 1974

-----------------------------------------------------------------------------
   PRES   HGHT   TEMP   DWPT   RELH   MIXR   DRCT   SKNT   THTA   THTE   THTV
    hPa     m      C      C      %    g/kg    deg   knot     K      K      K 
-----------------------------------------------------------------------------
 1014.0      4   28.0   23.7     77  18.59     90      5  300.0  354.6  303.3
 1000.0    128   25.8   22.1     80  17.07     90      6  298.9  348.9  302.0
  980.2    304   24.3   21.7     85  16.94     90      6  299.1  348.7  302.2
  969.0    406   23.4   21.4     89  16.87     90      7  299.2  348.6  302.2
  956.0    524   23.4   14.4     57  10.90     90      8  300.4  332.7  302.4
  946.7    609   22.9   13.9     57  10.67     90      9  300.8  332.4  302.7
  914.0    914   21.3   12.3     56   9.90    120      6  302.1  331.6  303.9
  882.4   1219   19.6   10.6     56   9.16    130      3  303.4  331.0  305.1
  850.0   1543   17.8    8.8     56   8.43     60      5  304.8  330.4  306.3
  822.0   1828   16.5    8.7     60   8.67     40      6  306.3  332.8  307.9
  793.1   2133   15.1    8.6     65   8.93     30      8  308.0  335.4  309.6
  783.0   2242   14.6    8.6     67   9.03     30      9  308.6  336.4  310.3
  765.0   2438   13.0    7.6     70   8.64     30     10  308.9  335.6  310.6
  738.0   2740   10.6    6.1     74   8.06     30      9  309.5  334.5  311.0
  737.8   2743   10.6    6.1     74   8.04     30      9  309.5  334.4  311.0
  700.0   3180    9.0   -1.0     50   5.11     95      4  312.4  328.7  313.4
  660.4   3657    4.5   -2.0     63   5.04    100      8  312.6  328.8  313.6
  644.0   3863    2.6   -2.4     70   5.01     95      9  312.7  328.7  313.6
  629.0   4054    2.2  -16.8     23   1.64     90      9  314.4  320.0  314.7
  612.6   4267    1.5  -21.5     16   1.13     85     10  316.0  319.9  316.2
  585.0   4637    0.4  -29.6      8   0.57    103      9  318.8  320.9  318.9
  567.6   4876   -0.9  -30.9      8   0.51    115      9  320.0  322.0  320.1
  500.0   5880   -6.5  -36.5      7   0.34    130     11  325.1  326.4  325.1
  486.1   6096   -8.0  -36.2      8   0.36    120     10  325.8  327.2  325.9
  400.0   7590  -18.5  -34.5     23   0.52    160     14  330.9  332.9  331.0
  398.4   7620  -18.8  -34.6     23   0.51    160     14  330.9  332.9  331.0
  338.0   8818  -29.1  -39.1     37   0.38    125     14  332.7  334.2  332.8
  325.0   9097  -30.5  -44.5     24   0.23    116     14  334.5  335.5  334.6
  322.8   9144  -30.8  -44.8     24   0.22    115     14  334.7  335.6  334.8
  300.0   9660  -34.5  -48.5     23   0.16     85     11  336.6  337.3  336.7
  274.0  10288  -40.1  -53.1     24   0.10     79     17  337.4  337.8  337.4
  259.1  10668  -42.9                          75     20  338.7         338.7
  250.0  10910  -44.7                          65     18  339.5         339.5
  205.2  12192  -55.8                          45     17  341.6         341.6
  200.0  12360  -57.3                          55     26  341.9         341.9
  176.0  13165  -59.9                          55     35  350.3         350.3
  160.9  13716  -63.7                          55     41  353.0         353.0
  150.0  14150  -66.7                          60     36  355.0         355.0
  104.0  16313  -75.9                          20      7  376.6         376.6
  100.0  16540  -74.5                          20      6  383.5         383.5


      Station information and sounding indices

                         Station identifier: TNCM
                             Station number: 78866
                           Observation time: 741008/1200
                           Station latitude: 18.03
                          Station longitude: -63.11
                          Station elevation: 4.0
                            Showalter index: 4.65
                               Lifted index: -2.67
    LIFT computed using virtual temperature: -3.56
                                SWEAT index: 126.58
                                    K index: 23.10
                         Cross totals index: 15.30
                      Vertical totals index: 24.30
                        Totals totals index: 39.60
      Convective Available Potential Energy: 1505.01
             CAPE using virtual temperature: 1709.59
                      Convective Inhibition: -60.10
             CINS using virtual temperature: -9.92
                           Equilibrum Level: 183.60
 Equilibrum Level using virtual temperature: 183.52
                   Level of Free Convection: 770.02
             LFCT using virtual temperature: 879.12
                     Bulk Richardson Number: 83210.50
          Bulk Richardson Number using CAPV: 94521.38
  Temp [K] of the Lifted Condensation Level: 293.72
Pres [hPa] of the Lifted Condensation Level: 936.30
   Equivalent potential temp [K] of the LCL: 347.83
     Mean mixed layer potential temperature: 299.30
              Mean mixed layer mixing ratio: 16.67
              1000 hPa to 500 hPa thickness: 5752.00
Precipitable water [mm] for entire sounding: 37.71


    78866 TNCM Juliana Airport Observations at 12Z 12 Oct 1974

-----------------------------------------------------------------------------
   PRES   HGHT   TEMP   DWPT   RELH   MIXR   DRCT   SKNT   THTA   THTE   THTV
    hPa     m      C      C      %    g/kg    deg   knot     K      K      K 
-----------------------------------------------------------------------------
 1015.0      4   27.6   23.5     78  18.34     90     15  299.5  353.3  302.8
 1000.0    138   26.2   20.2     70  15.14     95     17  299.4  343.8  302.1
  981.4    304   24.9   20.2     75  15.43     95     18  299.7  345.0  302.5
  956.0    535   23.2   20.2     83  15.85     95     20  300.2  346.8  303.0
  947.9    609   22.8   19.5     82  15.30     95     20  300.5  345.5  303.2
  915.2    914   21.0   16.6     76  13.18     95     15  301.7  340.7  304.0
  883.6   1219   19.2   13.8     71  11.31     90     16  302.8  336.6  304.9
  867.0   1384   18.2   12.2     68  10.40     92     14  303.5  334.7  305.4
  850.0   1554   17.4    5.4     45   6.66     95     12  304.4  324.7  305.6
  833.0   1727   16.4   11.9     75  10.61     98     11  305.1  337.1  307.0
  823.1   1828   15.6   11.2     75  10.23    100     11  305.3  336.2  307.1
  794.0   2133   13.2    9.0     76   9.14    110     10  305.9  333.7  307.6
  775.0   2338   11.6    7.5     76   8.46    110     10  306.3  332.1  307.8
  765.7   2438   11.0    5.5     69   7.44    110     10  306.6  329.5  308.0
  738.1   2743    9.1   -0.7     50   4.95     95     11  307.8  323.4  308.8
  700.0   3183    6.4   -9.6     31   2.65     60     12  309.5  318.2  310.0
  664.0   3617    9.0  -21.0     10   1.09     42     13  317.2  321.0  317.4
  660.7   3657    8.8  -21.2     10   1.07     40     13  317.3  321.1  317.5
  612.5   4267    4.9  -25.1      9   0.82     60     11  319.9  322.9  320.1
  567.9   4876    1.1  -28.9      9   0.62     70      8  322.4  324.7  322.5
  500.0   5900   -5.3  -35.3      7   0.38    140      4  326.5  328.0  326.6
  487.4   6096   -6.8  -36.8      7   0.34    125      3  327.0  328.3  327.1
  400.0   7610  -18.7  -48.7      5   0.11     85      8  330.6  331.1  330.6
  399.5   7620  -18.8  -48.8      5   0.11     90     10  330.6  331.1  330.7
  357.0   8448  -23.5  -53.5      5   0.07     69      7  335.1  335.4  335.1
  323.8   9144  -29.4  -59.4      4   0.04     50      5  336.3  336.5  336.4
  300.0   9690  -34.1  -64.1      3   0.02     30     10  337.2  337.3  337.2
  272.0  10369  -40.1  -70.1      3   0.01     51     10  338.1  338.1  338.1
  260.2  10668  -42.9                          60     10  338.2         338.2
  250.0  10940  -45.5                          50     10  338.3         338.3
  221.0  11746  -54.3                          39     15  336.9         336.9
  200.0  12380  -58.7                          30     19  339.6         339.6
  176.0  13171  -65.7                          26     18  340.8         340.8
  150.0  14130  -71.3                          20     16  347.1         347.1
  130.0  14969  -76.3                          16     11  352.6         352.6
  124.0  15240  -77.1                          15     10  355.9         355.9
  121.0  15382  -77.5                          15      8  357.7         357.7
  111.7  15849  -75.8                          30      4  369.2         369.2
  100.5  16459  -73.6                          50      7  384.7         384.7
  100.0  16490  -73.5                          30      4  385.5         385.5
   96.0  16729  -73.3                          47      6  390.4         390.4
   91.0  17048  -66.7                          69      9  409.5         409.5
   90.7  17068  -66.7                          70      9  409.9         409.9
   78.0  17983  -66.1                          55     10  429.1         429.1
   70.0  18640  -65.7                          50     16  443.5         443.5
   61.0  19492  -59.3                          62     18  475.5         475.5
   50.0  20750  -56.1                          80     22  510.8         510.8
   45.0  21419  -57.1                                     524.0         524.0
   33.0  23423  -48.5                                     595.4         595.4
   30.0  24050  -49.5                                     609.1         609.1


      Station information and sounding indices

                         Station identifier: TNCM
                             Station number: 78866
                           Observation time: 741012/1200
                           Station latitude: 18.03
                          Station longitude: -63.11
                          Station elevation: 4.0
                            Showalter index: 8.65
                               Lifted index: -0.75
    LIFT computed using virtual temperature: -1.58
                                SWEAT index: 92.81
                                    K index: 12.10
                         Cross totals index: 10.70
                      Vertical totals index: 22.70
                        Totals totals index: 33.40
      Convective Available Potential Energy: 1164.58
             CAPE using virtual temperature: 1349.95
                      Convective Inhibition: -45.72
             CINS using virtual temperature: -24.03
                           Equilibrum Level: 154.99
 Equilibrum Level using virtual temperature: 154.79
                   Level of Free Convection: 818.37
             LFCT using virtual temperature: 863.42
                     Bulk Richardson Number: 194.06
          Bulk Richardson Number using CAPV: 224.95
  Temp [K] of the Lifted Condensation Level: 292.67
Pres [hPa] of the Lifted Condensation Level: 920.96
   Equivalent potential temp [K] of the LCL: 345.90
     Mean mixed layer potential temperature: 299.65
              Mean mixed layer mixing ratio: 15.81
              1000 hPa to 500 hPa thickness: 5762.00
Precipitable water [mm] for entire sounding: 36.09


    78866 TNCM Juliana Airport Observations at 12Z 13 Oct 1974

-----------------------------------------------------------------------------
   PRES   HGHT   TEMP   DWPT   RELH   MIXR   DRCT   SKNT   THTA   THTE   THTV
    hPa     m      C      C      %    g/kg    deg   knot     K      K      K 
-----------------------------------------------------------------------------
 1015.0      4   27.8   23.4     77  18.23     85      9  299.7  353.2  302.9
 1000.0    136   26.4   20.4     70  15.33     85     10  299.6  344.6  302.3
  981.0    304   24.8   20.1     75  15.33     80     12  299.6  344.6  302.4
  947.4    609   22.0   19.5     86  15.32     75     13  299.7  344.7  302.5
  918.0    885   19.4   19.0     98  15.31     75     16  299.8  344.7  302.5
  914.9    914   19.5   16.4     82  12.99     75     16  300.2  338.4  302.5
  899.0   1065   20.0    3.0     32   5.31     68     17  302.2  318.5  303.2
  883.0   1219   19.3    2.0     32   5.02     60     19  303.0  318.5  303.9
  850.0   1546   17.8   -0.2     30   4.46     60     19  304.8  318.7  305.6
  822.0   1828   16.0   -5.0     23   3.22     60     16  305.8  316.1  306.4
  792.9   2133   14.0  -10.2     18   2.22     70     17  306.9  314.1  307.3
  764.7   2438   12.1  -15.4     13   1.51     80     12  308.0  313.0  308.2
  744.0   2669   10.6  -19.4     10   1.11     95     11  308.8  312.6  309.0
  737.4   2743   10.2  -13.3     18   1.86    100     11  309.1  315.4  309.5
  716.0   2988    9.0    6.9     87   8.79    117     17  310.4  337.7  312.1
  700.0   3176    8.6    4.1     73   7.39    130     21  312.0  335.2  313.4
  662.0   3638    7.4    1.4     66   6.44    130     21  315.6  336.3  316.9
  660.5   3657    7.3    1.3     66   6.39    130     21  315.7  336.2  316.9
  614.0   4255    3.0   -3.0     65   5.02    125     16  317.4  333.8  318.4
  613.1   4267    2.9   -3.4     63   4.89    125     16  317.5  333.5  318.4
  574.0   4797   -0.9  -18.9     24   1.51    125     11  319.0  324.3  319.3
  568.4   4876   -0.9  -23.4     16   1.03    125     10  319.9  323.6  320.1
  559.0   5009   -0.9  -30.9      8   0.52    122     10  321.5  323.4  321.6
  500.0   5890   -6.9  -36.9      7   0.32    100      9  324.6  325.8  324.6
  486.7   6096   -8.2  -38.2      7   0.29     65     10  325.5  326.6  325.5
  400.0   7590  -17.7  -47.7      5   0.13     40      4  331.9  332.4  331.9
  398.3   7620  -17.9  -47.9      5   0.13     45      5  332.0  332.5  332.0
  322.6   9144  -30.1  -60.1      4   0.04     65      3  335.8  335.9  335.8
  300.0   9670  -34.3  -64.3      3   0.02     60      7  336.9  337.0  336.9
  267.0  10481  -40.1  -70.1      3   0.01     20      5  339.9  339.9  339.9
  259.8  10668  -41.7                          10      5  340.2         340.2
  250.0  10930  -43.9                         350      8  340.7         340.7
  200.0  12390  -54.9                          20      7  345.7         345.7
  150.0  14170  -69.3                          40      6  350.5         350.5
  137.0  14706  -72.9                          18      6  353.4         353.4
  125.0  15240  -74.4                         355      6  360.1         360.1
  108.0  16086  -76.7                         350      8  371.0         371.0
  100.0  16530  -75.1                         340      8  382.4         382.4
   96.0  16764  -75.3                          10      7  386.4         386.4
   84.0  17540  -75.9                          29      6  400.3         400.3
   77.9  17983  -71.8                          40      5  417.4         417.4
   70.0  18620  -65.9                          85      7  443.1         443.1
   50.0  20690  -60.7                          80     18  500.0         500.0
   40.0  22086  -58.9                          80     28  537.4         537.4
   30.0  23920  -52.7                          80     41  600.4         600.4
   20.0  26600  -45.5                          85     43  696.1         696.1
   17.0  27688  -43.3                                     736.3         736.3
   15.0  28528  -44.5                                     759.1         759.1


      Station information and sounding indices

                         Station identifier: TNCM
                             Station number: 78866
                           Observation time: 741013/1200
                           Station latitude: 18.03
                          Station longitude: -63.11
                          Station elevation: 4.0
                            Showalter index: 10.29
                               Lifted index: -2.24
    LIFT computed using virtual temperature: -3.07
                                SWEAT index: 46.99
                                    K index: 20.00
                         Cross totals index: 6.70
                      Vertical totals index: 24.70
                        Totals totals index: 31.40
      Convective Available Potential Energy: 754.85
             CAPE using virtual temperature: 976.13
                      Convective Inhibition: -40.67
             CINS using virtual temperature: -0.65
                           Equilibrum Level: 206.15
 Equilibrum Level using virtual temperature: 206.01
                   Level of Free Convection: 789.60
             LFCT using virtual temperature: 917.35
                     Bulk Richardson Number: 465.50
          Bulk Richardson Number using CAPV: 601.95
  Temp [K] of the Lifted Condensation Level: 292.56
Pres [hPa] of the Lifted Condensation Level: 920.10
   Equivalent potential temp [K] of the LCL: 345.60
     Mean mixed layer potential temperature: 299.62
              Mean mixed layer mixing ratio: 15.72
              1000 hPa to 500 hPa thickness: 5754.00
Precipitable water [mm] for entire sounding: 32.56


    78866 TNCM Juliana Airport Observations at 12Z 14 Oct 1974

-----------------------------------------------------------------------------
   PRES   HGHT   TEMP   DWPT   RELH   MIXR   DRCT   SKNT   THTA   THTE   THTV
    hPa     m      C      C      %    g/kg    deg   knot     K      K      K 
-----------------------------------------------------------------------------
 1015.0      4   28.2   23.5     76  18.34     90      9  300.1  354.0  303.4
 1000.0    138   27.0   22.4     76  17.39     90      9  300.1  351.3  303.3
  981.3    304   25.6   21.8     80  17.04     90      9  300.3  350.5  303.4
  947.9    609   22.9   20.6     87  16.42     90      7  300.6  349.0  303.5
  925.0    824   21.0   19.8     93  15.98     90      7  300.8  347.9  303.6
  915.4    914   20.6   18.4     87  14.79     90      7  301.2  344.9  303.9
  883.6   1219   19.2   13.7     71  11.30     95     10  302.8  336.6  304.9
  850.0   1554   17.6    8.6     56   8.31     85     13  304.6  329.8  306.1
  834.0   1716   16.8    3.8     42   6.06     85     14  305.4  324.1  306.5
  823.1   1828   16.2    3.3     42   5.93     85     14  305.9  324.2  307.0
  794.0   2133   14.5    2.0     43   5.60     85     16  307.2  324.7  308.3
  765.9   2438   12.8    0.7     44   5.28     85     20  308.6  325.1  309.5
  760.0   2503   12.4    0.4     44   5.21     85     21  308.8  325.2  309.8
  738.4   2743   10.2    2.9     61   6.42     85     24  309.0  329.0  310.2
  718.0   2977    8.0    5.3     83   7.84     82     25  309.1  333.3  310.5
  700.0   3187    7.4    4.2     80   7.44     80     25  310.6  333.9  312.0
  669.0   3560    7.0   -9.0     31   2.91     76     25  314.2  323.9  314.8
  661.1   3657    6.7  -11.0     27   2.51     75     25  314.9  323.3  315.4
  613.6   4267    4.4  -23.6     11   0.93     70     20  319.1  322.5  319.3
  605.0   4382    4.0  -26.0      9   0.76     76     21  319.9  322.7  320.1
  568.6   4876    0.5  -29.6      8   0.58    105     27  321.5  323.7  321.6
  500.0   5900   -6.9  -36.9      7   0.32    100     20  324.6  325.8  324.6
  487.4   6096   -8.6  -38.6      7   0.28    105     19  324.9  326.0  324.9
  448.0   6746  -14.1  -44.1      6   0.17    111     13  325.9  326.5  325.9
  400.0   7600  -18.3  -48.3      5   0.12    120      5  331.1  331.6  331.1
  398.9   7620  -18.4  -48.4      5   0.12    110      5  331.2  331.7  331.2
  354.0   8500  -23.9  -53.9      5   0.07     19      7  335.3  335.7  335.4
  323.4   9144  -29.6  -59.6      4   0.04    310      8  336.3  336.4  336.3
  300.0   9680  -34.3  -64.3      3   0.02    280     13  336.9  337.0  336.9
  272.0  10358  -40.1  -52.1     27   0.11    277     14  338.1  338.6  338.1
  259.9  10668  -42.0                         275     14  339.6         339.6
  250.0  10930  -43.7                         285     23  341.0         341.0
  216.0  11887  -50.8                         295     23  344.5         344.5
  200.0  12390  -54.5                         300     20  346.3         346.3
  150.0  14190  -66.5                         300     13  355.3         355.3
  135.0  14819  -71.3                         288      8  357.7         357.7
  125.6  15240  -73.5                         280      4  361.1         361.1
  121.0  15460  -74.7                         280      5  362.8         362.8
  115.0  15757  -72.5                         286      5  372.2         372.2
  107.4  16154  -74.2                         295      6  376.4         376.4
  100.0  16570  -75.9                         320     14  380.8         380.8
   70.0  18680  -66.5                          65     13  441.8         441.8
   60.0  19622  -63.5                          74     18  468.4         468.4
   58.0  19832  -60.5                          76     19  479.7         479.7
   50.0  20760  -59.9                          85     24  501.9         501.9
   30.0  23990  -56.3                          85     36  590.6         590.6
   28.0  24435  -49.7                          82     37  620.6         620.6
   20.0  26640  -48.9                          70     43  685.7         685.7
   17.0  27712  -46.7                                     725.4         725.4


      Station information and sounding indices

                         Station identifier: TNCM
                             Station number: 78866
                           Observation time: 741014/1200
                           Station latitude: 18.03
                          Station longitude: -63.11
                          Station elevation: 4.0
                            Showalter index: 4.52
                               Lifted index: -4.18
    LIFT computed using virtual temperature: -5.16
                                SWEAT index: 149.20
                                    K index: 29.90
                         Cross totals index: 15.50
                      Vertical totals index: 24.50
                        Totals totals index: 40.00
      Convective Available Potential Energy: 1757.64
             CAPE using virtual temperature: 2051.47
                      Convective Inhibition: -4.22
             CINS using virtual temperature: -1.76
                           Equilibrum Level: 174.93
 Equilibrum Level using virtual temperature: 173.89
                   Level of Free Convection: 896.04
             LFCT using virtual temperature: 925.82
                     Bulk Richardson Number: 182.90
          Bulk Richardson Number using CAPV: 213.47
  Temp [K] of the Lifted Condensation Level: 294.25
Pres [hPa] of the Lifted Condensation Level: 931.67
   Equivalent potential temp [K] of the LCL: 350.93
     Mean mixed layer potential temperature: 300.27
              Mean mixed layer mixing ratio: 17.24
              1000 hPa to 500 hPa thickness: 5762.00
Precipitable water [mm] for entire sounding: 37.80


    78866 TNCM Juliana Airport Observations at 12Z 17 Oct 1974

-----------------------------------------------------------------------------
   PRES   HGHT   TEMP   DWPT   RELH   MIXR   DRCT   SKNT   THTA   THTE   THTV
    hPa     m      C      C      %    g/kg    deg   knot     K      K      K 
-----------------------------------------------------------------------------
 1015.0      4   27.8   23.6     78  18.46     55     24  299.7  353.9  303.0
 1000.0    135   25.6   20.6     74  15.53     55     24  298.8  344.2  301.5
  980.7    304   24.2   19.7     76  14.96     60     23  299.0  342.9  301.7
  946.7    609   21.8   18.1     80  13.98     60     21  299.6  340.6  302.1
  914.0    914   19.3   16.4     84  13.04     70     22  300.1  338.5  302.4
  882.3   1219   16.8   14.8     88  12.16     80     25  300.5  336.4  302.7
  850.0   1542   14.2   13.1     93  11.27     80     26  301.0  334.4  303.1
  821.8   1828   14.4    7.0     61   7.70     80     24  304.2  327.6  305.6
  802.0   2035   14.6    2.6     44   5.79     80     23  306.5  324.4  307.6
  792.7   2133   14.3   -2.1     32   4.14     80     22  307.2  320.3  307.9
  765.0   2433   13.4  -16.6     11   1.37     75     22  309.3  314.0  309.6
  764.5   2438   13.4  -16.6     11   1.37     75     22  309.4  314.0  309.6
  737.2   2743   11.4  -18.6     11   1.20     75     24  310.4  314.5  310.6
  735.0   2768   11.2  -18.8     10   1.19     75     24  310.5  314.6  310.7
  700.0   3174    8.4    4.6     77   7.65     70     23  311.8  335.7  313.2
  660.1   3657    5.6    2.9     83   7.19     75     13  313.8  336.6  315.2
  647.0   3821    4.6    2.3     85   7.03     84     16  314.5  336.9  315.9
  634.0   3987    4.0   -2.0     65   5.24     94     19  315.7  332.6  316.7
  612.4   4267    2.3   -2.5     71   5.24    110     24  316.9  333.9  317.9
  574.0   4789   -0.9   -3.3     84   5.25    123     22  319.0  336.2  320.1
  567.7   4876   -1.3   -6.9     65   4.03    125     22  319.6  333.0  320.4
  523.0   5527   -4.1  -34.1      8   0.41    102     17  323.8  325.4  323.9
  500.0   5880   -6.5  -36.5      7   0.34     90     14  325.1  326.4  325.1
  486.1   6096   -8.0  -38.0      7   0.30     85      6  325.9  327.0  325.9
  400.0   7590  -18.3  -48.3      5   0.12     40      6  331.1  331.6  331.1
  398.3   7620  -18.5  -48.3      5   0.12     40      5  331.2  331.7  331.2
  322.6   9144  -29.7  -46.2     18   0.19    315     11  336.4  337.2  336.4
  300.0   9670  -33.5  -45.5     29   0.22    305     15  338.0  339.0  338.1
  267.0  10475  -40.1  -51.1     30   0.13    301     24  339.9  340.4  339.9
  259.5  10668  -41.7                         300     26  340.4         340.4
  250.0  10920  -43.7                         300     32  341.0         341.0
  236.7  11277  -46.6                         295     37  342.0         342.0
  205.8  12192  -54.0                         280     48  344.3         344.3
  200.0  12380  -55.5                         280     50  344.7         344.7
  186.9  12801  -59.4                         280     53  345.1         345.1
  170.0  13394  -64.9                         280     47  345.5         345.5
  161.2  13716  -66.6                         280     44  347.9         347.9
  150.0  14150  -68.9                         275     44  351.2         351.2
  124.6  15240  -74.1                         280     36  361.0         361.0
  118.3  15544  -75.5                         285     28  363.7         363.7
  115.0  15711  -76.3                         290     23  365.2         365.2
  112.3  15849  -76.1                         295     21  368.1         368.1
  101.1  16459  -75.0                         315      9  381.4         381.4
  100.0  16520  -74.9                         325      6  382.8         382.8
   84.0  17544  -72.3                           7     12  407.6         407.6
   70.0  18640  -65.5                          50     18  443.9         443.9
   50.0  20710  -60.7                          60     22  500.0         500.0
   46.0  21228  -62.3                          64     25  508.2         508.2
   39.0  22262  -57.3                          72     31  545.4         545.4
   34.0  23130  -57.9                          79     36  565.6         565.6
   30.0  23930  -53.1                          85     40  599.3         599.3
   20.0  26570  -48.9                                     685.7         685.7


      Station information and sounding indices

                         Station identifier: TNCM
                             Station number: 78866
                           Observation time: 741017/1200
                           Station latitude: 18.03
                          Station longitude: -63.11
                          Station elevation: 4.0
                            Showalter index: 2.80
                               Lifted index: -1.31
    LIFT computed using virtual temperature: -2.10
                                SWEAT index: 223.19
                                    K index: 30.00
                         Cross totals index: 19.60
                      Vertical totals index: 20.70
                        Totals totals index: 40.30
      Convective Available Potential Energy: 568.67
             CAPE using virtual temperature: 742.30
                      Convective Inhibition: -8.42
             CINS using virtual temperature: -3.51
                           Equilibrum Level: 215.70
 Equilibrum Level using virtual temperature: 215.50
                   Level of Free Convection: 901.81
             LFCT using virtual temperature: 912.10
                     Bulk Richardson Number: 48.12
          Bulk Richardson Number using CAPV: 62.81
  Temp [K] of the Lifted Condensation Level: 292.35
Pres [hPa] of the Lifted Condensation Level: 923.33
   Equivalent potential temp [K] of the LCL: 344.22
     Mean mixed layer potential temperature: 299.11
              Mean mixed layer mixing ratio: 15.47
              1000 hPa to 500 hPa thickness: 5745.00
Precipitable water [mm] for entire sounding: 40.21


    78866 TNCM Juliana Airport Observations at 12Z 19 Oct 1974

-----------------------------------------------------------------------------
   PRES   HGHT   TEMP   DWPT   RELH   MIXR   DRCT   SKNT   THTA   THTE   THTV
    hPa     m      C      C      %    g/kg    deg   knot     K      K      K 
-----------------------------------------------------------------------------
 1013.0      4   27.2   24.1     83  19.08    100     10  299.2  355.2  302.6
 1000.0    114   25.8   21.7     78  16.64    100     10  298.9  347.7  301.9
  978.7    304   24.3   21.7     86  17.02    100     11  299.2  349.1  302.3
  967.0    410   23.4   21.7     90  17.23    100     11  299.4  349.9  302.5
  945.1    609   22.2   19.6     85  15.44    100     11  300.2  345.6  302.9
  912.5    914   20.4   16.4     78  13.01     95     10  301.3  339.8  303.6
  889.0   1141   19.0   14.0     73  11.43     91     10  302.1  336.2  304.2
  881.0   1219   18.5   13.8     74  11.39     90     10  302.4  336.4  304.5
  850.0   1526   16.6   13.1     80  11.27     90      8  303.5  337.3  305.6
  820.2   1828   14.9   11.6     80  10.55     80      8  304.9  336.7  306.8
  791.2   2133   13.2   10.0     81   9.85    105      8  306.2  336.2  308.0
  767.0   2396   11.8    8.7     81   9.29    105     11  307.4  335.8  309.1
  763.1   2438   11.6    7.9     78   8.86    105     11  307.6  334.8  309.2
  735.6   2743   10.1    2.4     59   6.24    100     13  309.2  328.7  310.4
  700.0   3156    8.0   -5.0     39   3.78    105     14  311.3  323.5  312.0
  657.9   3657    5.1  -12.5     27   2.23    100     17  313.6  321.1  314.1
  610.1   4267    1.6  -21.7     16   1.11    120     13  316.4  320.4  316.7
  565.9   4876   -1.9  -30.8      9   0.52    130     10  319.2  321.2  319.3
  558.0   4989   -2.5  -32.5      8   0.45    135     10  319.7  321.4  319.8
  540.0   5248   -4.3  -14.3     46   2.35    145     10  320.6  328.7  321.1
  500.0   5850   -8.5  -18.5     44   1.79    170     10  322.6  328.9  323.0
  484.3   6096  -10.2  -14.5     71   2.58    215     10  323.4  332.3  323.9
  482.0   6133  -10.5  -13.9     76   2.72    216     10  323.6  332.9  324.1
  469.0   6344  -10.1  -18.1     52   1.97    222     10  326.6  333.6  327.0
  400.0   7550  -18.5  -29.5     37   0.83    255     10  330.9  334.0  331.0
  396.3   7620  -19.1  -27.6     47   1.00    260     10  330.9  334.7  331.1
  394.0   7663  -19.5  -26.5     54   1.12    262     10  331.0  335.1  331.2
  360.0   8329  -23.5  -35.5     32   0.52    285     13  334.3  336.3  334.4
  321.4   9144  -29.3  -43.2     25   0.26    315     17  337.2  338.3  337.2
  300.0   9640  -32.9  -47.9     21   0.17    330     10  338.9  339.6  338.9
  266.0  10471  -40.1  -54.1     21   0.09    314     26  340.2  340.6  340.2
  258.4  10668  -41.6                         310     30  340.9         340.9
  250.0  10890  -43.3                         310     37  341.6         341.6
  246.9  10972  -44.0                         310     40  341.7         341.7
  200.0  12350  -56.5                         315     50  343.1         343.1
  195.3  12496  -57.6                         310     51  343.8         343.8
  168.3  13411  -64.3                         315     41  347.5         347.5
  152.5  14020  -68.8                         320     31  349.8         349.8
  150.0  14120  -69.5                         315     25  350.2         350.2
  123.9  15240  -74.2                         290     23  361.3         361.3
  110.0  15941  -77.1                         300     23  368.3         368.3
  100.0  16490  -76.7                         290     20  379.3         379.3
   90.5  17068  -75.3                         290     13  393.1         393.1
   87.0  17297  -74.7                         316      9  398.7         398.7
   85.9  17373  -73.1                         325      8  403.4         403.4
   85.0  17433  -71.9                         330      8  407.0         407.0
   81.5  17678  -71.5                         350      6  412.6         412.6
   77.5  17983  -71.1                          30      7  419.7         419.7
   76.0  18095  -70.9                          40      8  422.3         422.3
   70.0  18590  -65.3                          85     11  444.4         444.4
   58.0  19748  -61.9                          82     19  476.5         476.5
   50.0  20670  -61.3                          80     25  498.6         498.6
   40.0  22053  -61.1                          76     31  531.9         531.9
   36.0  22712  -57.7                          74     34  557.0         557.0
   32.0  23452  -58.5                          71     37  573.9         573.9
   30.0  23860  -55.7                          70     39  592.2         592.2
   20.0  26510  -45.9                          80     46  694.9         694.9
   16.0  28002  -43.7                                     747.8         747.8
   14.0  28892  -47.1                                     765.4         765.4
   11.5  30207  -42.5                                     826.1         826.1


      Station information and sounding indices

                         Station identifier: TNCM
                             Station number: 78866
                           Observation time: 741019/1200
                           Station latitude: 18.03
                          Station longitude: -63.11
                          Station elevation: 4.0
                            Showalter index: -0.46
                               Lifted index: -5.19
    LIFT computed using virtual temperature: -5.89
                                SWEAT index: 183.21
                                    K index: 25.20
                         Cross totals index: 21.60
                      Vertical totals index: 25.10
                        Totals totals index: 46.70
      Convective Available Potential Energy: 1700.95
             CAPE using virtual temperature: 1931.70
                      Convective Inhibition: -10.44
             CINS using virtual temperature: -4.29
                           Equilibrum Level: 156.86
 Equilibrum Level using virtual temperature: 156.72
                   Level of Free Convection: 892.29
             LFCT using virtual temperature: 920.67
                     Bulk Richardson Number: 5606.22
          Bulk Richardson Number using CAPV: 6366.75
  Temp [K] of the Lifted Condensation Level: 294.34
Pres [hPa] of the Lifted Condensation Level: 944.05
   Equivalent potential temp [K] of the LCL: 349.29
     Mean mixed layer potential temperature: 299.23
              Mean mixed layer mixing ratio: 17.12
              1000 hPa to 500 hPa thickness: 5736.00
Precipitable water [mm] for entire sounding: 42.79


    78866 TNCM Juliana Airport Observations at 12Z 20 Oct 1974

-----------------------------------------------------------------------------
   PRES   HGHT   TEMP   DWPT   RELH   MIXR   DRCT   SKNT   THTA   THTE   THTV
    hPa     m      C      C      %    g/kg    deg   knot     K      K      K 
-----------------------------------------------------------------------------
 1015.0      4   27.4   24.5     84  19.52    120     16  299.3  356.5  302.8
 1000.0    136   26.4   24.2     88  19.45    120     17  299.6  356.7  303.0
  980.9    304   25.3   23.2     88  18.62    125     18  300.1  354.9  303.5
  947.2    609   23.4   21.3     88  17.19    130     20  301.2  351.9  304.3
  914.6    914   21.5   19.5     88  15.84    135     19  302.2  349.2  305.1
  883.2   1219   19.5   17.6     89  14.58    145     17  303.2  346.7  305.9
  850.0   1553   17.4   15.6     89  13.29    160     11  304.4  344.2  306.8
  822.9   1828   16.1   13.3     84  11.82    155     10  305.8  341.6  308.0
  793.8   2133   14.7   10.8     77  10.36    155     12  307.5  339.1  309.4
  765.8   2438   13.3    8.3     72   9.05    165     12  309.1  337.1  310.8
  741.0   2717   12.0    6.0     67   7.97    160     15  310.6  335.5  312.1
  738.7   2743   11.8    5.9     67   7.96    160     15  310.7  335.5  312.2
  700.0   3192    8.6    4.6     76   7.65    155     14  312.0  336.0  313.4
  668.0   3578    6.2    1.9     74   6.62    151     13  313.5  334.5  314.7
  661.5   3657    5.8    0.6     69   6.09    150     13  313.9  333.3  315.1
  627.0   4094    3.6   -6.4     48   3.80    139     11  316.2  328.7  317.0
  617.0   4225    3.6   -2.4     65   5.23    136     10  317.7  334.7  318.7
  613.8   4267    3.4   -3.5     61   4.84    135     10  317.9  333.8  318.9
  568.9   4876    0.2  -19.3     22   1.46    135      8  321.1  326.3  321.4
  534.0   5383   -2.5  -32.5      8   0.47    184      6  323.8  325.6  323.9
  500.0   5900   -6.3  -36.3      7   0.35    235      3  325.3  326.6  325.4
  487.5   6096   -7.6  -31.8     12   0.55    230      4  326.1  328.2  326.2
  464.0   6480  -10.1  -23.1     34   1.29    231      5  327.6  332.3  327.8
  400.0   7610  -17.1  -32.1     26   0.65    235      6  332.7  335.2  332.8
  399.5   7620  -17.2  -32.1     26   0.65    235      6  332.7  335.2  332.8
  367.0   8249  -22.5  -33.5     36   0.62    253      6  333.8  336.2  333.9
  345.0   8700  -25.1  -55.1      4   0.06    267      6  336.2  336.5  336.2
  332.0   8978  -27.1  -35.1     47   0.59    275      6  337.2  339.5  337.3
  324.4   9144  -28.4  -36.9     44   0.50    280      6  337.6  339.6  337.7
  300.0   9700  -32.7  -42.7     36   0.30     15      8  339.2  340.4  339.2
  260.8  10668  -39.8  -68.8      3   0.01    340     12  342.7  342.7  342.7
  259.0  10715  -40.1  -70.1      3   0.01    339     12  342.8  342.9  342.8
  250.0  10958  -34.5  -36.0     86   0.71    335     14  354.6  357.6  354.8
  200.0  12430  -54.3                         310     26  346.6         346.6
  197.9  12496  -54.8                         310     25  346.9         346.9
  170.8  13411  -61.6                         310     35  350.4         350.4
  150.0  14220  -67.7                         310     30  353.3         353.3
  126.2  15240  -74.9                         305     26  358.1         358.1
  125.0  15298  -75.3                         304     25  358.4         358.4
  118.0  15632  -76.1                         300     21  362.9         362.9
  113.7  15849  -75.9                         300     16  367.1         367.1
  102.3  16459  -75.4                         320      6  379.3         379.3
  100.0  16590  -75.3                         325      4  382.0         382.0
   97.1  16764  -75.0                         340      3  385.9         385.9
   83.0  17678  -73.3                         360      2  407.0         407.0
   80.0  17893  -72.9                          13      4  412.1         412.1
   74.0  18356  -68.3                          40      7  431.0         431.0
   70.0  18690  -68.3                          60     10  437.9         437.9
   69.0  18776  -69.7                          60     11  436.7         436.7
   50.0  20730  -60.5                          70     29  500.5         500.5
   30.0  24010  -52.5                          90     35  600.9         600.9


      Station information and sounding indices

                         Station identifier: TNCM
                             Station number: 78866
                           Observation time: 741020/1200
                           Station latitude: 18.03
                          Station longitude: -63.11
                          Station elevation: 4.0
                            Showalter index: -1.08
                               Lifted index: -5.02
    LIFT computed using virtual temperature: -6.12
                                SWEAT index: 212.18
                                    K index: 35.30
                         Cross totals index: 21.90
                      Vertical totals index: 23.70
                        Totals totals index: 45.60
      Convective Available Potential Energy: 2098.39
             CAPE using virtual temperature: 2348.80
                      Convective Inhibition: -7.24
             CINS using virtual temperature: -3.91
                           Equilibrum Level: 140.84
 Equilibrum Level using virtual temperature: 140.40
                   Level of Free Convection: 911.65
             LFCT using virtual temperature: 926.01
                     Bulk Richardson Number: 263.26
          Bulk Richardson Number using CAPV: 294.67
  Temp [K] of the Lifted Condensation Level: 296.03
Pres [hPa] of the Lifted Condensation Level: 954.83
   Equivalent potential temp [K] of the LCL: 355.19
     Mean mixed layer potential temperature: 299.98
              Mean mixed layer mixing ratio: 18.80
              1000 hPa to 500 hPa thickness: 5764.00
Precipitable water [mm] for entire sounding: 51.40


    78866 TNCM Juliana Airport Observations at 12Z 21 Oct 1974

-----------------------------------------------------------------------------
   PRES   HGHT   TEMP   DWPT   RELH   MIXR   DRCT   SKNT   THTA   THTE   THTV
    hPa     m      C      C      %    g/kg    deg   knot     K      K      K 
-----------------------------------------------------------------------------
 1016.0      4   28.2   24.6     81  19.62     65      7  300.0  357.7  303.5
 1000.0    145  -26.3  -30.6     67   0.30     65      7  246.8  247.7  246.9
  981.0    304  -12.5  -15.8     76   1.14     65      8  262.1  265.2  262.2
  945.6    609   13.9   12.5     92   9.74     65      8  291.6  319.5  293.4
  936.0    694   21.2   20.4     95  16.41     66      9  300.0  348.2  302.9
  913.4    914   20.0   16.1     78  12.80     70     13  300.9  338.7  303.2
  898.0   1067   19.2   13.2     68  10.73     73     15  301.5  333.4  303.4
  882.9   1219   18.5   12.5     68  10.39     75     17  302.2  333.2  304.1
  850.0   1558   16.8   10.8     68   9.66     70     13  303.7  332.8  305.5
  823.5   1828   16.1    6.2     52   7.29     70     13  305.8  328.1  307.1
  803.0   2043   15.6    2.6     42   5.78     70     13  307.4  325.4  308.5
  794.5   2133   14.8    4.1     49   6.49     70     13  307.5  327.6  308.7
  788.0   2202   14.2    5.2     55   7.09     70     13  307.6  329.5  308.9
  766.1   2438   12.8    3.6     53   6.50     70     12  308.6  328.8  309.8
  738.7   2743   11.0    1.5     52   5.80     75     12  309.9  328.1  311.0
  700.0   3193    8.4   -1.6     49   4.89     95      9  311.8  327.4  312.7
  664.0   3628    6.4    1.7     72   6.56     95      8  314.2  335.1  315.5
  661.7   3657    6.2    1.2     70   6.35     95      8  314.4  334.6  315.6
  626.0   4110    3.4   -6.6     48   3.75     80      7  316.1  328.5  316.9
  618.0   4214    2.6   -3.4     65   4.84     77      7  316.4  332.1  317.3
  614.0   4267    2.4   -4.3     61   4.55     75      7  316.7  331.6  317.6
  583.0   4684    0.6  -11.4     40   2.76     68      5  319.4  328.7  319.9
  569.0   4876   -0.6  -12.3     41   2.63     65      4  320.2  329.1  320.7
  500.0   5900   -7.1  -17.1     45   2.01     90      6  324.3  331.4  324.7
  487.4   6096   -8.2  -20.5     37   1.55     95      7  325.4  330.9  325.7
  400.0   7610  -16.5  -46.5      6   0.15     30      8  333.5  334.1  333.5
  399.4   7620  -16.6  -46.6      6   0.15     30      8  333.5  334.1  333.5
  324.2   9144  -28.2  -58.2      4   0.05     45     30  338.0  338.2  338.0
  300.0   9710  -32.5  -62.5      3   0.03    145      1  339.4  339.6  339.5
  265.0  10567  -40.1  -70.1      3   0.01    118      8  340.6  340.6  340.6
  261.1  10668  -41.0                         115      9  340.7         340.7
  250.0  10960  -43.7                         115      9  341.0         341.0
  207.1  12192  -53.8                          45      5  343.9         343.9
  200.0  12420  -55.7                          10      9  344.4         344.4
  188.1  12801  -58.4                           5     13  346.2         346.2
  162.2  13716  -64.9                          15     23  350.2         350.2
  150.0  14200  -68.3                          10     16  352.2         352.2
  125.5  15240  -72.8                         355     21  362.5         362.5
  100.0  16570  -78.5                          40     14  375.8         375.8
   96.7  16764  -78.5                          40     13  379.5         379.5
   94.0  16924  -78.5                          44     13  382.5         382.5
   89.0  17240  -73.1                          53     13  399.3         399.3
   83.0  17650  -73.7                          64     13  406.1         406.1
   70.0  18660  -68.7                          90     13  437.1         437.1
   50.0  20690  -65.5                          65     23  488.7         488.7
   30.0  23920  -50.3                          70     37  606.9         606.9
   20.0  26580  -48.7                          70     24  686.3         686.3
   17.5  27462  -46.5                                     720.0         720.0


      Station information and sounding indices

                         Station identifier: TNCM
                             Station number: 78866
                           Observation time: 741021/1200
                           Station latitude: 18.03
                          Station longitude: -63.11
                          Station elevation: 4.0
                            Showalter index: 2.92
                               Lifted index: 43.74
    LIFT computed using virtual temperature: 44.05
                                SWEAT index: 161.59
                                    K index: 24.70
                         Cross totals index: 17.90
                      Vertical totals index: 23.90
                        Totals totals index: 41.80
      Convective Available Potential Energy: 0.00
             CAPE using virtual temperature: 0.00
                      Convective Inhibition: 0.00
             CINS using virtual temperature: 0.00
                     Bulk Richardson Number: 0.00
          Bulk Richardson Number using CAPV: 0.00
  Temp [K] of the Lifted Condensation Level: 261.49
Pres [hPa] of the Lifted Condensation Level: 935.08
   Equivalent potential temp [K] of the LCL: 271.25
     Mean mixed layer potential temperature: 266.57
              Mean mixed layer mixing ratio: 4.18
              1000 hPa to 500 hPa thickness: 5755.00
Precipitable water [mm] for entire sounding: 34.07


    78866 TNCM Juliana Airport Observations at 12Z 22 Oct 1974

-----------------------------------------------------------------------------
   PRES   HGHT   TEMP   DWPT   RELH   MIXR   DRCT   SKNT   THTA   THTE   THTV
    hPa     m      C      C      %    g/kg    deg   knot     K      K      K 
-----------------------------------------------------------------------------
 1015.0      4   27.4   24.5     84  19.52     90     13  299.3  356.5  302.8
 1000.0    137   26.2   22.3     79  17.28     85     13  299.4  350.0  302.4
  981.1    304   24.9   21.4     81  16.65     80     12  299.7  348.6  302.7
  947.6    609   22.6   19.8     84  15.55     75     10  300.3  346.1  303.1
  915.2    914   20.2   18.1     88  14.50     75     10  300.9  343.7  303.5
  915.0    916   20.2   18.1     88  14.50     75     10  300.9  343.7  303.5
  883.4   1219   18.7   14.2     75  11.68     75     13  302.4  337.1  304.5
  850.0   1551   17.0   10.0     63   9.15     80     12  303.9  331.6  305.6
  822.7   1828   15.7    7.0     56   7.72     80     11  305.4  329.0  306.9
  793.6   2133   14.3    3.8     49   6.38     80     11  307.1  326.9  308.3
  771.0   2379   13.2    1.2     44   5.44     80     10  308.4  325.5  309.4
  765.5   2438   12.8    1.2     45   5.47     80     10  308.6  325.8  309.6
  738.1   2743   10.7    1.0     51   5.59     80      9  309.5  327.1  310.6
  715.0   3008    8.8    0.8     57   5.70     80     10  310.3  328.3  311.4
  700.0   3184    8.2   -1.8     49   4.81     80     10  311.5  326.9  312.4
  661.0   3656    5.6   -0.4     65   5.65     75      9  313.8  331.8  314.8
  660.9   3657    5.6   -0.4     65   5.65     75      9  313.8  331.8  314.8
  613.0   4267    2.4   -7.0     50   3.71     75     11  316.9  329.2  317.6
  579.0   4730    0.0  -12.0     40   2.65     79      9  319.3  328.3  319.8
  568.5   4876   -1.1  -12.4     42   2.61     80      9  319.7  328.6  320.2
  534.0   5373   -4.7  -13.7     49   2.50     26      6  321.1  329.7  321.6
  500.0   5890   -6.1  -24.1     23   1.10    330      2  325.5  329.5  325.8
  486.7   6096   -7.3  -26.8     20   0.89    340      3  326.6  329.9  326.7
  400.0   7600  -16.1  -46.1      6   0.15     90      5  334.0  334.6  334.0
  398.9   7620  -16.3  -46.3      6   0.15     90      5  334.0  334.7  334.1
  323.7   9144  -28.3  -58.3      4   0.05    140      1  337.9  338.1  337.9
  300.0   9700  -32.7  -62.7      3   0.03    170      2  339.2  339.3  339.2
  260.9  10668  -39.4  -69.4      3   0.01    115     10  343.2  343.2  343.2
  257.0  10772  -40.1  -70.1      3   0.01    108      9  343.6  343.6  343.6
  250.0  10960  -42.1                          95      7  343.3         343.3
  217.2  11887  -50.2                          55     17  344.9         344.9
  200.0  12430  -54.9                         110     16  345.7         345.7
  179.3  13106  -60.6                          15     16  347.3         347.3
  150.0  14210  -69.9                         190      8  349.5         349.5
  147.1  14325  -70.4                         190      8  350.6         350.6
  125.8  15240  -74.3                         215      6  359.5         359.5
  111.0  15969  -77.5                         250      5  366.6         366.6
  107.5  16154  -76.8                         240      4  371.3         371.3
  100.0  16570  -75.3                         190      2  382.0         382.0
   86.0  17443  -77.1                         133      6  395.2         395.2
   77.0  18091  -70.1                          91      9  422.4         422.4
   75.0  18248  -71.5                          81     10  422.7         422.7
   70.0  18660  -67.9                          55     12  438.8         438.8
   50.0  20700  -63.5                          75     22  493.4         493.4
   47.0  21081  -62.9                          76     21  503.7         503.7
   40.0  22094  -55.7                          77     18  545.5         545.5
   30.0  23930  -55.7                          80     13  592.2         592.2


      Station information and sounding indices

                         Station identifier: TNCM
                             Station number: 78866
                           Observation time: 741022/1200
                           Station latitude: 18.03
                          Station longitude: -63.11
                          Station elevation: 4.0
                            Showalter index: 4.50
                               Lifted index: -2.91
    LIFT computed using virtual temperature: -3.72
                                SWEAT index: 146.01
                                    K index: 23.10
                         Cross totals index: 16.10
                      Vertical totals index: 23.10
                        Totals totals index: 39.20
      Convective Available Potential Energy: 1251.96
             CAPE using virtual temperature: 1496.02
                      Convective Inhibition: -7.54
             CINS using virtual temperature: -3.86
                           Equilibrum Level: 149.98
 Equilibrum Level using virtual temperature: 149.95
                   Level of Free Convection: 910.09
             LFCT using virtual temperature: 923.54
                     Bulk Richardson Number: 1184.05
          Bulk Richardson Number using CAPV: 1414.88
  Temp [K] of the Lifted Condensation Level: 294.20
Pres [hPa] of the Lifted Condensation Level: 938.29
   Equivalent potential temp [K] of the LCL: 349.60
     Mean mixed layer potential temperature: 299.61
              Mean mixed layer mixing ratio: 17.08
              1000 hPa to 500 hPa thickness: 5753.00
Precipitable water [mm] for entire sounding: 42.10


    78866 TNCM Juliana Airport Observations at 12Z 23 Oct 1974

-----------------------------------------------------------------------------
   PRES   HGHT   TEMP   DWPT   RELH   MIXR   DRCT   SKNT   THTA   THTE   THTV
    hPa     m      C      C      %    g/kg    deg   knot     K      K      K 
-----------------------------------------------------------------------------
 1012.0      4   26.2   23.4     85  18.28     50      6  298.3  351.7  301.6
 1000.0    106   24.4   22.6     90  17.61     55      5  297.6  348.8  300.7
  977.7    304   23.0   21.8     93  17.10     55      5  298.1  347.9  301.1
  968.0    391   22.4   21.4     94  16.89     58      5  298.3  347.6  301.3
  944.0    609   21.2   19.3     89  15.21     65      6  299.2  343.8  302.0
  911.3    914   19.6   16.5     82  13.09     80      6  300.6  339.2  302.9
  893.0   1090   18.6   14.8     79  11.99     71      6  301.3  336.9  303.5
  879.7   1219   17.9   14.9     83  12.27     65      6  301.9  338.3  304.1
  850.0   1513   16.2   15.2     94  12.94     40      5  303.1  341.7  305.5
  818.7   1828   14.7   13.4     92  11.96     20      5  304.7  340.7  306.9
  789.6   2133   13.2   11.7     91  11.06     15      7  306.3  339.8  308.3
  761.4   2438   11.7   10.0     89  10.21     20      7  307.9  339.1  309.8
  734.3   2743   10.2    8.3     88   9.42     20      8  309.5  338.5  311.2
  700.0   3145    8.2    6.0     86   8.45     25      9  311.5  337.9  313.1
  657.3   3657    5.2    3.5     88   7.52     20      8  313.9  337.6  315.3
  609.8   4267    1.7    0.5     91   6.53    350      5  316.6  337.6  317.9
  565.8   4876   -1.8   -2.6     94   5.63    360      6  319.3  337.7  320.4
  557.0   5004   -2.5   -3.2     95   5.46      8      6  319.9  337.8  321.0
  546.0   5163   -1.3   -2.0     95   6.09     19      6  323.2  343.3  324.4
  514.0   5643   -5.3   -6.3     93   4.67     50      6  323.9  339.6  324.9
  500.0   5860   -7.7  -12.3     70   2.99     65      6  323.6  333.8  324.2
  494.0   5954   -9.3  -21.3     37   1.42     37      6  322.8  327.8  323.0
  485.0   6096   -9.3  -18.8     46   1.80    355      6  324.4  330.7  324.7
  462.0   6473   -9.5  -12.2     81   3.26    334      6  328.7  340.1  329.4
  451.0   6659  -11.7  -18.7     56   1.95    323      6  328.2  335.2  328.6
  440.0   6848  -12.1  -14.1     85   2.94    312      7  330.1  340.4  330.6
  425.0   7113  -14.9  -27.9     32   0.91    297      7  329.8  333.2  330.0
  400.0   7570  -17.3  -28.3     38   0.93    270      7  332.4  335.9  332.6
  397.3   7620  -17.6  -28.3     39   0.94    270      7  332.6  336.2  332.8
  368.0   8189  -21.5  -28.5     53   1.00    277      7  334.8  338.6  335.0
  352.0   8515  -24.5  -38.5     26   0.39    282      8  335.1  336.6  335.2
  325.0   9091  -28.1  -31.0     76   0.89    289      8  337.8  341.3  338.0
  322.6   9144  -28.5  -31.4     76   0.86    290      8  338.0  341.4  338.2
  306.0   9520  -31.3  -34.4     74   0.68    305     12  339.2  341.9  339.4
  300.0   9660  -32.7  -38.7     55   0.45    310     13  339.2  341.0  339.3
  284.0  10045  -35.7  -47.7     28   0.18    308     12  340.2  341.0  340.3
  262.0  10601  -40.1  -48.1     42   0.19    305     10  341.7  342.5  341.7
  259.4  10668  -40.8                         305     10  341.7         341.7
  250.0  10920  -43.3                         300     11  341.6         341.6
  215.7  11887  -51.8                         290    119  343.1         343.1
  205.8  12192  -54.5                         280     22  343.6         343.6
  200.0  12380  -56.1                          65     25  343.8         343.8
  150.0  14150  -69.7                         240     25  349.8         349.8
  124.4  15240  -73.7                         270     24  361.9         361.9
  100.9  16459  -78.1                         275     15  375.6         375.6
  100.0  16510  -78.3                         275     14  376.2         376.2
   81.9  17678  -73.2                         305      5  408.8         408.8
   70.0  18600  -69.1                          75      4  436.2         436.2
   66.0  18955  -65.5                                     451.4         451.4


      Station information and sounding indices

                         Station identifier: TNCM
                             Station number: 78866
                           Observation time: 741023/1200
                           Station latitude: 18.03
                          Station longitude: -63.11
                          Station elevation: 4.0
                            Showalter index: -1.50
                               Lifted index: -3.99
    LIFT computed using virtual temperature: -4.46
                                SWEAT index: 198.39
                                    K index: 36.90
                         Cross totals index: 22.90
                      Vertical totals index: 23.90
                        Totals totals index: 46.80
      Convective Available Potential Energy: 1243.09
             CAPE using virtual temperature: 1362.88
                      Convective Inhibition: -2.20
             CINS using virtual temperature: -0.42
                           Equilibrum Level: 164.69
 Equilibrum Level using virtual temperature: 163.22
                   Level of Free Convection: 921.54
             LFCT using virtual temperature: 944.32
                     Bulk Richardson Number: 1634.08
          Bulk Richardson Number using CAPV: 1791.55
  Temp [K] of the Lifted Condensation Level: 294.74
Pres [hPa] of the Lifted Condensation Level: 961.55
   Equivalent potential temp [K] of the LCL: 348.18
     Mean mixed layer potential temperature: 298.07
              Mean mixed layer mixing ratio: 17.22
              1000 hPa to 500 hPa thickness: 5754.00
Precipitable water [mm] for entire sounding: 56.47

Description of the data columns
<http://weather.uwyo.edu/upperair/columns.html> or sounding indices
<http://weather.uwyo.edu/upperair/indices.html>.

------------------------------------------------------------------------
/Interested in graduate studies in atmospheric science? Check out our
program at the University of Wyoming
<http://www.uwyo.edu/atsc/howtoapply/>/
------------------------------------------------------------------------
Questions about the weather data provided by this site can be addressed
to Larry Oolman (ldoolman@uwyo.edu) <mailto:ldoolman@uwyo.edu>
------------------------------------------------------------------------
