
    78866 TNCM Juliana Airport Observations at 12Z 04 May 1973

-----------------------------------------------------------------------------
   PRES   HGHT   TEMP   DWPT   RELH   MIXR   DRCT   SKNT   THTA   THTE   THTV
    hPa     m      C      C      %    g/kg    deg   knot     K      K      K 
-----------------------------------------------------------------------------
 1017.0      4   26.4   21.6     75  16.26     60     10  298.1  345.5  301.0
 1000.0     54   24.0   21.4     85  16.33     65     10  297.1  344.6  300.1
  973.6    304   22.2   20.2     88  15.56     75      9  297.6  342.9  300.4
  942.3    609   20.1   18.7     92  14.66    100      7  298.2  341.0  300.9
  933.0    702   19.4   18.3     93  14.40    108      7  298.4  340.4  301.0
  921.0    822   19.4   16.3     82  12.82    117      6  299.5  337.2  301.8
  911.8    914   18.7   15.9     84  12.62    125      6  299.7  336.8  301.9
  882.0   1219   16.5   14.6     89  11.99    145      6  300.2  335.6  302.4
  873.0   1314   15.8   14.2     90  11.79    153      6  300.4  335.2  302.5
  850.0   1557   15.2    8.2     63   8.09    175      5  302.1  326.4  303.5
  823.4   1828   16.6    3.4     41   5.95    200      5  306.3  324.8  307.4
  816.0   1905   17.0    2.0     36   5.45    206      5  307.5  324.5  308.5
  794.2   2133   15.4    0.7     37   5.09    225      7  308.2  324.2  309.1
  766.1   2438   13.3   -1.1     37   4.65    230      8  309.1  323.8  310.0
  742.0   2708   11.4   -2.6     37   4.28    239      8  309.9  323.5  310.7
  738.9   2743   11.0   -1.0     43   4.84    240      8  309.8  325.2  310.7
  728.0   2867    9.6    4.6     71   7.36    239      9  309.6  332.5  311.0
  700.0   3192    8.0    0.0     57   5.50    235     10  311.3  328.7  312.4
  660.5   3657    3.8   -3.6     58   4.45    230     11  311.8  326.0  312.6
  636.0   3961    1.0   -6.0     60   3.86    232     14  312.0  324.5  312.7
  611.8   4267    0.8  -21.1     18   1.17    235     17  315.2  319.3  315.5
  599.0   4434    0.7  -29.3      8   0.57    242     17  317.0  319.1  317.1
  582.0   4661    0.0  -30.0      8   0.55    251     17  318.8  320.9  318.9
  566.1   4876   -1.3  -31.3      8   0.50    260     17  319.9  321.8  320.0
  500.0   5840   -6.9  -36.9      7   0.32    285     19  324.6  325.8  324.6
  400.0   7540  -19.5  -49.5      5   0.10    275     17  329.6  330.0  329.6
  320.1   9144  -31.6  -61.6      4   0.03    280     39  334.5  334.6  334.5
  300.0   9610  -35.1  -65.1      3   0.02    275     40  335.8  335.9  335.8
  272.0  10287  -40.1  -70.1      3   0.01    275     51  338.1  338.1  338.1
  263.0  10517  -42.1                         275     55  338.4         338.4
  257.2  10668  -42.4                         275     57  340.2         340.2
  250.0  10860  -42.7                         270     64  342.4         342.4
  234.0  11303  -44.9                         268     72  345.6         345.6
  204.3  12192  -52.5                         265     88  347.3         347.3
  200.0  12330  -53.7                         265     89  347.6         347.6
  174.0  13205  -61.2                         265     96  349.3         349.3
  168.4  13411  -63.0                         265     96  349.7         349.7
  163.0  13615  -64.7                         268     89  350.0         350.0
  150.0  14120  -67.3                         275     72  354.0         354.0
  145.0  14325  -67.2                         275     69  357.7         357.7
  131.0  14937  -66.7                         285     53  369.0         369.0
  124.5  15240  -68.0                         290     45  372.1         372.1
  106.7  16154  -71.9                         290     40  381.5         381.5
  100.0  16540  -73.5                         295     36  385.5         385.5
   70.0  18610  -72.5                         290     12  428.9         428.9
   50.0  20640  -62.7                          95     17  495.3         495.3


      Station information and sounding indices

                         Station identifier: TNCM
                             Station number: 78866
                           Observation time: 730504/1200
                           Station latitude: 18.03
                          Station longitude: -63.11
                          Station elevation: 4.0
                            Showalter index: 6.21
                               Lifted index: -1.44
    LIFT computed using virtual temperature: -2.22
                                SWEAT index: 127.38
                                    K index: 22.30
                         Cross totals index: 15.10
                      Vertical totals index: 22.10
                        Totals totals index: 37.20
      Convective Available Potential Energy: 749.42
             CAPE using virtual temperature: 932.26
                      Convective Inhibition: -1.72
             CINS using virtual temperature: -0.79
                           Equilibrum Level: 251.15
 Equilibrum Level using virtual temperature: 251.16
                   Level of Free Convection: 933.52
             LFCT using virtual temperature: 938.98
                     Bulk Richardson Number: 24.93
          Bulk Richardson Number using CAPV: 31.01
  Temp [K] of the Lifted Condensation Level: 293.19
Pres [hPa] of the Lifted Condensation Level: 949.25
   Equivalent potential temp [K] of the LCL: 343.54
     Mean mixed layer potential temperature: 297.60
              Mean mixed layer mixing ratio: 15.82
              1000 hPa to 500 hPa thickness: 5786.00
Precipitable water [mm] for entire sounding: 36.51


    78866 TNCM Juliana Airport Observations at 12Z 05 May 1973

-----------------------------------------------------------------------------
   PRES   HGHT   TEMP   DWPT   RELH   MIXR   DRCT   SKNT   THTA   THTE   THTV
    hPa     m      C      C      %    g/kg    deg   knot     K      K      K 
-----------------------------------------------------------------------------
   93.0         -76.7                                     387.2         387.2
   70.0  18660  -73.5                         220      2  426.8         426.8
   64.0  19192  -67.1                         191      5  451.9         451.9
   53.0  20332  -65.7                         129     12  480.2         480.2
   50.0  20690  -61.1                         110     14  499.1         499.1
   43.0  21637  -57.1                         107     15  530.9         530.9
   39.0  22256  -57.7                         105     16  544.4         544.4
   30.0  23950  -48.5                         100     18  611.8         611.8
   23.0  25689  -51.3                         100     22  651.8         651.8
   20.0  26610  -45.7                         100     24  695.5         695.5
   10.0  31320  -37.1                          95     19  879.9         879.9


      Station information and sounding indices

                         Station identifier: TNCM
                             Station number: 78866
                           Observation time: 730505/1200
                           Station latitude: 18.03
                          Station longitude: -63.11
                          Station elevation: 4.0


    78866 TNCM Juliana Airport Observations at 12Z 06 May 1973

-----------------------------------------------------------------------------
   PRES   HGHT   TEMP   DWPT   RELH   MIXR   DRCT   SKNT   THTA   THTE   THTV
    hPa     m      C      C      %    g/kg    deg   knot     K      K      K 
-----------------------------------------------------------------------------
 1017.0      4   27.2   23.2     79  17.97    130     14  298.9  351.5  302.1
 1000.0    156   25.4   23.3     88  18.39    130     14  298.6  352.3  301.8
  983.4    304   24.2   23.0     93  18.37    140     15  298.8  352.5  302.1
  961.0    507   22.6   22.6    100  18.34    147     16  299.1  352.8  302.4
  949.8    609   22.1   21.5     96  17.32    150     17  299.6  350.4  302.7
  917.0    914   20.5   18.2     86  14.55    155      9  301.0  344.0  303.7
  885.4   1219   19.0   14.9     77  12.17    160     17  302.5  338.7  304.7
  878.0   1292   18.6   14.1     75  11.65    161     17  302.8  337.6  304.9
  850.0   1571   18.6    5.6     42   6.75    165     16  305.6  326.4  306.9
  825.0   1828   18.6    3.8     37   6.11    190     12  308.2  327.3  309.4
  823.0   1848   18.6    3.6     37   6.06    191     12  308.4  327.4  309.6
  795.7   2133   16.4    2.5     39   5.78    205     13  309.1  327.3  310.2
  767.5   2438   14.1    1.3     42   5.50    200     18  309.8  327.2  310.9
  740.2   2743   11.8    0.1     44   5.22    200     20  310.5  327.1  311.5
  700.0   3214    8.2   -1.8     49   4.81    205     18  311.5  326.9  312.4
  670.0   3575    5.4   -1.6     61   5.11    209     16  312.3  328.6  313.3
  663.2   3657    2.9   -9.4     40   2.84    210     15  310.4  319.6  310.9
  661.0   3685    2.0  -12.0     35   2.32    210     15  309.7  317.3  310.1
  614.9   4267    0.8   -6.6     58   3.82    205     16  314.8  327.3  315.5
  599.0   4478    0.4   -4.6     69   4.56    202     15  316.7  331.6  317.6
  587.0   4641    0.5   -3.9     72   4.91    199     14  318.6  334.7  319.6
  569.9   4876   -1.0   -7.6     61   3.81    195     13  319.6  332.3  320.3
  530.0   5454   -4.7  -16.7     39   1.96    228     14  321.8  328.7  322.2
  519.0   5619   -6.3  -10.8     70   3.25    238     14  321.9  332.9  322.5
  500.0   5910   -8.7  -10.1     90   3.57    255     15  322.4  334.4  323.1
  491.0   6050  -10.1  -10.8     95   3.44    255     16  322.3  333.9  323.0
  488.1   6096  -10.5  -11.3     94   3.33    255     16  322.4  333.7  323.1
  460.0   6549  -14.1  -16.0     86   2.40    258     18  323.4  331.7  323.9
  456.0   6615  -14.5  -23.5     46   1.27    258     18  323.7  328.3  324.0
  449.0   6732  -14.5  -18.8     70   1.94    259     19  325.1  332.0  325.5
  435.0   6972  -15.1  -27.1     35   0.96    261     20  327.3  330.9  327.5
  400.0   7600  -18.9  -29.9     37   0.80    265     23  330.3  333.4  330.5
  398.9   7620  -19.0  -30.4     36   0.77    260     22  330.4  333.4  330.6
  341.0   8770  -26.5  -56.5      4   0.05    264     34  335.4  335.6  335.4
  323.5   9144  -29.8  -53.6      8   0.08    265     38  336.0  336.3  336.0
  300.0   9680  -34.5  -49.5     20   0.14    270     45  336.6  337.2  336.7
  277.0  10236  -39.1  -46.1     47   0.22    270     48  337.8  338.7  337.8
  264.0  10568  -40.1  -45.1     59   0.26    270     50  341.0  342.1  341.0
  260.2  10668  -41.0                         270     51  341.1         341.1
  250.0  10940  -43.3                         265     54  341.6         341.6
  226.6  11582  -48.8                         260     65  342.9         342.9
  200.0  12400  -55.7                         255     78  344.4         344.4
  192.0  12657  -57.9                         255     87  345.0         345.0
  182.0  12994  -60.7                         260     84  345.7         345.7
  150.0  14180  -66.7                         280     74  355.0         355.0
  125.7  15240  -67.8                         290     56  371.3         371.3
  117.0  15672  -68.3                         297     35  378.1         378.1
  113.6  15849  -69.3                         300     26  379.6         379.6
  100.0  16600  -73.5                         290     14  385.5         385.5
   70.0  18670  -72.5                         120      9  428.9         428.9
   50.0  20700  -63.1                         115     20  494.4         494.4
   30.0  23950  -51.1                         115     26  604.7         604.7
   20.0  26610  -45.3                          80     15  696.7         696.7
   10.0  31270  -37.7                         130     30  877.7         877.7
    7.0  33660  -33.7                                     988.3         988.3


      Station information and sounding indices

                         Station identifier: TNCM
                             Station number: 78866
                           Observation time: 730506/1200
                           Station latitude: 18.03
                          Station longitude: -63.11
                          Station elevation: 4.0
                            Showalter index: 4.41
                               Lifted index: -6.45
    LIFT computed using virtual temperature: -6.95
                                SWEAT index: 114.21
                                    K index: 22.90
                         Cross totals index: 14.30
                      Vertical totals index: 27.30
                        Totals totals index: 41.60
      Convective Available Potential Energy: 2403.15
             CAPE using virtual temperature: 2644.42
                      Convective Inhibition: -0.22
             CINS using virtual temperature: -0.14
                           Equilibrum Level: 159.18
 Equilibrum Level using virtual temperature: 158.91
                   Level of Free Convection: 949.58
             LFCT using virtual temperature: 955.19
                     Bulk Richardson Number: 118.51
          Bulk Richardson Number using CAPV: 130.41
  Temp [K] of the Lifted Condensation Level: 295.79
Pres [hPa] of the Lifted Condensation Level: 965.25
   Equivalent potential temp [K] of the LCL: 352.32
     Mean mixed layer potential temperature: 298.80
              Mean mixed layer mixing ratio: 18.31
              1000 hPa to 500 hPa thickness: 5754.00
Precipitable water [mm] for entire sounding: 43.99


    78866 TNCM Juliana Airport Observations at 12Z 09 May 1973

-----------------------------------------------------------------------------
   PRES   HGHT   TEMP   DWPT   RELH   MIXR   DRCT   SKNT   THTA   THTE   THTV
    hPa     m      C      C      %    g/kg    deg   knot     K      K      K 
-----------------------------------------------------------------------------
 1018.0      4   27.0   23.4     81  18.17     95     16  298.6  351.8  301.9
 1000.0    162   25.8   22.9     84  17.94     95     16  298.9  351.5  302.1
  984.0    304   24.5   22.1     86  17.36    100     16  299.1  349.9  302.1
  958.0    540   22.4   20.8     91  16.43    100     16  299.2  347.3  302.1
  950.5    609   22.1   19.6     86  15.32    100     16  299.6  344.5  302.3
  917.8    914   20.8   14.1     65  11.13    100     16  301.2  334.3  303.3
  908.0   1008   20.4   12.4     60  10.06    102     16  301.8  331.8  303.6
  886.0   1220   18.8   11.8     64   9.90    105     16  302.2  331.8  304.0
  850.0   1576   16.6    5.6     48   6.75    105     17  303.5  324.1  304.8
  825.2   1828   14.9    6.7     58   7.53     95     18  304.3  327.2  305.7
  815.0   1933   14.2    7.2     63   7.88     92     17  304.6  328.6  306.1
  796.0   2133   13.7    4.4     53   6.61     85     16  306.2  326.6  307.4
  783.0   2272   13.4    2.4     47   5.84     83     16  307.3  325.5  308.4
  767.6   2438   12.4    1.6     48   5.62     80     15  308.0  325.6  309.0
  740.0   2743   10.6    0.1     48   5.23     80     13  309.2  325.7  310.2
  700.0   3207    7.8   -2.2     49   4.67     90     11  311.1  326.0  312.0
  662.6   3657    5.2   -3.3     54   4.55     85     11  313.1  327.7  313.9
  652.0   3789    4.4   -3.6     56   4.52     77     10  313.6  328.2  314.5
  643.0   3902    3.6   -8.4     41   3.17     71      9  314.0  324.4  314.6
  614.6   4267    2.0  -11.2     37   2.66     50      7  316.2  325.1  316.7
  597.0   4502    1.0  -13.0     34   2.37     37      8  317.7  325.7  318.1
  569.5   4876   -1.9  -17.8     29   1.67     15      9  318.5  324.3  318.9
  538.0   5328   -5.5  -23.5     23   1.07     92      8  319.5  323.4  319.7
  500.0   5900   -7.9  -37.9      7   0.29    190      6  323.3  324.5  323.4
  400.0   7600  -20.1  -32.1     34   0.65    265     13  328.8  331.3  328.9
  371.0   8152  -25.1  -32.1     52   0.70    263     18  329.3  331.9  329.4
  322.8   9144  -32.2  -40.0     46   0.37    260     28  332.9  334.3  332.9
  312.0   9386  -33.9  -41.9     44   0.31    269     26  333.7  335.0  333.8
  300.0   9660  -34.3  -47.3     26   0.18    280     24  336.9  337.7  336.9
  277.0  10209  -40.1  -70.1      3   0.01    277     26  336.3  336.4  336.3
  258.8  10668  -43.3                         275     27  338.2         338.2
  250.0  10900  -44.9                         265     29  339.2         339.2
  214.8  11887  -53.6                         260     23  340.7         340.7
  200.0  12350  -57.7                         270     21  341.2         341.2
  178.0  13079  -63.3                         276     25  343.6         343.6
  150.0  14130  -65.7                         285     32  356.7         356.7
  124.6  15240  -67.9                         310     35  372.1         372.1
  107.0  16154  -69.7                         330     26  385.3         385.3
  100.0  16560  -70.5                         295     21  391.3         391.3
   91.0  17120  -71.9                         288     20  399.2         399.2
   87.2  17373  -71.6                         285     19  404.6         404.6
   74.8  18288  -70.7                         200      6  424.9         424.9
   73.0  18429  -70.5                         182      6  428.1         428.1
   70.0  18680  -69.5                         150      7  435.4         435.4
   50.0  20740  -59.3                         115     19  503.3         503.3
   37.0  22631  -58.7                         118     20  550.1         550.1
   35.0  22984  -54.3                         118     20  570.3         570.3
   30.0  23970  -55.5                         120     20  592.7         592.7
   20.0  26610  -46.5                         145      8  693.1         693.1
   15.0  28531  -43.5                                     762.4         762.4


      Station information and sounding indices

                         Station identifier: TNCM
                             Station number: 78866
                           Observation time: 730509/1200
                           Station latitude: 18.03
                          Station longitude: -63.11
                          Station elevation: 4.0
                            Showalter index: 6.37
                               Lifted index: -4.90
    LIFT computed using virtual temperature: -5.86
                                SWEAT index: 107.20
                                    K index: 20.10
                         Cross totals index: 13.50
                      Vertical totals index: 24.50
                        Totals totals index: 38.00
      Convective Available Potential Energy: 2429.74
             CAPE using virtual temperature: 2704.72
                      Convective Inhibition: -7.68
             CINS using virtual temperature: -0.40
                           Equilibrum Level: 163.71
 Equilibrum Level using virtual temperature: 163.56
                   Level of Free Convection: 896.27
             LFCT using virtual temperature: 945.35
                     Bulk Richardson Number: 829.51
          Bulk Richardson Number using CAPV: 923.39
  Temp [K] of the Lifted Condensation Level: 294.86
Pres [hPa] of the Lifted Condensation Level: 952.77
   Equivalent potential temp [K] of the LCL: 350.15
     Mean mixed layer potential temperature: 298.97
              Mean mixed layer mixing ratio: 17.51
              1000 hPa to 500 hPa thickness: 5738.00
Precipitable water [mm] for entire sounding: 38.14


    78866 TNCM Juliana Airport Observations at 12Z 10 May 1973

-----------------------------------------------------------------------------
   PRES   HGHT   TEMP   DWPT   RELH   MIXR   DRCT   SKNT   THTA   THTE   THTV
    hPa     m      C      C      %    g/kg    deg   knot     K      K      K 
-----------------------------------------------------------------------------
 1017.0      4   28.0   22.0     70  16.67    170      5  299.7  348.7  302.7
 1000.0    156   25.4   20.9     76  15.83    115     13  298.6  344.8  301.4
  964.0    477   21.6   19.9     90  15.42    118     13  297.9  342.8  300.6
  850.0   1560   15.2   10.6     74   9.53    130     15  302.1  330.5  303.8
  798.0   2095   14.0   -2.0     33   4.16    120     80  306.3  319.4  307.0
  700.0   3188    7.6   -2.4     49   4.60    100    216  310.9  325.6  311.7
  644.0   3872    4.2   -9.8     35   2.84    143    165  314.5  323.9  315.1
  583.0   4673   -2.3  -14.3     39   2.18    195    105  316.0  323.4  316.4
  500.0   5880   -8.5  -25.5     24   0.97    275     12  322.6  326.1  322.8
  429.0   7048  -15.5  -45.5      6   0.15    278     21  328.1  328.8  328.2
  400.0   7570  -19.9  -32.9     30   0.60    280     25  329.0  331.3  329.2
  300.0   9650  -34.5  -64.5      3   0.02    310     19  336.6  336.7  336.6
  274.0  10274  -40.1  -70.1      3   0.01    312     21  337.4  337.4  337.4
  250.0  10890  -45.7                         315     24  338.0         338.0
  200.0  12340  -57.9                         295     16  340.9         340.9
  178.0  13064  -63.3                         297     18  343.6         343.6
  150.0  14110  -64.5                         300     21  358.8         358.8
  122.0  15358  -70.3                         310     20  370.0         370.0
  100.0  16540  -71.1                         310     19  390.1         390.1
   74.5  18288  -69.3                         170      5  428.1         428.1
   70.0  18661  -68.9                         159      8  436.6         436.6
   58.1  19812  -65.9                         125     16  467.3         467.3
   45.4  21336  -62.0                         110     21  511.0         511.0
   30.0  23895  -55.3                         131     17  593.3         593.3
   27.8  24384  -54.0                         135     16  609.8         609.8
   19.1  26822  -47.4                         210      7  699.2         699.2
   18.0  27220  -46.3                         223      5  714.9         714.9
   17.4  27432  -45.6                         230      4  723.6         723.6
   12.0  29969  -36.7                                     836.6         836.6
   10.0  31228  -37.9                                     876.9         876.9


      Station information and sounding indices

                         Station identifier: TNCM
                             Station number: 78866
                           Observation time: 730510/1200
                           Station latitude: 18.03
                          Station longitude: -63.11
                          Station elevation: 4.0
                            Showalter index: 2.57
                               Lifted index: -3.42
    LIFT computed using virtual temperature: -4.12
                                SWEAT index: 169.20
                                    K index: 24.30
                         Cross totals index: 19.10
                      Vertical totals index: 23.70
                        Totals totals index: 42.80
      Convective Available Potential Energy: 1236.23
             CAPE using virtual temperature: 1467.04
                      Convective Inhibition: -1.55
             CINS using virtual temperature: 0.00
                           Equilibrum Level: 176.55
 Equilibrum Level using virtual temperature: 176.52
                   Level of Free Convection: 915.34
             LFCT using virtual temperature: 934.27
                     Bulk Richardson Number: 3.05
          Bulk Richardson Number using CAPV: 3.62
  Temp [K] of the Lifted Condensation Level: 292.96
Pres [hPa] of the Lifted Condensation Level: 937.00
   Equivalent potential temp [K] of the LCL: 344.52
     Mean mixed layer potential temperature: 298.47
              Mean mixed layer mixing ratio: 15.80
              1000 hPa to 500 hPa thickness: 5724.00
Precipitable water [mm] for entire sounding: 36.91


    78866 TNCM Juliana Airport Observations at 12Z 11 May 1973

-----------------------------------------------------------------------------
   PRES   HGHT   TEMP   DWPT   RELH   MIXR   DRCT   SKNT   THTA   THTE   THTV
    hPa     m      C      C      %    g/kg    deg   knot     K      K      K 
-----------------------------------------------------------------------------
 1016.0      4   27.6   23.6     79  18.44    240      2  299.4  353.5  302.7
 1000.0    145   26.8   23.1     80  18.17    120     17  299.9  353.4  303.2
  911.0    964   20.0   19.2     95  15.63    134     19  301.1  347.2  303.9
  850.0   1563   17.4   15.9     91  13.55    145     21  304.4  345.0  306.8
  798.0   2100   13.0   11.1     88  10.50    155     16  305.2  336.9  307.1
  765.0   2456   13.4    1.4     44   5.57    161     13  309.3  326.9  310.4
  700.0   3197    9.2  -11.8     21   2.22    175      6  312.6  320.1  313.1
  545.0   5230   -1.1  -31.1      8   0.53    238      9  323.6  325.6  323.7
  500.0   5910   -6.3  -36.3      7   0.35    260     10  325.3  326.6  325.4
  400.0   7620  -18.3  -34.3     23   0.53    285     23  331.1  333.2  331.2
  360.0   8401  -22.9  -52.9      5   0.08    292     25  335.1  335.4  335.1
  300.0   9710  -33.7  -46.7     26   0.19    305     28  337.8  338.6  337.8
  277.0  10267  -36.5  -50.5     22   0.13    298     29  341.5  342.1  341.5
  262.0  10651  -40.1  -54.1     21   0.09    294     30  341.7  342.1  341.7
  250.0  10970  -42.3                         290     31  343.0         343.0
  200.0  12440  -55.1                         315     38  345.4         345.4
  169.0  13498  -62.3                         315     43  350.4         350.4
  150.0  14230  -64.7                         315     47  358.4         358.4
  142.0  14564  -64.7                         316     43  364.1         364.1
  114.0  15877  -72.7                         318     25  372.8         372.8
  100.0  16640  -75.3                         320     15  382.0         382.0
   95.0  16940  -71.5                         305     13  395.1         395.1
   83.0  17737  -72.5                         267      6  408.6         408.6
   75.7  18288  -70.1                         240      2  424.5         424.5
   70.0  18750  -68.1                         130      6  438.4         438.4
   65.0  19202  -66.8                         110     11  450.5         450.5
   50.0  20800  -62.3                         100     19  496.2         496.2
   45.9  21336  -60.9                         110     20  512.0         512.0
   37.8  22555  -57.6                         130     20  549.5         549.5
   33.0  23407  -55.3                         142     14  577.4         577.4
   30.0  24020  -51.7                         150     10  603.1         603.1
   28.4  24384  -49.5                         155      8  618.9         618.9
   27.0  24710  -47.5                         160      7  633.3         633.3
   23.6  25603  -47.0                         175      5  659.7         659.7
   20.0  26700  -46.3                         164      9  693.7         693.7
   18.8  27127  -45.2                         160     10  709.9         709.9
   18.0  27402  -44.5                                     720.5         720.5


      Station information and sounding indices

                         Station identifier: TNCM
                             Station number: 78866
                           Observation time: 730511/1200
                           Station latitude: 18.03
                          Station longitude: -63.11
                          Station elevation: 4.0
                            Showalter index: -1.37
                               Lifted index: -4.05
    LIFT computed using virtual temperature: -5.06
                                SWEAT index: 242.80
                                    K index: 18.60
                         Cross totals index: 22.20
                      Vertical totals index: 23.70
                        Totals totals index: 45.90
      Convective Available Potential Energy: 1837.56
             CAPE using virtual temperature: 2126.24
                      Convective Inhibition: -4.36
             CINS using virtual temperature: -2.46
                           Equilibrum Level: 164.89
 Equilibrum Level using virtual temperature: 164.83
                   Level of Free Convection: 925.86
             LFCT using virtual temperature: 931.50
                     Bulk Richardson Number: 191.93
          Bulk Richardson Number using CAPV: 222.08
  Temp [K] of the Lifted Condensation Level: 294.92
Pres [hPa] of the Lifted Condensation Level: 941.59
   Equivalent potential temp [K] of the LCL: 352.29
     Mean mixed layer potential temperature: 300.05
              Mean mixed layer mixing ratio: 17.80
              1000 hPa to 500 hPa thickness: 5765.00
Precipitable water [mm] for entire sounding: 42.14


    78866 TNCM Juliana Airport Observations at 12Z 13 May 1973

-----------------------------------------------------------------------------
   PRES   HGHT   TEMP   DWPT   RELH   MIXR   DRCT   SKNT   THTA   THTE   THTV
    hPa     m      C      C      %    g/kg    deg   knot     K      K      K 
-----------------------------------------------------------------------------
 1017.0      4   26.4   21.9     76  16.57    110     12  298.1  346.4  301.1
 1000.0    155   25.6   21.7     79  16.64    115     13  298.8  347.4  301.7
  983.1    304   24.4   21.2     82  16.41    120     16  299.0  347.0  301.9
  949.5    609   21.9   20.2     90  15.92    120     18  299.4  346.1  302.3
  935.0    744   20.8   19.7     93  15.71    122     19  299.6  345.7  302.5
  916.7    914   19.7   18.3     92  14.67    125     20  300.2  343.4  302.8
  884.8   1219   17.7   15.8     89  12.94    125     19  301.2  339.4  303.5
  850.0   1564   15.4   13.0     86  11.19    125     17  302.3  335.6  304.3
  823.7   1828   13.9   11.0     83  10.07    125     14  303.4  333.6  305.2
  794.3   2133   12.1    8.6     79   8.90    130     11  304.6  331.6  306.3
  765.9   2438   10.3    6.2     76   7.84    115      9  305.9  329.8  307.3
  738.5   2743    8.5    3.9     73   6.88     85      7  307.1  328.4  308.4
  731.0   2829    8.0    3.2     72   6.63     84      7  307.5  328.0  308.7
  700.0   3187    8.2  -21.8     10   0.96     80      8  311.5  314.9  311.7
  668.0   3573    8.0  -22.0     10   0.99     80      8  315.5  319.0  315.7
  661.2   3657    7.5  -22.5     10   0.95     80      8  315.9  319.2  316.0
  613.2   4267    3.7  -26.3      9   0.73    130      5  318.3  321.0  318.5
  568.9   4876   -0.1  -30.1      8   0.55    215      4  320.8  322.9  320.9
  549.0   5165   -1.9  -31.9      8   0.48    225      4  321.9  323.8  322.0
  527.0   5488   -5.1  -18.1     35   1.75    236      4  321.9  328.0  322.2
  500.0   5900   -8.3  -38.3      7   0.28    250      4  322.9  324.0  322.9
  487.3   6096   -9.5  -39.5      7   0.26    255      6  323.8  324.8  323.8
  400.0   7600  -18.7  -48.7      5   0.11    245     22  330.6  331.1  330.6
  398.9   7620  -18.9  -48.5      5   0.12    245     22  330.6  331.1  330.7
  344.0   8704  -27.3  -39.3     31   0.37    270     30  333.5  335.0  333.6
  332.0   8959  -27.3  -57.3      4   0.05    276     32  336.9  337.1  336.9
  323.5   9144  -28.7  -58.7      4   0.04    280     33  337.5  337.7  337.5
  300.0   9680  -32.7  -62.7      3   0.03    280     41  339.2  339.3  339.2
  268.0  10461  -40.1  -70.1      3   0.01    280     45  339.5  339.6  339.5
  259.9  10668  -42.0                         280     46  339.8         339.8
  250.0  10930  -44.3                         280     47  340.1         340.1
  200.0  12390  -55.5                         285     49  344.7         344.7
  153.9  14020  -65.3                         285     58  354.7         354.7
  150.0  14180  -66.3                         285     56  355.7         355.7
  128.0  15133  -70.3                         280     49  365.0         365.0
  125.7  15240  -69.7                         290     48  367.9         367.9
  122.0  15419  -68.7                         285     44  372.9         372.9
  100.0  16600  -72.7                         250     18  387.0         387.0
   97.2  16764  -73.2                         245     18  389.2         389.2
   93.0  17024  -73.9                         223     17  392.8         392.8
   89.0  17282  -70.5                         202     15  404.5         404.5
   70.0  18700  -71.9                          85      8  430.2         430.2
   50.0  20730  -63.3                         115     14  493.9         493.9
   30.0  23950  -53.3                         100     31  598.7         598.7
   24.0  25394  -52.1                         122     28  641.6         641.6
   20.0  26600  -43.3                         140     25  702.9         702.9
   19.0  26948  -39.7                         136     25  724.4         724.4
   13.0  29541  -40.5                         109     26  804.6         804.6
   10.0  31340  -37.9                          90     26  876.9         876.9
    8.0  32902  -29.9                                     966.4         966.4
    7.0  33850  -30.7                                    1000.7        1000.7
    6.0  34943  -31.3                                    1043.2        1043.2


      Station information and sounding indices

                         Station identifier: TNCM
                             Station number: 78866
                           Observation time: 730513/1200
                           Station latitude: 18.03
                          Station longitude: -63.11
                          Station elevation: 4.0
                            Showalter index: 0.46
                               Lifted index: -4.11
    LIFT computed using virtual temperature: -4.98
                                SWEAT index: 194.00
                                    K index: 6.70
                         Cross totals index: 21.30
                      Vertical totals index: 23.70
                        Totals totals index: 45.00
      Convective Available Potential Energy: 1176.36
             CAPE using virtual temperature: 1423.39
                      Convective Inhibition: -6.55
             CINS using virtual temperature: -4.92
                           Equilibrum Level: 191.25
 Equilibrum Level using virtual temperature: 190.79
                   Level of Free Convection: 912.36
             LFCT using virtual temperature: 920.79
                     Bulk Richardson Number: 295.19
          Bulk Richardson Number using CAPV: 357.18
  Temp [K] of the Lifted Condensation Level: 293.65
Pres [hPa] of the Lifted Condensation Level: 940.66
   Equivalent potential temp [K] of the LCL: 346.85
     Mean mixed layer potential temperature: 298.84
              Mean mixed layer mixing ratio: 16.44
              1000 hPa to 500 hPa thickness: 5745.00
Precipitable water [mm] for entire sounding: 39.21


    78866 TNCM Juliana Airport Observations at 12Z 15 May 1973

-----------------------------------------------------------------------------
   PRES   HGHT   TEMP   DWPT   RELH   MIXR   DRCT   SKNT   THTA   THTE   THTV
    hPa     m      C      C      %    g/kg    deg   knot     K      K      K 
-----------------------------------------------------------------------------
 1018.0      4   27.0   22.8     78  17.51    105     25  298.6  349.8  301.8
 1000.0    162   25.4   21.3     78  16.23    105     24  298.6  346.0  301.4
  850.0   1568   13.4   10.9     85   9.72    120     25  300.2  329.0  301.9
  700.0   3186   11.2  -18.8     10   1.24    135     30  314.9  319.2  315.1
  500.0   5900   -6.3  -36.3      7   0.35    220      5  325.3  326.6  325.4
  400.0   7610  -18.7  -48.7      5   0.11    285     26  330.6  331.1  330.6
  300.0   9680  -33.7  -63.7      3   0.02    315     30  337.8  337.9  337.8
  250.0  10940  -43.5                         325     32  341.3         341.3
  200.0  12400  -55.7                         315     37  344.4         344.4
  150.0  14180  -65.5                         305     41  357.1         357.1
  118.0  15620  -71.5                         315     33  371.3         371.3
  100.0  16600  -71.1                         325     19  390.1         390.1


      Station information and sounding indices

                         Station identifier: TNCM
                             Station number: 78866
                           Observation time: 730515/1200
                           Station latitude: 18.03
                          Station longitude: -63.11
                          Station elevation: 4.0
                            Showalter index: 5.52
                               Lifted index: -1.31
    LIFT computed using virtual temperature: -2.12
                                SWEAT index: 185.79
                                    K index: 0.60
                         Cross totals index: 17.20
                      Vertical totals index: 19.70
                        Totals totals index: 36.90
      Convective Available Potential Energy: 633.85
             CAPE using virtual temperature: 828.26
                      Convective Inhibition: -4.82
             CINS using virtual temperature: -0.69
                           Equilibrum Level: 202.20
 Equilibrum Level using virtual temperature: 202.08
                   Level of Free Convection: 919.02
             LFCT using virtual temperature: 928.85
                     Bulk Richardson Number: 63.66
          Bulk Richardson Number using CAPV: 83.18
  Temp [K] of the Lifted Condensation Level: 292.88
Pres [hPa] of the Lifted Condensation Level: 933.45
   Equivalent potential temp [K] of the LCL: 344.74
     Mean mixed layer potential temperature: 298.71
              Mean mixed layer mixing ratio: 15.81
              1000 hPa to 500 hPa thickness: 5738.00
Precipitable water [mm] for entire sounding: 33.26


    78866 TNCM Juliana Airport Observations at 12Z 18 May 1973

-----------------------------------------------------------------------------
   PRES   HGHT   TEMP   DWPT   RELH   MIXR   DRCT   SKNT   THTA   THTE   THTV
    hPa     m      C      C      %    g/kg    deg   knot     K      K      K 
-----------------------------------------------------------------------------
 1018.0      4   27.4   22.6     75  17.29    150     20  299.0  349.6  302.1
 1000.0    162   25.8   21.7     78  16.64    150     20  298.9  347.7  301.9
  984.0    304   24.3   21.0     82  16.19    150     20  298.8  346.2  301.7
  964.0    484   22.4   20.1     87  15.62    150     19  298.7  344.3  301.4
  950.3    609   22.1   18.6     81  14.43    150     19  299.6  341.9  302.1
  939.0    714   21.8   17.4     76  13.50    150     18  300.3  340.1  302.7
  917.6    914   19.6   17.5     88  13.94    150     17  300.0  341.0  302.5
  908.0   1005   18.6   17.6     94  14.15    151     16  299.9  341.5  302.4
  885.6   1219   17.3   15.6     90  12.74    155     13  300.7  338.3  303.0
  850.0   1570   15.2   12.3     83  10.68    160     12  302.1  333.9  304.0
  831.0   1762   15.2    9.2     67   8.86    160     13  304.0  330.8  305.6
  824.5   1828   14.7    9.2     69   8.91    160     13  304.2  331.1  305.8
  795.3   2133   12.4    9.0     80   9.13    145     12  304.9  332.6  306.6
  780.0   2297   11.2    8.9     86   9.26    140     13  305.3  333.3  307.0
  766.9   2438   10.5    7.5     81   8.52    135     13  306.0  332.0  307.6
  739.4   2743    9.0    4.3     73   7.11    135     16  307.5  329.5  308.9
  733.0   2815    8.6    3.6     71   6.81    136     15  307.9  329.0  309.2
  711.0   3068    9.4  -20.6     10   1.05    139     13  311.5  315.1  311.7
  700.0   3197    8.6  -21.4     10   0.99    140     12  312.0  315.4  312.2
  619.0   4204    3.6  -26.4      9   0.72     87     10  317.4  320.0  317.5
  598.0   4484    3.4  -26.6      9   0.73     72     10  320.3  323.0  320.4
  500.0   5910   -6.7  -25.7     20   0.95    355      7  324.8  328.3  325.0
  488.1   6096   -8.3  -24.2     26   1.11    355      6  325.1  329.2  325.3
  466.0   6455  -11.3  -21.3     43   1.51      2      8  325.7  331.1  326.0
  400.0   7610  -18.7  -48.7      5   0.11     25     15  330.6  331.1  330.6
  399.4   7620  -18.8  -48.8      5   0.11     20     15  330.6  331.1  330.7
  323.5   9144  -29.5  -59.5      4   0.04    345     17  336.4  336.6  336.4
  300.0   9690  -33.3  -63.3      3   0.03    355     20  338.3  338.4  338.3
  267.0  10495  -40.1  -70.1      3   0.01      3     31  339.9  339.9  339.9
  260.3  10668  -41.4                           5     34  340.4         340.4
  250.0  10940  -43.5                         355     39  341.3         341.3
  200.0  12410  -54.1                         355     50  346.9         346.9
  165.0  13618  -63.5                                     350.8         350.8
  150.0  14200  -65.7                                     356.7         356.7
  119.0  15570  -76.1                                     362.0         362.0
  112.0  15918  -77.3                                     366.1         366.1
   86.0  17455  -71.1                                     407.3         407.3
   77.0  18107  -72.3                                     417.9         417.9
   74.7  18288  -71.5                          60     14  423.1         423.1
   70.0  18670  -69.9                          70     15  434.5         434.5
   67.4  18897  -70.6                          75     16  437.8         437.8
   64.0  19201  -71.5                                     442.3         442.3


      Station information and sounding indices

                         Station identifier: TNCM
                             Station number: 78866
                           Observation time: 730518/1200
                           Station latitude: 18.03
                          Station longitude: -63.11
                          Station elevation: 4.0
                            Showalter index: 2.83
                               Lifted index: -2.44
    LIFT computed using virtual temperature: -3.20
                                SWEAT index: 178.60
                                    K index: 4.20
                         Cross totals index: 19.00
                      Vertical totals index: 21.90
                        Totals totals index: 40.90
      Convective Available Potential Energy: 992.43
             CAPE using virtual temperature: 1236.34
                      Convective Inhibition: -9.38
             CINS using virtual temperature: -4.75
                           Equilibrum Level: 207.53
 Equilibrum Level using virtual temperature: 207.44
                   Level of Free Convection: 917.17
             LFCT using virtual temperature: 923.15
                     Bulk Richardson Number: 72.57
          Bulk Richardson Number using CAPV: 90.41
  Temp [K] of the Lifted Condensation Level: 293.56
Pres [hPa] of the Lifted Condensation Level: 939.41
   Equivalent potential temp [K] of the LCL: 346.68
     Mean mixed layer potential temperature: 298.86
              Mean mixed layer mixing ratio: 16.38
              1000 hPa to 500 hPa thickness: 5748.00
Precipitable water [mm] for entire sounding: 38.61


    78866 TNCM Juliana Airport Observations at 12Z 19 May 1973

-----------------------------------------------------------------------------
   PRES   HGHT   TEMP   DWPT   RELH   MIXR   DRCT   SKNT   THTA   THTE   THTV
    hPa     m      C      C      %    g/kg    deg   knot     K      K      K 
-----------------------------------------------------------------------------
 1017.0      4   27.6   23.4     78  18.19    125     12  299.3  352.6  302.6
 1000.0    155   25.4   22.7     85  17.72    130     14  298.6  350.3  301.7
  850.0   1560   15.4   10.7     74   9.59    130     19  302.3  331.0  304.0
  700.0   3186    8.4  -12.6     21   2.08    100      8  311.8  318.7  312.1
  500.0   5900   -6.7  -36.7      7   0.33     70      5  324.8  326.1  324.9
  400.0   7610  -16.9  -46.9      6   0.14     45      8  332.9  333.5  333.0
  300.0   9690  -33.9  -63.9      3   0.02     25     14  337.5  337.6  337.5
  250.0  10940  -44.5                          10     34  339.8         339.8
  200.0  12410  -53.9                         355     46  347.2         347.2
  150.0  14200  -67.1                         350     46  354.3         354.3
  118.0  15617  -76.3                         320     45  362.5         362.5
  100.0  16570  -76.9                         300     28  378.9         378.9


      Station information and sounding indices

                         Station identifier: TNCM
                             Station number: 78866
                           Observation time: 730519/1200
                           Station latitude: 18.03
                          Station longitude: -63.11
                          Station elevation: 4.0
                            Showalter index: 4.17
                               Lifted index: -3.08
    LIFT computed using virtual temperature: -3.98
                                SWEAT index: 171.39
                                    K index: 11.80
                         Cross totals index: 17.40
                      Vertical totals index: 22.10
                        Totals totals index: 39.50
      Convective Available Potential Energy: 1286.91
             CAPE using virtual temperature: 1577.36
                      Convective Inhibition: -7.42
             CINS using virtual temperature: -2.38
                           Equilibrum Level: 195.08
 Equilibrum Level using virtual temperature: 194.60
                   Level of Free Convection: 913.15
             LFCT using virtual temperature: 928.40
                     Bulk Richardson Number: 601.13
          Bulk Richardson Number using CAPV: 736.80
  Temp [K] of the Lifted Condensation Level: 294.17
Pres [hPa] of the Lifted Condensation Level: 944.81
   Equivalent potential temp [K] of the LCL: 348.41
     Mean mixed layer potential temperature: 299.00
              Mean mixed layer mixing ratio: 16.95
              1000 hPa to 500 hPa thickness: 5745.00
Precipitable water [mm] for entire sounding: 35.72


    78866 TNCM Juliana Airport Observations at 12Z 20 May 1973

-----------------------------------------------------------------------------
   PRES   HGHT   TEMP   DWPT   RELH   MIXR   DRCT   SKNT   THTA   THTE   THTV
    hPa     m      C      C      %    g/kg    deg   knot     K      K      K 
-----------------------------------------------------------------------------
 1017.0      4   28.0   24.0     79  18.88    150     14  299.7  355.2  303.1
 1000.0    151   25.6   22.3     82  17.28    150     14  298.8  349.3  301.8
  982.7    304   24.2   22.0     87  17.24    150     15  298.9  349.3  301.9
  963.0    482   22.6   21.6     94  17.19    147     16  298.9  349.2  302.0
  948.9    609   21.8   20.1     90  15.84    145     16  299.4  345.8  302.2
  915.9    914   19.8   16.4     81  12.95    140     16  300.4  338.6  302.7
  884.0   1219   17.8   12.7     72  10.53    135     14  301.4  332.7  303.3
  850.0   1557   15.6    8.6     63   8.31    135     14  302.5  327.5  304.0
  823.0   1828   14.3    4.3     51   6.39    130      8  303.9  323.4  305.0
  793.6   2133   12.8   -0.4     40   4.69    115      4  305.4  320.1  306.3
  765.3   2438   11.3   -5.2     31   3.40    115      5  307.0  317.9  307.6
  738.0   2743    9.8  -10.0     24   2.43    120      6  308.6  316.5  309.0
  728.0   2857    9.2  -11.8     21   2.14    121      6  309.2  316.2  309.6
  700.0   3182    9.2  -20.8     10   1.05    125      6  312.6  316.3  312.8
  660.6   3657   -8.6  -29.6     17   0.50    145      9  297.9  299.6  298.0
  613.2   4267  -31.3  -40.9     38   0.18    125     11  278.1  278.7  278.1
  587.0   4625  -44.7  -47.5     73   0.09    105      8  266.0  266.3  266.0
  568.7   4876  -37.1  -42.7     56   0.16     90      5  277.4  277.9  277.4
  500.0   5900   -6.1  -23.1     25   1.20     95      9  325.5  329.9  325.8
  487.4   6096   -7.2  -24.2     24   1.11     90      8  326.5  330.6  326.7
  400.0   7620  -16.1  -33.1     22   0.59     45     12  334.0  336.3  334.1
  326.2   9144  -27.7  -53.9      6   0.08      5      9  338.0  338.3  338.0
  300.0   9770  -32.5  -62.5      3   0.03     30     13  339.4  339.6  339.5
  261.4  10668  -40.6                          15     21  341.1         341.1
  250.0  10960  -43.3                          10     25  341.6         341.6
  200.0  12430  -53.7                         360     33  347.6         347.6
  150.0  14220  -66.7                         330     29  355.0         355.0
  126.2  15240  -72.8                         340     25  361.9         361.9
  117.0  15684  -75.5                         330     22  364.9         364.9
  102.3  16459  -75.3                         330     15  379.5         379.5
  100.0  16590  -75.3                          20     11  382.0         382.0
   97.0  16764  -75.8                          60     11  384.4         384.4
   85.0  17527  -77.7                          76     11  395.3         395.3
   70.0  18660  -70.9                         100     11  432.4         432.4
   63.0  19296  -64.3                         103     12  460.1         460.1
   58.0  19801  -65.7                         106     13  468.0         468.0
   50.0  20710  -63.3                         110     15  493.9         493.9
   37.0  22581  -59.7                         113     26  547.5         547.5
   31.0  23715  -49.7                         115     32  602.9         602.9
   30.0  23930  -49.7                         115     33  608.5         608.5
   16.0  28108  -42.5                                     751.7         751.7


      Station information and sounding indices

                         Station identifier: TNCM
                             Station number: 78866
                           Observation time: 730520/1200
                           Station latitude: 18.03
                          Station longitude: -63.11
                          Station elevation: 4.0
                            Showalter index: 6.45
                               Lifted index: -3.07
    LIFT computed using virtual temperature: -3.88
                                SWEAT index: 140.20
                                    K index: 0.30
                         Cross totals index: 14.70
                      Vertical totals index: 21.70
                        Totals totals index: 36.40
      Convective Available Potential Energy: 3823.86
             CAPE using virtual temperature: 4160.15
                      Convective Inhibition: -0.89
             CINS using virtual temperature: 0.00
                           Equilibrum Level: 185.31
 Equilibrum Level using virtual temperature: 184.27
                   Level of Free Convection: 938.67
             LFCT using virtual temperature: 950.50
                     Bulk Richardson Number: 685.05
          Bulk Richardson Number using CAPV: 745.29
  Temp [K] of the Lifted Condensation Level: 294.83
Pres [hPa] of the Lifted Condensation Level: 952.40
   Equivalent potential temp [K] of the LCL: 350.06
     Mean mixed layer potential temperature: 298.97
              Mean mixed layer mixing ratio: 17.48
              1000 hPa to 500 hPa thickness: 5749.00
Precipitable water [mm] for entire sounding: 32.48


    78866 TNCM Juliana Airport Observations at 12Z 23 May 1973

-----------------------------------------------------------------------------
   PRES   HGHT   TEMP   DWPT   RELH   MIXR   DRCT   SKNT   THTA   THTE   THTV
    hPa     m      C      C      %    g/kg    deg   knot     K      K      K 
-----------------------------------------------------------------------------
 1015.0      4   28.2   21.2     66  15.88     15      8  300.1  346.8  302.9
 1000.0    137   25.6   20.6     74  15.53    125     12  298.8  344.2  301.5
  850.0   1546   14.4   11.2     81   9.92    125     15  301.2  330.7  303.0
  792.0   2142   11.0   10.4     96  10.10    110     14  303.7  334.1  305.6
  754.0   2555   13.2   -7.8     22   2.83    100     13  310.4  319.7  310.9
  700.0   3178   11.2  -18.8     10   1.24     85     11  314.9  319.2  315.1
  500.0   5910    4.8  -25.2      9   0.99                338.8  342.6  339.0
  432.0   7056  -14.3  -44.3      6   0.17                329.0  329.7  329.0
  425.0   7180  -12.7  -42.7      6   0.21                332.6  333.4  332.6
  258.0  10776  -40.1  -70.1      3   0.01                343.2  343.3  343.2
  150.0  14237  -69.1                                     350.9         350.9
  116.0  15736  -77.9                                     361.3         361.3
   88.0  17310  -77.9                                     391.0         391.0
   77.0  18086  -70.7                                     421.2         421.2
   74.4  18288  -70.5                          15      8  425.8         425.8
   70.0  18650  -70.1                          50      6  434.1         434.1
   60.7  19507  -68.1                         110     11  456.6         456.6
   59.0  19676  -67.7                         109     12  461.2         461.2
   54.0  20219  -61.1                         104     14  488.2         488.2
   50.0  20700  -59.9                         100     16  501.9         501.9
   47.0  21086  -60.5                         100     17  509.4         509.4
   45.2  21336  -59.8                         100     18  517.0         517.0
   35.0  22946  -54.9                         112     21  568.8         568.8
   32.0  23516  -56.5                         117     21  579.2         579.2
   30.0  23930  -51.9                         120     22  602.5         602.5
   28.0  24384  -50.9                         120     24  617.4         617.4
   20.0  26610  -45.7                         105     26  695.5         695.5


      Station information and sounding indices

                         Station identifier: TNCM
                             Station number: 78866
                           Observation time: 730523/1200
                           Station latitude: 18.03
                          Station longitude: -63.11
                          Station elevation: 4.0
                            Showalter index: 15.78
                               Lifted index: 10.51
    LIFT computed using virtual temperature: 9.86
                                    K index: -9.20
                         Cross totals index: 6.40
                      Vertical totals index: 9.60
                        Totals totals index: 16.00
      Convective Available Potential Energy: 61.23
             CAPE using virtual temperature: 94.20
                      Convective Inhibition: -12.20
             CINS using virtual temperature: -4.80
                           Equilibrum Level: 427.17
 Equilibrum Level using virtual temperature: 425.76
                   Level of Free Convection: 889.12
             LFCT using virtual temperature: 901.61
                     Bulk Richardson Number: 84.58
          Bulk Richardson Number using CAPV: 130.14
  Temp [K] of the Lifted Condensation Level: 291.73
Pres [hPa] of the Lifted Condensation Level: 915.71
   Equivalent potential temp [K] of the LCL: 342.89
     Mean mixed layer potential temperature: 299.18
              Mean mixed layer mixing ratio: 14.97
              1000 hPa to 500 hPa thickness: 5773.00
Precipitable water [mm] for entire sounding: 34.30


    78866 TNCM Juliana Airport Observations at 12Z 24 May 1973

-----------------------------------------------------------------------------
   PRES   HGHT   TEMP   DWPT   RELH   MIXR   DRCT   SKNT   THTA   THTE   THTV
    hPa     m      C      C      %    g/kg    deg   knot     K      K      K 
-----------------------------------------------------------------------------
 1016.0      4   27.0   20.0     66  14.71    120     12  298.8  341.8  301.4
 1000.0    140   24.0   17.0     65  12.34    120     13  297.1  333.1  299.4
  981.4    304   22.4   16.5     69  12.15    120     15  297.1  332.5  299.3
  955.0    541   20.0   15.7     76  11.88    124     16  297.0  331.6  299.1
  947.6    609   20.2   13.9     67  10.67    125     16  297.9  329.2  299.8
  923.0    837   21.0    8.0     43   7.34    125     15  301.0  323.0  302.3
  914.7    914   20.3    8.0     45   7.40    125     15  301.0  323.3  302.4
  882.7   1219   17.6    7.9     53   7.62    130     13  301.3  324.2  302.7
  850.0   1543   14.8    7.8     63   7.87    125     11  301.6  325.3  303.1
  821.7   1828   13.2    3.6     52   6.05    130     11  302.8  321.3  303.9
  792.5   2133   11.4   -1.0     42   4.52    140     13  304.1  318.1  304.9
  786.0   2202   11.0   -2.0     40   4.22    140     13  304.4  317.6  305.2
  764.1   2438   11.0  -18.2     11   1.20    140     14  306.9  310.9  307.1
  763.0   2450   11.0  -19.0     10   1.12    140     14  307.0  310.8  307.2
  748.0   2616   13.4  -16.6     11   1.40    137     14  311.3  316.1  311.6
  736.7   2743   12.6  -17.4     11   1.33    135     14  311.8  316.4  312.1
  700.0   3170   10.0  -20.0     10   1.12    125      8  313.5  317.4  313.7
  659.6   3657    7.7  -22.3     10   0.97    130     10  316.3  319.8  316.5
  612.2   4267    4.8  -25.2      9   0.81    170     10  319.8  322.7  319.9
  591.0   4556    3.4  -26.6      9   0.74    132      7  321.4  324.1  321.5
  568.1   4876    3.2  -26.8      9   0.76     90      3  324.8  327.6  325.0
  567.0   4891    3.2  -26.8      9   0.76     92      3  325.0  327.8  325.1
  500.0   5890   -6.3  -36.3      7   0.35    210      6  325.3  326.6  325.4
  486.9   6096   -8.0  -38.0      7   0.30    185      7  325.7  326.9  325.8
  469.0   6388  -10.3  -40.3      7   0.24    205      8  326.3  327.3  326.4
  435.0   6969  -10.9  -40.9      6   0.25    245     11  332.7  333.7  332.7
  400.0   7610  -15.7  -45.7      6   0.16    290     14  334.5  335.2  334.5
  399.4   7620  -15.8  -45.8      6   0.16    290     14  334.5  335.2  334.6
  324.2   9144  -27.1  -57.1      4   0.05    255     16  339.5  339.7  339.5
  300.0   9710  -31.3  -61.3      4   0.03    260     17  341.1  341.3  341.1
  261.3  10668  -39.4  -69.4      3   0.01    285     15  343.1  343.1  343.1
  258.0  10756  -40.1  -70.1      3   0.01    281     15  343.2  343.3  343.2
  250.0  10970  -41.7                         270     16  343.9         343.9
  217.7  11887  -49.0                         300     18  346.5         346.5
  200.0  12450  -53.5                         300     18  347.9         347.9
  150.0  14230  -68.3                         325     30  352.2         352.2
  126.3  15240  -76.0                         320     38  356.1         356.1
  121.0  15490  -77.9                         325     39  357.0         357.0
  107.7  16154  -78.0                         335     34  368.8         368.8
  100.0  16580  -78.1                                     376.6         376.6
   70.0  18670  -68.3                          60      8  437.9         437.9
   50.0  20720  -60.3                          90     10  500.9         500.9
   30.0  23940  -51.9                         120     21  602.5         602.5


      Station information and sounding indices

                         Station identifier: TNCM
                             Station number: 78866
                           Observation time: 730524/1200
                           Station latitude: 18.03
                          Station longitude: -63.11
                          Station elevation: 4.0
                            Showalter index: 7.37
                               Lifted index: 3.29
    LIFT computed using virtual temperature: 2.76
                                SWEAT index: 121.59
                                    K index: -1.10
                         Cross totals index: 14.10
                      Vertical totals index: 21.10
                        Totals totals index: 35.20
      Convective Available Potential Energy: 0.00
             CAPE using virtual temperature: 1.13
                      Convective Inhibition: 0.00
             CINS using virtual temperature: -69.06
 Equilibrum Level using virtual temperature: 779.49
             LFCT using virtual temperature: 798.81
                     Bulk Richardson Number: 0.00
          Bulk Richardson Number using CAPV: 0.38
  Temp [K] of the Lifted Condensation Level: 288.73
Pres [hPa] of the Lifted Condensation Level: 902.27
   Equivalent potential temp [K] of the LCL: 333.68
     Mean mixed layer potential temperature: 297.35
              Mean mixed layer mixing ratio: 12.52
              1000 hPa to 500 hPa thickness: 5750.00
Precipitable water [mm] for entire sounding: 23.77


    78866 TNCM Juliana Airport Observations at 12Z 25 May 1973

-----------------------------------------------------------------------------
   PRES   HGHT   TEMP   DWPT   RELH   MIXR   DRCT   SKNT   THTA   THTE   THTV
    hPa     m      C      C      %    g/kg    deg   knot     K      K      K 
-----------------------------------------------------------------------------
 1016.0      4   28.0   22.0     70  16.69    135     13  299.8  348.8  302.8
 1000.0    141   25.8   19.8     69  14.76    135     14  298.9  342.2  301.6
  981.5    304   24.1   19.2     74  14.49    135     14  298.9  341.3  301.5
  947.9    609   21.0   18.1     84  13.99    140     17  298.7  339.6  301.2
  927.0    803   19.0   17.4     90  13.67    140     18  298.6  338.5  301.0
  915.2    914   19.6   12.1     62   9.81    140     18  300.2  329.3  302.0
  910.0    963   19.8    9.8     52   8.42    139     18  300.9  326.1  302.5
  883.2   1219   17.6    8.9     57   8.18    135     18  301.3  325.8  302.8
  850.0   1547   14.8    7.8     63   7.87    135     14  301.6  325.3  303.1
  822.1   1828   13.5    3.5     51   6.01    125     11  303.1  321.5  304.2
  792.9   2133   12.0   -1.2     40   4.44    125     10  304.7  318.6  305.5
  777.0   2303   11.2   -3.8     35   3.73    133     11  305.6  317.4  306.3
  764.6   2438   13.1  -12.8     15   1.87    140     12  309.1  315.3  309.4
  760.0   2489   13.8  -16.2     11   1.43    141     12  310.4  315.2  310.6
  737.3   2743   13.5  -16.5     11   1.44    145     13  312.7  317.7  313.0
  700.0   3180   13.0  -17.0     11   1.45    175      8  316.9  321.9  317.1
  500.0   5900   -7.5  -37.5      7   0.31    240      7  323.8  325.0  323.9
  487.4   6096   -8.7  -38.7      7   0.28    255      9  324.8  325.9  324.8
  400.0   7610  -17.7  -47.7      5   0.13    270     13  331.9  332.4  331.9
  399.4   7620  -17.8  -47.8      5   0.13    265     13  331.9  332.5  331.9
  323.5   9144  -29.6  -59.6      4   0.04    295     17  336.1  336.3  336.1
  300.0   9690  -33.9  -63.9      3   0.02    265     16  337.5  337.6  337.5
  266.0  10520  -40.1  -70.1      3   0.01    261     19  340.2  340.3  340.2
  260.3  10668  -41.3                         260     19  340.6         340.6
  250.0  10940  -43.5                         255     22  341.3         341.3
  200.0  12410  -55.1                         280     24  345.4         345.4
  150.0  14180  -69.9                         305     28  349.5         349.5
  125.1  15240  -77.0                         325     29  355.3         355.3
  124.0  15292  -77.3                         330     29  355.6         355.6
  100.0  16520  -78.7                         360     22  375.4         375.4
   96.0  16764  -77.7                           5     19  381.7         381.7
   50.0  20630  -62.5                          95     23  495.8         495.8
   44.7  21336  -58.7                         110     24  521.2         521.2
   39.0  22192  -54.1                         114     23  553.5         553.5
   34.0  23069  -55.3                         117     23  572.5         572.5
   30.5  23774  -54.3                         120     22  593.4         593.4
   26.0  24790  -52.9                                     624.9         624.9
   20.0  26504  -46.9                                     691.8         691.8
   17.0  27582  -46.1                                     727.3         727.3


      Station information and sounding indices

                         Station identifier: TNCM
                             Station number: 78866
                           Observation time: 730525/1200
                           Station latitude: 18.03
                          Station longitude: -63.11
                          Station elevation: 4.0
                            Showalter index: 6.17
                               Lifted index: -1.55
    LIFT computed using virtual temperature: -2.29
                                SWEAT index: 128.60
                                    K index: 0.10
                         Cross totals index: 15.30
                      Vertical totals index: 22.30
                        Totals totals index: 37.60
      Convective Available Potential Energy: 261.54
             CAPE using virtual temperature: 399.34
                      Convective Inhibition: -13.47
             CINS using virtual temperature: -1.68
                           Equilibrum Level: 258.80
 Equilibrum Level using virtual temperature: 258.76
                   Level of Free Convection: 870.83
             LFCT using virtual temperature: 896.70
                     Bulk Richardson Number: 59.28
          Bulk Richardson Number using CAPV: 90.52
  Temp [K] of the Lifted Condensation Level: 291.58
Pres [hPa] of the Lifted Condensation Level: 915.89
   Equivalent potential temp [K] of the LCL: 342.27
     Mean mixed layer potential temperature: 299.00
              Mean mixed layer mixing ratio: 14.82
              1000 hPa to 500 hPa thickness: 5759.00
Precipitable water [mm] for entire sounding: 27.63


    78866 TNCM Juliana Airport Observations at 12Z 26 May 1973

-----------------------------------------------------------------------------
   PRES   HGHT   TEMP   DWPT   RELH   MIXR   DRCT   SKNT   THTA   THTE   THTV
    hPa     m      C      C      %    g/kg    deg   knot     K      K      K 
-----------------------------------------------------------------------------
 1016.0      4   29.4   25.4     79  20.61    110     17  301.2  362.2  304.9
 1000.0    145   27.8   24.1     80  19.33    115     18  300.9  358.1  304.4
  982.2    304   26.4   23.4     83  18.88    115     19  301.1  357.0  304.5
  966.0    452   25.2   22.8     87  18.47    120     20  301.3  355.9  304.6
  948.9    609   25.1   21.6     81  17.45    125     21  302.7  354.6  305.9
  942.0    674   25.0   21.1     79  17.04    128     21  303.3  354.1  306.4
  916.4    914   23.3   20.1     82  16.40    140     20  303.9  352.9  306.9
  884.8   1219   21.1   18.7     86  15.62    150     19  304.7  351.5  307.6
  850.0   1569   18.6   17.2     92  14.75    150     16  305.6  350.0  308.3
  824.6   1828   16.5   15.7     95  13.81    165     15  306.0  347.7  308.5
  801.0   2076   14.4   14.3     99  12.96    173     13  306.4  345.5  308.8
  795.7   2133   14.9   13.4     91  12.29    175     13  307.5  344.8  309.8
  784.0   2258   16.0   11.4     74  10.91    177     13  310.0  343.6  312.0
  767.6   2438   15.7    6.2     53   7.79    180     14  311.5  335.8  312.9
  756.0   2567   15.4    2.4     42   6.05    182     17  312.6  331.8  313.7
  740.4   2743   14.1    3.0     47   6.45    185     20  313.0  333.5  314.2
  700.0   3214   10.6    4.6     66   7.65    180     10  314.2  338.4  315.6
  673.0   3540    8.8  -21.2     10   1.05    187     10  315.7  319.4  315.9
  665.0   3639    9.8  -20.2     10   1.16    190     10  317.9  322.1  318.1
  663.5   3657    9.7  -20.3     10   1.15    190     10  318.0  322.1  318.2
  615.2   4267    5.8  -24.2      9   0.89    180     12  320.5  323.8  320.7
  570.5   4876    2.0  -28.0      9   0.67    220     10  323.0  325.5  323.1
  500.0   5940   -4.7  -34.7      8   0.40    200      6  327.2  328.8  327.3
  490.0   6096   -5.8  -35.8      7   0.37    210      6  327.8  329.2  327.8
  402.1   7620  -16.8  -46.8      6   0.14    310     13  332.6  333.1  332.6
  400.0   7660  -17.1  -47.1      5   0.14    305     12  332.7  333.2  332.7
  324.8   9144  -28.8  -58.8      4   0.04    290     18  336.9  337.1  336.9
  300.0   9710  -33.3  -63.3      3   0.03    290     22  338.3  338.4  338.3
  275.0  10318  -38.3  -68.3      3   0.01    290     25  339.6  339.7  339.6
  261.4  10668  -40.0  -70.0      3   0.01    290     26  342.0  342.1  342.0
  261.0  10677  -40.1  -70.1      3   0.01    290     26  342.1  342.1  342.1
  229.0  11560  -47.5                         295     28  343.8         343.8
  150.0  14255  -65.7                         309     33  356.7         356.7
  127.2  15240  -70.5                         315     35  365.4         365.4
  114.8  15849  -73.4                         335     25  370.7         370.7
  109.0  16161  -74.9                                     373.4         373.4
  105.0  16380  -72.5                                     382.0         382.0
   98.3  16764  -73.1                          10     15  388.1         388.1
   84.0  17691  -74.5                          45     14  403.1         403.1
   70.0  18770  -69.3                          85     12  435.8         435.8
   57.0  20022  -59.9                         100     20  483.4         483.4
   52.0  20594  -59.7                         107     23  496.8         496.8
   50.0  20840  -56.5                         110     25  509.9         509.9
   33.0  23476  -56.3                                     574.7         574.7
   29.0  24310  -49.1                                     616.1         616.1


      Station information and sounding indices

                         Station identifier: TNCM
                             Station number: 78866
                           Observation time: 730526/1200
                           Station latitude: 18.03
                          Station longitude: -63.11
                          Station elevation: 4.0
                            Showalter index: -1.63
                               Lifted index: -4.23
    LIFT computed using virtual temperature: -5.40
                                SWEAT index: 244.41
                                    K index: 34.50
                         Cross totals index: 21.90
                      Vertical totals index: 23.30
                        Totals totals index: 45.20
      Convective Available Potential Energy: 2464.39
             CAPE using virtual temperature: 2776.73
                      Convective Inhibition: -29.25
             CINS using virtual temperature: -20.64
                           Equilibrum Level: 147.74
 Equilibrum Level using virtual temperature: 147.66
                   Level of Free Convection: 874.53
             LFCT using virtual temperature: 886.78
                     Bulk Richardson Number: 101.22
          Bulk Richardson Number using CAPV: 114.05
  Temp [K] of the Lifted Condensation Level: 296.10
Pres [hPa] of the Lifted Condensation Level: 942.64
   Equivalent potential temp [K] of the LCL: 357.68
     Mean mixed layer potential temperature: 301.16
              Mean mixed layer mixing ratio: 19.15
              1000 hPa to 500 hPa thickness: 5795.00
Precipitable water [mm] for entire sounding: 47.24


    78866 TNCM Juliana Airport Observations at 12Z 27 May 1973

-----------------------------------------------------------------------------
   PRES   HGHT   TEMP   DWPT   RELH   MIXR   DRCT   SKNT   THTA   THTE   THTV
    hPa     m      C      C      %    g/kg    deg   knot     K      K      K 
-----------------------------------------------------------------------------
 1016.0      4   28.2   23.7     77  18.55    115     12  300.0  354.6  303.3
 1000.0    145   26.2   21.5     75  16.44    120     14  299.4  347.5  302.3
  982.2    304   24.9   20.9     78  16.09    125     18  299.6  346.8  302.5
  972.0    396   24.2   20.5     80  15.89    126     19  299.8  346.4  302.6
  948.5    609   22.7   17.4     72  13.36    130     20  300.4  339.8  302.8
  915.9    914   20.6   13.0     62  10.36    150     20  301.2  332.0  303.0
  896.0   1106   19.2   10.2     56   8.79    150     20  301.7  328.0  303.3
  884.3   1219   19.4    6.7     43   7.01    150     20  303.1  324.4  304.4
  850.0   1560   20.2   -3.8     20   3.41    160     22  307.3  318.2  307.9
  823.4   1828   18.2   -4.2     22   3.43    160     23  308.0  319.0  308.6
  794.2   2133   15.9   -4.6     24   3.45    170     17  308.8  319.8  309.4
  766.0   2438   13.7   -5.0     27   3.46    170     18  309.5  320.7  310.2
  738.8   2743   11.4   -5.4     30   3.48    165     20  310.2  321.5  310.9
  700.0   3198    8.0   -6.0     36   3.51    170     14  311.3  322.7  312.0
  661.6   3657    4.1   -8.4     40   3.08    150      9  311.9  322.0  312.5
  626.0   4107    0.2  -10.8     43   2.69    128     10  312.5  321.4  313.0
  613.7   4267    0.8  -23.2     15   0.97    120     10  314.9  318.3  315.1
  608.0   4341    1.0  -29.0      9   0.58    117     10  316.0  318.1  316.1
  568.3   4876   -1.7  -31.7      8   0.48     95      8  319.0  320.8  319.1
  500.0   5890   -6.9  -36.9      7   0.32    300      8  324.6  325.8  324.6
  486.7   6096   -8.5  -38.5      7   0.28    325      9  325.1  326.3  325.2
  400.0   7590  -19.9  -49.9      5   0.10    310     10  329.0  329.5  329.1
  398.4   7620  -20.1  -50.1      5   0.10    310     10  329.1  329.6  329.2
  323.0   9139  -31.3  -61.3      4   0.03    305     16  334.0  334.2  334.0
  322.8   9144  -31.3  -61.3      4   0.03    305     16  334.1  334.2  334.1
  300.0   9660  -33.3  -63.3      3   0.03    330     13  338.3  338.4  338.3
  270.0  10390  -40.1  -70.1      3   0.01      2     13  338.8  338.8  338.8
  259.1  10668  -42.5                          15     13  339.3         339.3
  250.0  10910  -44.5                          15     15  339.8         339.8
  200.0  12370  -55.7                         330     22  344.4         344.4
  167.0  13497  -64.9                         311     23  347.3         347.3
  150.0  14150  -67.1                         300     24  354.3         354.3
  124.7  15240  -71.2                         330     25  366.1         366.1
  100.0  16540  -76.1                         330     15  380.4         380.4
   96.2  16764  -75.6                         330     12  385.7         385.7
   70.0  18600  -71.1                          10     17  431.9         431.9
   50.0  20660  -61.5                         105     23  498.1         498.1
   30.0  23890  -54.7                         110     20  594.9         594.9
   20.0  26550  -42.9                         125     32  704.1         704.1


      Station information and sounding indices

                         Station identifier: TNCM
                             Station number: 78866
                           Observation time: 730527/1200
                           Station latitude: 18.03
                          Station longitude: -63.11
                          Station elevation: 4.0
                            Showalter index: 10.57
                               Lifted index: -2.94
    LIFT computed using virtual temperature: -3.83
                                SWEAT index: 52.02
                                    K index: 9.30
                         Cross totals index: 3.10
                      Vertical totals index: 27.10
                        Totals totals index: 30.20
      Convective Available Potential Energy: 1495.32
             CAPE using virtual temperature: 1730.50
                      Convective Inhibition: -96.63
             CINS using virtual temperature: -2.51
                           Equilibrum Level: 166.89
 Equilibrum Level using virtual temperature: 166.90
                   Level of Free Convection: 751.74
             LFCT using virtual temperature: 919.78
                     Bulk Richardson Number: 219.92
          Bulk Richardson Number using CAPV: 254.51
  Temp [K] of the Lifted Condensation Level: 293.31
Pres [hPa] of the Lifted Condensation Level: 927.78
   Equivalent potential temp [K] of the LCL: 347.49
     Mean mixed layer potential temperature: 299.67
              Mean mixed layer mixing ratio: 16.34
              1000 hPa to 500 hPa thickness: 5745.00
Precipitable water [mm] for entire sounding: 28.29


    78866 TNCM Juliana Airport Observations at 12Z 28 May 1973

-----------------------------------------------------------------------------
   PRES   HGHT   TEMP   DWPT   RELH   MIXR   DRCT   SKNT   THTA   THTE   THTV
    hPa     m      C      C      %    g/kg    deg   knot     K      K      K 
-----------------------------------------------------------------------------
 1018.0      4   26.8   20.8     70  15.44    120     14  298.4  343.5  301.2
 1000.0    164   25.0   20.4     76  15.33    120     15  298.1  342.9  300.9
  984.1    304   23.9   19.9     79  15.13    120     15  298.4  342.6  301.1
  950.3    609   21.4   18.9     86  14.70    120     16  298.9  341.9  301.5
  917.6    914   18.9   17.9     94  14.28    125     16  299.3  341.2  301.9
  911.0    977   18.4   17.7     96  14.19    127     16  299.4  341.0  302.0
  895.0   1130   19.8    1.8     30   4.89    132     17  302.4  317.4  303.3
  885.8   1219   20.7   -6.4     15   2.68    135     18  304.2  312.8  304.7
  883.0   1247   21.0   -9.0     12   2.20    135     18  304.8  311.9  305.2
  850.0   1575   19.8  -10.2     12   2.08    135     18  306.9  313.7  307.3
  825.1   1828   18.4  -11.6     12   1.91    130     15  308.0  314.3  308.3
  796.2   2133   16.6  -13.3     12   1.72    130     12  309.3  315.1  309.6
  779.0   2319   15.6  -14.4     11   1.62    127     12  310.1  315.6  310.4
  767.9   2438   14.4  -14.0     13   1.70    125     12  310.1  315.8  310.4
  740.3   2743   11.3  -13.0     17   1.91    120     14  310.0  316.4  310.3
  700.0   3210    6.6  -11.4     26   2.30    120     13  309.8  317.3  310.2
  662.7   3657    2.7  -12.4     32   2.24    115     12  310.2  317.6  310.6
  662.0   3666    2.6  -12.4     32   2.24    115     12  310.2  317.6  310.7
  613.9   4267   -0.0  -19.1     22   1.39     95     13  314.0  318.8  314.3
  568.6   4876   -2.6  -25.8     15   0.83     70     10  317.8  320.8  318.0
  500.0   5900   -7.1  -37.1      7   0.32     55     13  324.3  325.6  324.4
  487.4   6096   -8.3  -38.3      7   0.29     50     13  325.3  326.4  325.3
  464.0   6475  -10.5  -40.5      7   0.24     36     11  327.1  328.1  327.1
  400.0   7590  -19.7  -49.7      5   0.10    355      6  329.3  329.7  329.3
  398.3   7620  -19.9  -49.9      5   0.10    355      6  329.4  329.9  329.4
  322.6   9144  -30.0  -60.0      4   0.04     25     13  335.9  336.1  335.9
  300.0   9670  -33.5  -63.5      3   0.02     10     12  338.0  338.2  338.1
  270.0  10400  -40.1  -70.1      3   0.01    330     13  338.8  338.8  338.8
  259.5  10668  -42.5                         315     14  339.1         339.1
  250.0  10920  -44.7                         315     14  339.5         339.5
  215.5  11887  -52.5                         335     16  342.1         342.1
  205.0  12213  -55.1                         322     19  342.9         342.9
  200.0  12370  -55.7                         315     21  344.4         344.4
  150.0  14160  -67.3                         310     27  354.0         354.0
  125.1  15240  -71.7                         310     26  364.9         364.9
  120.0  15486  -72.7                         318     23  367.4         367.4
  107.0  16154  -74.0                         340     16  377.2         377.2
  100.0  16550  -74.7                         360     12  383.1         383.1
   91.0  17093  -79.1                          22     15  384.9         384.9
   87.0  17351  -75.5                          33     16  397.1         397.1
   79.0  17909  -76.5                          56     19  406.1         406.1
   70.0  18620  -69.3                          85     23  435.8         435.8
   64.0  19161  -64.3                          90     24  458.1         458.1
   55.0  20090  -63.5                          99     26  480.2         480.2
   50.0  20680  -59.7                         105     27  502.4         502.4
   44.0  21486  -56.7                         111     28  528.4         528.4
   30.0  23930  -54.7                         130     30  594.9         594.9
   20.0  26580  -45.7                          95      3  695.5         695.5
   16.0  28079  -41.7                                     754.3         754.3


      Station information and sounding indices

                         Station identifier: TNCM
                             Station number: 78866
                           Observation time: 730528/1200
                           Station latitude: 18.03
                          Station longitude: -63.11
                          Station elevation: 4.0
                            Showalter index: 12.99
                               Lifted index: -1.30
    LIFT computed using virtual temperature: -2.05
                                SWEAT index: 49.01
                                    K index: -1.30
                         Cross totals index: -3.10
                      Vertical totals index: 26.90
                        Totals totals index: 23.80
      Convective Available Potential Energy: 646.60
             CAPE using virtual temperature: 828.36
                      Convective Inhibition: -186.64
             CINS using virtual temperature: -6.36
                           Equilibrum Level: 216.54
 Equilibrum Level using virtual temperature: 216.50
                   Level of Free Convection: 728.04
             LFCT using virtual temperature: 911.67
                     Bulk Richardson Number: 660.71
          Bulk Richardson Number using CAPV: 846.44
  Temp [K] of the Lifted Condensation Level: 292.22
Pres [hPa] of the Lifted Condensation Level: 929.69
   Equivalent potential temp [K] of the LCL: 342.65
     Mean mixed layer potential temperature: 298.38
              Mean mixed layer mixing ratio: 15.19
              1000 hPa to 500 hPa thickness: 5736.00
Precipitable water [mm] for entire sounding: 24.79


    78866 TNCM Juliana Airport Observations at 12Z 29 May 1973

-----------------------------------------------------------------------------
   PRES   HGHT   TEMP   DWPT   RELH   MIXR   DRCT   SKNT   THTA   THTE   THTV
    hPa     m      C      C      %    g/kg    deg   knot     K      K      K 
-----------------------------------------------------------------------------
 1017.0      4   27.8   21.8     70  16.46                299.5  347.8  302.4
 1000.0    153   25.8   20.8     74  15.73     90     11  298.9  345.0  301.8
  850.0   1560   17.8    2.8     37   5.54     70     13  304.8  321.9  305.8
  700.0   3191    7.4   -9.6     29   2.65    360     15  310.6  319.4  311.1
  500.0   5880   -7.5  -37.5      7   0.31    350      9  323.8  325.0  323.9


      Station information and sounding indices

                         Station identifier: TNCM
                             Station number: 78866
                           Observation time: 730529/1200
                           Station latitude: 18.03
                          Station longitude: -63.11
                          Station elevation: 4.0
                            Showalter index: 7.94
                               Lifted index: -1.50
    LIFT computed using virtual temperature: -2.24
                                SWEAT index: 68.58
                                    K index: 11.10
                         Cross totals index: 10.30
                      Vertical totals index: 25.30
                        Totals totals index: 35.60
      Convective Available Potential Energy: 134.54
             CAPE using virtual temperature: 268.77
                      Convective Inhibition: -120.36
             CINS using virtual temperature: -50.00
                   Level of Free Convection: 740.57
             LFCT using virtual temperature: 805.11
  Temp [K] of the Lifted Condensation Level: 291.11
Pres [hPa] of the Lifted Condensation Level: 905.06
   Equivalent potential temp [K] of the LCL: 342.14
     Mean mixed layer potential temperature: 299.55
              Mean mixed layer mixing ratio: 14.63
              1000 hPa to 500 hPa thickness: 5727.00
Precipitable water [mm] for entire sounding: 28.33

Description of the data columns
<http://weather.uwyo.edu/upperair/columns.html> or sounding indices
<http://weather.uwyo.edu/upperair/indices.html>.

------------------------------------------------------------------------
/Interested in graduate studies in atmospheric science? Check out our
program at the University of Wyoming
<http://www.uwyo.edu/atsc/howtoapply/>/
------------------------------------------------------------------------
Questions about the weather data provided by this site can be addressed
to Larry Oolman (ldoolman@uwyo.edu) <mailto:ldoolman@uwyo.edu>
------------------------------------------------------------------------
