
    78866 TNCM Juliana Airport Observations at 12Z 01 Sep 2017

-----------------------------------------------------------------------------
   PRES   HGHT   TEMP   DWPT   RELH   MIXR   DRCT   SKNT   THTA   THTE   THTV
    hPa     m      C      C      %    g/kg    deg   knot     K      K      K 
-----------------------------------------------------------------------------
 1015.0      9   28.8   25.0     80  20.13     80     14  300.7  360.1  304.3
 1010.0     55   28.0   22.0     70  16.79     78     13  300.3  349.7  303.3
 1003.0    119   27.2   21.2     70  16.08     76     12  300.1  347.4  303.0
 1000.0    146   27.0   22.0     74  16.96     75     11  300.1  350.1  303.2
  983.0    297   25.6   21.5     78  16.69     70      8  300.2  349.4  303.2
  956.0    542   23.4   20.6     84  16.26     78     13  300.4  348.2  303.3
  950.0    597   23.1   20.1     83  15.86     80     14  300.6  347.3  303.4
  925.0    830   21.6   18.0     80  14.24     80     15  301.4  343.5  304.0
  918.0    896   21.2   17.6     80  13.96     75     15  301.6  343.0  304.2
  850.0   1560   17.2   13.2     77  11.34     90     14  304.1  338.2  306.2
  809.0   1981   14.8    9.8     72   9.49     78     16  305.9  334.8  307.7
  798.0   2096   14.1   10.0     76   9.72     75     16  306.4  336.0  308.2
  768.0   2419   12.2   10.4     89  10.42     60     14  307.7  339.5  309.6
  758.0   2529   11.8    9.3     84   9.78     55     13  308.4  338.4  310.3
  752.0   2596   11.6    8.6     82   9.41     57     13  308.9  337.9  310.7
  746.0   2663   11.6    7.9     78   9.04     59     13  309.6  337.5  311.3
  718.0   2983   10.6    3.6     62   6.95     69     13  311.9  333.8  313.2
  705.0   3135    9.8    5.5     75   8.10     73     13  312.7  338.1  314.2
  700.0   3194    9.6    2.6     62   6.64     75     13  313.1  334.1  314.3
  693.0   3278    9.6   -3.4     40   4.31     75     14  314.0  328.0  314.8
  634.0   4011    5.2   -1.8     61   5.32     75     19  317.1  334.3  318.1
  619.0   4207    4.9   -7.6     40   3.50     75     20  318.9  330.6  319.6
  615.0   4260    4.8   -9.2     36   3.11     73     20  319.4  329.9  320.0
  604.0   4407    4.0   -7.0     45   3.76     69     19  320.1  332.7  320.8
  557.0   5061    0.9  -20.9     18   1.31     50     14  324.0  328.7  324.2
  552.0   5134    0.6  -22.4     16   1.15     50     14  324.4  328.6  324.6
  545.0   5236    0.0  -22.0     17   1.21     49     15  324.9  329.3  325.1
  514.0   5702   -3.7  -19.7     28   1.57     46     16  325.9  331.5  326.2
  500.0   5920   -4.5  -28.5     13   0.73     45     17  327.5  330.2  327.6
  476.0   6299   -6.9  -31.8     12   0.57     35     13  329.2  331.4  329.3
  450.0   6732   -9.6  -35.5     10   0.42     65      8  331.1  332.7  331.2
  411.0   7431  -14.0  -41.5      8   0.25     25      8  334.1  335.1  334.2
  400.0   7640  -15.3  -43.3      7   0.21     55     10  335.0  335.9  335.1
  396.0   7716  -15.7  -45.7      6   0.16     64     10  335.5  336.1  335.5
  389.0   7846  -16.8  -46.1      6   0.16     80      9  335.7  336.4  335.8
  371.0   8191  -19.7  -47.1      7   0.15    105     11  336.5  337.1  336.5
  321.0   9247  -28.6  -50.2     11   0.12     60     13  338.4  338.9  338.4
  313.0   9431  -30.1  -50.8     11   0.12     55     15  338.7  339.2  338.7
  300.0   9740  -32.7  -51.7     13   0.11     50     16  339.2  339.6  339.2
  264.0  10623  -39.4  -57.0     14   0.06     40     19  341.9  342.2  341.9
  250.0  11000  -42.3  -59.3     14   0.05     55     21  343.0  343.3  343.1
  247.0  11080  -43.0  -59.6     14   0.05     60     21  343.3  343.5  343.3
  200.0  12470  -54.3  -64.3     28   0.03     75     30  346.6  346.8  346.6
  188.0  12853  -57.3  -66.7     29   0.03     70     33  347.9  348.1  347.9
  174.0  13332  -61.1  -69.6     31   0.02     85     45  349.5  349.6  349.5
  166.0  13623  -63.4  -71.4     33   0.01     85     51  350.4  350.5  350.4
  150.0  14250  -68.3  -75.3     36   0.01     85     53  352.2  352.3  352.2
  130.0  15096  -73.9  -78.9     46   0.01     65     19  356.9  356.9  356.9
  129.0  15141  -74.0  -79.0     46   0.01     60     18  357.5  357.6  357.5
  128.0  15186  -74.1  -79.1     46   0.01     51     19  358.1  358.2  358.1
  125.0  15325  -73.3  -78.3     47   0.01     25     21  362.1  362.1  362.1
  121.0  15515  -72.1  -77.1     47   0.01     20     14  367.6  367.6  367.6
  117.0  15712  -72.7  -77.5     48   0.01      0     12  370.1  370.1  370.1
  114.0  15864  -73.1  -77.9     48   0.01    349     14  372.0  372.1  372.1
  113.0  15916  -73.2  -78.0     48   0.01    345     14  372.8  372.9  372.8
  107.0  16235  -73.7  -78.7     46   0.01     14     12  377.7  377.8  377.7
  104.0  16401  -72.9  -77.9     47   0.01     29     11  382.3  382.4  382.3
  102.0  16514  -73.7  -78.7     46   0.01     39     10  382.9  382.9  382.9
  100.0  16630  -73.3  -78.3     47   0.01     50      9  385.9  385.9  385.9
   99.0  16689  -73.0  -78.3     45   0.01     40     11  387.5  387.6  387.5
   96.7  16827  -72.3  -78.3     40   0.01     48     10  391.5  391.6  391.5
   88.0  17383  -71.3  -76.4     47   0.01     80      8  404.1  404.2  404.1
   87.7  17403  -71.3  -76.3     47   0.01     80      8  404.6  404.7  404.6
   78.5  18056  -72.5  -77.5     47   0.01     85     18  415.1  415.2  415.1
   75.2  18308  -72.7  -77.7     47   0.01     87     22  419.8  419.9  419.9
   71.0  18646  -71.7  -76.7     47   0.02     90     27  428.8  428.9  428.9
   70.0  18730  -71.5  -76.5     47   0.02     90     29  431.1  431.2  431.1
   67.0  18992  -70.6  -76.0     45   0.02    105     25  438.5  438.6  438.5
   63.0  19359  -69.3  -75.2     42   0.02     80     35  449.1  449.2  449.1
   55.0  20171  -66.5  -73.6     36   0.03    100     45  473.3  473.6  473.3
   51.0  20622  -64.9  -72.7     33   0.04     80     48  487.3  487.6  487.3
   50.0  20740  -64.5  -72.5     32   0.04     80     48  491.1  491.4  491.1
   46.9  21132  -63.5  -72.5     28   0.05     89     40  502.5  502.9  502.5
   45.2  21358  -63.7  -72.7     28   0.05     94     36  507.4  507.7  507.4
   45.0  21386  -63.6  -72.7     28   0.05     95     35  508.3  508.6  508.3
   37.0  22614  -58.9  -71.8     17   0.06     90     50  549.5  550.0  549.5
   30.0  23930  -53.9  -70.9     11   0.09     95     53  597.1  597.9  597.1
   25.7  24929  -50.5  -74.5      4   0.06    101     49  633.8  634.3  633.8
   23.5  25510  -51.9  -76.9      3   0.05    104     47  646.1  646.5  646.1
   20.0  26550  -53.3  -77.3      4   0.05    110     43  672.3  672.8  672.3
   18.6  27016  -53.7  -77.7      4   0.05    105     46  685.1  685.6  685.1
   16.0  27994  -50.7  -75.2      4   0.09     95     53  725.0  725.9  725.0
   13.9  28908  -47.9  -72.9      4   0.14     93     65  764.2  765.8  764.3
   13.5  29100  -48.1  -73.1      4   0.14     92     67  770.0  771.5  770.0
   11.4  30227  -44.7  -70.3      4   0.26     90     81  820.2  823.2  820.3
   11.0  30465  -44.0  -69.7      4   0.29     90     81  831.2  834.6  831.4
   10.0  31100  -42.1  -68.1      4   0.40     85     65  861.3  866.0  861.5
    9.0                                        85     69                     


      Station information and sounding indices

                         Station identifier: TNCM
                             Station number: 78866
                           Observation time: 170901/1200
                           Station latitude: 18.05
                          Station longitude: -63.12
                          Station elevation: 9.0
                            Showalter index: 3.14
                               Lifted index: -1.28
    LIFT computed using virtual temperature: -2.15
                                SWEAT index: 203.41
                                    K index: 27.90
                         Cross totals index: 17.70
                      Vertical totals index: 21.70
                        Totals totals index: 39.40
      Convective Available Potential Energy: 838.75
             CAPE using virtual temperature: 1049.91
                      Convective Inhibition: -16.21
             CINS using virtual temperature: -6.61
                           Equilibrum Level: 176.70
 Equilibrum Level using virtual temperature: 176.52
                   Level of Free Convection: 866.25
             LFCT using virtual temperature: 894.32
                     Bulk Richardson Number: 412.57
          Bulk Richardson Number using CAPV: 516.43
  Temp [K] of the Lifted Condensation Level: 293.69
Pres [hPa] of the Lifted Condensation Level: 925.58
   Equivalent potential temp [K] of the LCL: 349.51
     Mean mixed layer potential temperature: 300.26
              Mean mixed layer mixing ratio: 16.77
              1000 hPa to 500 hPa thickness: 5774.00
Precipitable water [mm] for entire sounding: 46.18


    78866 TNCM Juliana Airport Observations at 00Z 02 Sep 2017

-----------------------------------------------------------------------------
   PRES   HGHT   TEMP   DWPT   RELH   MIXR   DRCT   SKNT   THTA   THTE   THTV
    hPa     m      C      C      %    g/kg    deg   knot     K      K      K 
-----------------------------------------------------------------------------
 1014.0      9   28.8   24.5     78  19.54     70     17  300.8  358.4  304.3
 1010.0     47   28.2   22.2     70  17.00     64     16  300.5  350.6  303.6
 1002.0    122   27.4   22.4     74  17.35     53     14  300.4  351.5  303.5
 1000.0    141   27.4   22.4     74  17.39     50     14  300.6  351.8  303.7
  982.0    301   26.0   21.6     77  16.80     45     14  300.7  350.2  303.7
  950.0    594   23.4   20.0     81  15.75     55     17  300.9  347.4  303.8
  949.0    603   23.4   19.9     81  15.68     55     17  301.0  347.3  303.8
  925.0    827   22.2   17.8     76  14.06     45     16  302.0  343.7  304.6
  917.0    902   21.8   17.1     75  13.58     45     16  302.3  342.7  304.8
  850.0   1558   18.2   11.2     64   9.92     65     13  305.2  335.2  307.0
  807.0   2001   15.6    8.6     63   8.76     65     11  307.0  333.8  308.6
  798.0   2096   15.0    8.3     64   8.68     65     11  307.4  334.0  309.0
  703.0   3160    8.6    5.0     78   7.84     65     14  311.6  336.1  313.1
  700.0   3195    8.4    4.6     77   7.65     65     14  311.8  335.7  313.2
  650.0   3805    6.6   -5.4     42   3.95     68     15  316.4  329.4  317.1
  641.0   3919    5.6   -2.4     56   5.03     69     15  316.5  332.9  317.5
  619.0   4202    4.2   -5.0     51   4.29     70     16  318.1  332.3  319.0
  582.0   4700    1.9   -9.5     43   3.21     85     11  321.0  331.9  321.6
  555.0   5084    0.0  -13.0     37   2.55     59     10  323.2  332.0  323.7
  551.0   5141   -0.4  -13.7     36   2.42     55     10  323.4  331.8  323.9
  500.0   5910   -5.3  -23.3     23   1.18     90      9  326.5  330.8  326.8
  473.0   6343   -7.5  -28.9     16   0.75     95      3  329.0  331.8  329.1
  457.0   6611   -8.9  -32.4     13   0.56     35      4  330.5  332.7  330.6
  442.0   6871  -10.2  -35.7     10   0.41    355      7  332.0  333.6  332.1
  428.0   7122  -11.5  -39.0      8   0.31      5      8  333.4  334.6  333.5
  424.0   7195  -11.9  -39.9      8   0.28      5      7  333.8  335.0  333.9
  409.0   7470  -14.2  -40.4      9   0.28      5      4  334.2  335.4  334.3
  400.0   7640  -15.7  -40.7     10   0.27     10      6  334.5  335.6  334.6
  391.0   7809  -17.0  -39.6     12   0.32     25      8  335.0  336.2  335.0
  364.0   8341  -21.1  -36.1     25   0.48     25     10  336.4  338.3  336.5
  331.0   9032  -27.1  -49.1     11   0.13     25     13  337.4  338.0  337.5
  324.0   9184  -28.3  -46.0     17   0.19     25     14  337.9  338.7  337.9
  310.0   9499  -30.7  -39.7     41   0.39     42     16  338.8  340.4  338.9
  300.0   9730  -32.3  -41.3     40   0.34     55     18  339.7  341.1  339.8
  292.0   9920  -33.7  -44.7     32   0.25     57     19  340.4  341.4  340.4
  272.0  10414  -37.9  -41.7     67   0.36     62     23  341.3  342.8  341.3
  263.0  10644  -39.7  -43.9     64   0.30     65     25  342.0  343.2  342.0
  250.0  10990  -42.3  -47.3     58   0.22     75     19  343.0  343.9  343.1
  231.0  11520  -46.3  -55.3     35   0.09     73     23  344.8  345.2  344.8
  200.0  12460  -54.3  -59.3     54   0.06     70     29  346.6  346.9  346.6
  172.0  13409  -62.7  -66.5     60   0.03     73     36  348.0  348.1  348.0
  155.0  14041  -67.6  -71.6     56   0.02     75     41  350.2  350.3  350.2
  150.0  14240  -69.1  -73.2     55   0.01     75     35  350.9  350.9  350.9
  142.0  14564  -70.9  -74.9     56   0.01     60     16  353.3  353.4  353.3
  131.0  15041  -73.5  -77.3     56   0.01     40     27  356.8  356.9  356.8
  130.0  15085  -73.5  -77.6     54   0.01     45     28  357.6  357.7  357.6
  129.0  15131  -73.2  -77.4     53   0.01     50     30  358.9  358.9  358.9
  124.0  15363  -71.9  -76.6     49   0.01     72     26  365.4  365.4  365.4
  120.0  15556  -72.0  -76.9     48   0.01     90     22  368.6  368.7  368.6
  117.0  15705  -72.1  -77.1     47   0.01     97     18  371.1  371.2  371.1
  116.0  15756  -72.0  -77.0     47   0.01    100     17  372.3  372.3  372.3
  112.0  15963  -71.5  -76.5     47   0.01    117     18  376.9  377.0  376.9
  110.0  16069  -71.7  -76.8     46   0.01    125     18  378.5  378.6  378.5
  100.0  16630  -72.7  -78.7     40   0.01    130     17  387.0  387.1  387.0
   98.6  16712  -72.5  -78.5     40   0.01    130     16  389.0  389.0  389.0
   97.2  16796  -72.1  -78.1     40   0.01    130     16  391.3  391.4  391.3
   90.0  17246  -72.3  -78.3     40   0.01    130     12  399.5  399.6  399.6
   87.0  17445  -72.5  -78.5     40   0.01    110     24  403.2  403.3  403.2
   85.7  17533  -72.5  -78.5     40   0.01    113     23  404.9  404.9  404.9
   81.6  17819  -73.1  -79.1     40   0.01    122     21  409.3  409.4  409.3
   76.0  18237  -71.6  -78.1     38   0.01    135     18  420.8  420.9  420.8
   71.0  18637  -70.2  -77.1     36   0.01     80     28  432.1  432.2  432.1
   70.0  18720  -69.9  -76.9     35   0.02     80     26  434.5  434.6  434.5
   69.3  18780  -69.9  -76.9     35   0.02     78     25  435.8  435.9  435.8
   67.6  18928  -70.1  -77.1     35   0.02     74     23  438.4  438.5  438.4
   64.0  19260  -68.7  -76.4     32   0.02     65     19  448.4  448.6  448.4
   61.0  19552  -67.4  -75.8     30   0.02     90     34  457.4  457.5  457.4
   57.0  19964  -65.7  -75.0     26   0.03     85     25  470.3  470.5  470.3
   53.0  20406  -63.8  -74.0     24   0.03    100     40  484.6  484.8  484.6
   50.0  20760  -62.3  -73.3     22   0.04     95     35  496.2  496.5  496.3
   48.0  21013  -61.9  -73.5     20   0.04     80     31  503.1  503.4  503.2
   46.0  21277  -61.4  -73.6     18   0.04    110     21  510.4  510.7  510.5
   42.0  21842  -60.4  -74.0     15   0.04    100     36  526.4  526.7  526.4
   38.2  22431  -59.3  -74.3     13   0.04     94     38  543.5  543.9  543.6
   34.5  23066  -59.9  -76.9      9   0.03     88     41  558.0  558.3  558.0
   30.0  23940  -58.7  -77.7      7   0.03     80     44  584.0  584.3  584.0
   29.0  24153  -58.5  -77.5      7   0.03     78     45  590.3  590.6  590.3
   28.0  24373  -58.7  -78.6      6   0.03     75     46  595.7  596.0  595.7
   27.9  24396  -58.7  -78.7      6   0.03     76     46  596.3  596.5  596.3
   27.0  24604  -58.2  -78.9      5   0.03     90     48  603.3  603.6  603.4
   22.0  25903  -54.9  -79.8      3   0.03     75     58  649.4  649.7  649.4
   20.9  26228  -54.1  -80.1      3   0.03     78     60  661.5  661.8  661.5
   20.0  26510  -54.3  -80.3      3   0.03     80     61  669.2  669.5  669.2
   19.4  26705  -54.3  -81.3      2   0.03     81     62  675.1  675.4  675.1
   16.0  27955  -49.8  -82.4      1   0.03     90     69  728.1  728.4  728.1
   15.8  28037  -49.5  -82.5      1   0.03     90     69  731.7  732.0  731.7
   15.3  28246  -48.7  -82.7      1   0.03     87     68  740.9  741.2  741.0
   15.0                                        85     67                     


      Station information and sounding indices

                         Station identifier: TNCM
                             Station number: 78866
                           Observation time: 170902/0000
                           Station latitude: 18.05
                          Station longitude: -63.12
                          Station elevation: 9.0
                            Showalter index: 3.63
                               Lifted index: -2.41
    LIFT computed using virtual temperature: -3.23
                                SWEAT index: 169.38
                                    K index: 30.90
                         Cross totals index: 16.50
                      Vertical totals index: 23.50
                        Totals totals index: 40.00
      Convective Available Potential Energy: 1121.56
             CAPE using virtual temperature: 1326.59
                      Convective Inhibition: -32.58
             CINS using virtual temperature: -11.30
                           Equilibrum Level: 154.25
 Equilibrum Level using virtual temperature: 154.19
                   Level of Free Convection: 821.93
             LFCT using virtual temperature: 874.09
                     Bulk Richardson Number: 857.30
          Bulk Richardson Number using CAPV: 1014.03
  Temp [K] of the Lifted Condensation Level: 293.78
Pres [hPa] of the Lifted Condensation Level: 922.39
   Equivalent potential temp [K] of the LCL: 350.43
     Mean mixed layer potential temperature: 300.65
              Mean mixed layer mixing ratio: 16.92
              1000 hPa to 500 hPa thickness: 5769.00
Precipitable water [mm] for entire sounding: 45.86


    78866 TNCM Juliana Airport Observations at 12Z 02 Sep 2017

-----------------------------------------------------------------------------
   PRES   HGHT   TEMP   DWPT   RELH   MIXR   DRCT   SKNT   THTA   THTE   THTV
    hPa     m      C      C      %    g/kg    deg   knot     K      K      K 
-----------------------------------------------------------------------------
 1014.0      9   27.8   26.5     93  22.09    110     10  299.8  364.9  303.7
 1009.0     54   27.4   23.3     78  18.23    106      9  299.8  353.3  303.0
 1000.0    136   26.8   22.9     79  17.94    100      7  299.9  352.7  303.2
  982.0    296   25.4   22.2     83  17.55     65      8  300.1  351.7  303.2
  951.0    579   22.8   21.1     90  16.87     88     14  300.2  349.9  303.3
  949.0    597   22.7   20.9     90  16.73     90     14  300.3  349.6  303.3
  925.0    821   21.8   18.9     84  15.09    100     16  301.6  346.3  304.3
  917.0    896   21.3   18.5     84  14.82    100     16  301.8  345.8  304.5
  850.0   1551   17.0   14.8     87  12.61    110     15  303.9  341.7  306.2
  797.0   2099   14.2   12.0     86  11.15     95     15  306.6  340.5  308.7
  785.0   2228   13.6   11.3     86  10.83     96     15  307.3  340.2  309.3
  778.0   2303   13.6   10.6     82  10.42     97     15  308.1  339.9  310.0
  709.0   3083   10.6   -1.4     43   4.90    104     16  313.1  328.8  314.0
  700.0   3189   10.0    0.0     50   5.50    105     16  313.5  331.1  314.6
  627.0   4097    6.0   -5.0     45   4.23     92     14  319.0  333.0  319.8
  619.0   4201    5.4   -6.3     43   3.87     90     14  319.5  332.4  320.2
  593.0   4548    3.4  -10.7     35   2.87     70     15  321.1  330.9  321.7
  553.0   5113    0.2  -17.8     24   1.72     90     11  323.8  329.8  324.1
  550.0   5156    0.0  -18.0     24   1.70     92     11  324.0  330.0  324.4
  535.0   5376   -1.7  -17.1     30   1.88    100      9  324.6  331.2  324.9
  516.0   5663   -3.9  -15.9     39   2.16    100     10  325.3  332.9  325.7
  500.0   5910   -5.5  -24.5     21   1.06    100     10  326.3  330.1  326.5
  480.0   6229   -7.1  -33.1     11   0.49     84     11  328.1  330.0  328.2
  446.0   6799  -10.1  -24.8     29   1.15     55     14  331.3  335.6  331.5
  444.0   6834  -10.3  -24.3     31   1.21     53     14  331.5  336.0  331.7
  426.0   7152  -12.3  -33.3     16   0.54     34     10  332.9  335.0  333.0
  413.0   7387  -14.2  -31.7     21   0.65     20      8  333.4  335.9  333.6
  400.0   7630  -16.1  -30.1     29   0.79     15      8  334.0  337.0  334.1
  375.0   8112  -20.3  -25.3     64   1.31     30     11  334.7  339.6  334.9
  368.0   8252  -21.5  -23.9     81   1.52     26     11  334.8  340.5  335.1
  343.0   8761  -25.1  -29.4     67   0.98     10     10  336.8  340.5  337.0
  300.0   9730  -31.9  -39.9     45   0.40     35     14  340.3  341.9  340.4
  250.0  10990  -42.7  -49.7     46   0.16     30     19  342.4  343.1  342.5
  231.0  11508  -47.0  -54.8     41   0.10     55     27  343.6  344.1  343.7
  204.0  12324  -53.9  -62.9     32   0.04     64     31  345.3  345.5  345.3
  200.0  12450  -55.3  -64.3     32   0.03     65     32  345.0  345.2  345.0
  163.0  13716  -64.3  -70.4     43   0.02    105     21  350.8  350.8  350.8
  155.0  14027  -66.5  -71.9     46   0.01     70      9  352.1  352.2  352.1
  150.0  14230  -67.9  -72.9     49   0.01     35     11  352.9  353.0  352.9
  146.0  14392  -68.7  -73.7     48   0.01     19     16  354.3  354.3  354.3
  145.0  14433  -68.6  -73.8     47   0.01     15     17  355.1  355.2  355.1
  140.0  14643  -68.1  -74.1     42   0.01     27     16  359.6  359.7  359.6
  135.0  14859  -69.1  -75.1     42   0.01     40     14  361.6  361.7  361.6
  131.0  15038  -69.9  -75.9     41   0.01      5      5  363.3  363.4  363.3
  128.0  15176  -70.5  -76.5     41   0.01    285      3  364.6  364.7  364.6
  126.0  15270  -70.9  -76.9     41   0.01    302      3  365.5  365.6  365.5
  124.0  15365  -70.8  -76.8     41   0.01    320      2  367.4  367.4  367.4
  122.0  15461  -70.7  -76.7     41   0.01     25      4  369.2  369.3  369.2
  121.0  15510  -70.7  -76.7     41   0.01     47      5  370.1  370.2  370.1
  115.0  15809  -72.0  -77.3     45   0.01    180      8  373.1  373.1  373.1
  113.0  15912  -72.5  -77.5     47   0.01    155      9  374.1  374.1  374.1
  109.0  16124  -72.7  -78.5     41   0.01    120     16  377.7  377.7  377.7
  108.0  16178  -72.7  -78.7     40   0.01    122     16  378.6  378.6  378.6
  100.0  16630  -71.5  -78.5     35   0.01    140     18  389.3  389.4  389.3
   98.8  16702  -71.5  -78.5     35   0.01    146     20  390.7  390.7  390.7
   97.0  16810  -71.7  -78.7     35   0.01    155     22  392.4  392.4  392.4
   91.0  17188  -72.3  -79.3     34   0.01    130     18  398.4  398.5  398.4
   90.6  17214  -72.3  -79.3     34   0.01    126     18  398.9  398.9  398.9
   85.9  17529  -70.5  -77.5     35   0.01     72     17  408.6  408.7  408.6
   84.0  17662  -70.9  -77.9     35   0.01     50     16  410.5  410.5  410.5
   80.0  17950  -71.7  -78.7     35   0.01     75     28  414.5  414.6  414.5
   74.7  18356  -72.9  -79.9     34   0.01     89     29  420.2  420.3  420.2
   71.0  18656  -71.5  -79.3     31   0.01    100     29  429.4  429.4  429.4
   70.0  18740  -71.1  -79.1     30   0.01    100     29  431.9  432.0  431.9
   66.0  19090  -69.5  -78.4     26   0.01     65     27  442.8  442.9  442.8
   61.8  19481  -67.7  -77.7     23   0.02     73     31  455.1  455.2  455.1
   58.0  19861  -68.7  -78.7     22   0.01     81     35  461.2  461.3  461.2
   56.0  20074  -67.3  -78.0     21   0.02     85     37  469.0  469.1  469.0
   52.0  20522  -64.4  -76.6     17   0.02    105     34  485.8  485.9  485.8
   50.0  20760  -62.9  -75.9     16   0.03    100     38  494.8  495.0  494.8
   48.5  20948  -62.3  -76.3     14   0.02     90     38  500.6  500.8  500.6
   47.0  21141  -62.5  -76.5     14   0.02     80     38  504.6  504.8  504.6
   45.8  21301  -62.7  -76.7     14   0.02     84     40  507.9  508.1  507.9
   41.0  21992  -60.9  -77.2     10   0.03    100     47  528.8  529.0  528.8
   38.0  22466  -59.6  -77.6      8   0.03     95     37  543.6  543.8  543.6
   33.1  23327  -57.3  -78.3      5   0.03     95     44  571.6  571.8  571.6
   32.3  23482  -57.3  -79.3      5   0.02     95     45  575.6  575.8  575.6
   30.0  23950  -56.1  -80.1      3   0.02     95     49  591.1  591.3  591.1
   24.0  25374  -54.5  -80.5      3   0.03     89     56  634.7  634.9  634.7
   22.2  25872  -55.5  -81.5      3   0.02     87     58  646.0  646.2  646.0
   21.0  26228  -54.4  -81.0      2   0.03     85     60  659.5  659.8  659.6
   20.0  26540  -53.5  -80.5      2   0.03     80     56  671.7  672.0  671.7
   17.0  27604  -48.1  -76.5      2   0.07     80     63  720.8  721.5  720.8
   16.7  27721  -47.5  -76.0      2   0.07     80     63  726.4  727.1  726.4
   15.7  28125  -45.5  -74.5      2   0.10     82     62  746.0  747.1  746.0
   14.6  28611  -43.7  -72.7      3   0.14     84     62  767.6  769.2  767.7
   12.2  29811  -46.1  -73.1      3   0.16     90     60  799.6  801.4  799.7
   12.0  29921  -45.7  -74.0      3   0.14     90     60  804.8  806.4  804.9
   11.9  29976  -45.5  -74.5      2   0.13                807.4  809.0  807.5


      Station information and sounding indices

                         Station identifier: TNCM
                             Station number: 78866
                           Observation time: 170902/1200
                           Station latitude: 18.05
                          Station longitude: -63.12
                          Station elevation: 9.0
                            Showalter index: 0.71
                               Lifted index: -3.25
    LIFT computed using virtual temperature: -4.15
                                SWEAT index: 217.60
                                    K index: 27.30
                         Cross totals index: 20.30
                      Vertical totals index: 22.50
                        Totals totals index: 42.80
      Convective Available Potential Energy: 1522.92
             CAPE using virtual temperature: 1744.60
                      Convective Inhibition: -7.90
             CINS using virtual temperature: -2.80
                           Equilibrum Level: 154.61
 Equilibrum Level using virtual temperature: 154.57
                   Level of Free Convection: 897.70
             LFCT using virtual temperature: 915.72
                     Bulk Richardson Number: 393.04
          Bulk Richardson Number using CAPV: 450.26
  Temp [K] of the Lifted Condensation Level: 294.95
Pres [hPa] of the Lifted Condensation Level: 942.29
   Equivalent potential temp [K] of the LCL: 352.30
     Mean mixed layer potential temperature: 300.01
              Mean mixed layer mixing ratio: 17.83
              1000 hPa to 500 hPa thickness: 5774.00
Precipitable water [mm] for entire sounding: 49.38


    78866 TNCM Juliana Airport Observations at 00Z 03 Sep 2017

-----------------------------------------------------------------------------
   PRES   HGHT   TEMP   DWPT   RELH   MIXR   DRCT   SKNT   THTA   THTE   THTV
    hPa     m      C      C      %    g/kg    deg   knot     K      K      K 
-----------------------------------------------------------------------------
 1014.0      9   28.6   25.4     83  20.65     90     16  300.6  361.5  304.2
 1009.0     54   28.0   23.1     75  18.00     85     15  300.4  353.4  303.6
 1001.0    125   27.2   22.5     76  17.48     76     12  300.3  351.7  303.4
 1000.0    134   27.2   22.6     76  17.61     75     12  300.4  352.2  303.5
  994.0    187   26.7   22.4     77  17.45     65      9  300.4  351.8  303.5
  981.0    303   25.7   21.8     79  17.12     75      9  300.5  351.0  303.6
  949.0    594   23.2   20.5     85  16.30     75      8  300.8  348.9  303.7
  925.0    819   21.2   19.5     90  15.68     90     12  301.0  347.3  303.8
  916.0    904   21.3   18.9     86  15.21    100     13  301.9  347.0  304.7
  908.0    980   21.4   18.3     83  14.80     98     13  302.8  346.8  305.5
  850.0   1552   18.6   14.9     79  12.69     85     10  305.6  343.9  307.9
  847.0   1582   18.4   14.7     79  12.55     85     10  305.8  343.6  308.1
  797.0   2102   15.6   10.9     73  10.36    105     12  308.1  339.8  310.1
  786.0   2221   15.0   10.0     72   9.90    105     13  308.7  339.1  310.5
  774.0   2351   14.0   10.3     78  10.26    105     14  309.0  340.5  310.9
  758.0   2526   13.3    8.1     70   8.99    105     16  310.1  337.9  311.7
  711.0   3064   11.2    1.2     50   5.91    117     17  313.5  332.3  314.6
  700.0   3194   10.0    2.0     58   6.36    120     17  313.5  333.7  314.7
  689.0   3325    9.6   -0.4     50   5.42    119     16  314.5  331.9  315.5
  671.0   3545    8.2    4.1     75   7.71    118     16  315.3  339.8  316.8
  637.0   3972    6.2   -1.8     57   5.29    116     14  317.8  335.0  318.8
  632.0   4037    5.6    0.6     70   6.37    116     14  317.8  338.4  319.0
  620.0   4193    4.5   -1.6     65   5.53    115     13  318.3  336.3  319.4
  610.0   4326    3.6   -3.4     60   4.90    115     13  318.7  334.8  319.7
  584.0   4678    1.4   -3.3     71   5.16    116     13  320.2  337.1  321.1
  567.0   4915    0.0   -5.0     69   4.68    117     13  321.2  336.8  322.1
  535.0   5377   -2.5  -14.5     39   2.34    118     13  323.6  331.7  324.1
  518.0   5633   -4.1  -11.1     58   3.18    119     13  324.7  335.6  325.3
  500.0   5910   -6.3  -14.3     53   2.54    120     13  325.3  334.1  325.8
  481.0   6213   -7.9  -15.9     53   2.31    111     11  326.9  335.1  327.4
  474.0   6328   -7.1  -16.1     49   2.31    107     10  329.3  337.5  329.8
  457.0   6612   -9.1  -24.1     29   1.20     99      8  330.3  334.7  330.5
  413.0   7386  -15.2  -22.6     53   1.52     75      3  332.1  337.7  332.4
  407.0   7497  -16.1  -22.4     58   1.57     85      2  332.4  338.1  332.7
  401.0   7611  -16.9  -22.1     64   1.63     45      2  332.6  338.6  333.0
  400.0   7630  -17.1  -22.1     65   1.64     60      2  332.7  338.7  333.0
  379.0   8032  -19.4  -22.6     76   1.66    100     11  334.7  340.8  335.1
  370.0   8212  -20.5  -22.8     82   1.66    102     11  335.6  341.8  336.0
  314.0   9400  -29.6  -32.3     77   0.82    115     14  339.1  342.3  339.3
  300.0   9730  -32.1  -34.9     76   0.66    105     11  340.0  342.6  340.1
  270.0  10458  -38.2  -41.4     72   0.38    100     19  341.5  343.1  341.6
  250.0  10990  -42.7  -46.1     69   0.25     95     14  342.4  343.5  342.5
  212.0  12069  -51.7  -55.9     60   0.09    120     12  344.9  345.3  344.9
  201.0  12417  -54.6  -59.1     58   0.07    145     11  345.6  345.9  345.6
  200.0  12450  -54.9  -59.4     57   0.06    145     11  345.7  346.0  345.7
  193.0  12670  -56.4  -60.9     57   0.05    125     10  346.8  347.1  346.8
  187.0  12866  -57.7  -62.2     56   0.05    130      7  347.8  348.1  347.9
  170.0  13456  -61.7  -66.1     55   0.03    180      9  350.9  351.0  350.9
  162.0  13754  -63.7  -68.1     55   0.02    165      7  352.3  352.4  352.3
  155.0  14027  -65.5  -69.9     54   0.02    115     10  353.7  353.8  353.7
  150.0  14230  -66.9  -71.3     54   0.02    150     16  354.6  354.7  354.6
  147.0  14351  -67.3  -71.7     53   0.02    160     19  356.0  356.1  356.0
  121.0  15513  -71.0  -75.5     51   0.01    165     26  369.6  369.7  369.6
  113.0  15921  -72.3  -76.8     51   0.01    151     20  374.5  374.5  374.5
  100.0  16640  -72.7  -77.0     52   0.01    125      9  387.0  387.1  387.0
   94.0  17001  -74.6  -79.0     51   0.01    180     10  390.2  390.2  390.2
   93.7  17019  -74.7  -79.1     51   0.01    175     10  390.3  390.4  390.3
   90.4  17227  -75.1  -79.4     51   0.01    112     13  393.6  393.6  393.6
   89.0  17319  -74.7  -79.1     51   0.01     85     14  396.1  396.1  396.1
   86.0  17520  -73.9  -78.4     50   0.01     85     21  401.6  401.7  401.6
   78.0  18093  -71.6  -76.3     49   0.02    110     24  417.8  417.9  417.8
   72.0  18563  -69.7  -74.7     48   0.02    100     11  431.5  431.6  431.5
   71.4  18612  -69.5  -74.5     48   0.02     99     12  432.9  433.1  432.9
   70.0  18730  -69.7  -74.7     48   0.02     95     15  434.9  435.1  434.9
   68.3  18876  -69.9  -74.9     48   0.02     95     19  437.6  437.7  437.6
   66.0  19083  -69.2  -74.5     46   0.02     95     24  443.4  443.5  443.4
   56.0  20073  -65.9  -72.5     39   0.04     70     34  472.3  472.6  472.3
   53.4  20360  -64.9  -71.9     37   0.04     53     29  481.0  481.3  481.0
   53.0  20405  -65.0  -72.0     37   0.04     50     28  481.8  482.0  481.8
   50.2  20736  -65.9  -72.9     37   0.04     73     31  487.2  487.5  487.2
   50.0  20760  -65.9  -72.9     37   0.04     75     31  487.8  488.1  487.8
   40.0  22134  -59.9  -68.5     31   0.09     95     38  535.0  535.7  535.0
   38.3  22402  -58.7  -67.7     30   0.11     93     40  544.7  545.5  544.7
   36.0  22789  -59.3  -68.3     30   0.11     90     44  552.8  553.6  552.9
   33.8  23183  -58.7  -68.7     26   0.11     82     43  564.5  565.3  564.5
   32.0  23526  -58.9  -68.9     26   0.11     75     42  572.9  573.8  572.9
   31.7  23585  -58.9  -68.9     26   0.11     81     43  574.4  575.3  574.4
   31.0  23725  -58.7  -69.1     25   0.11     95     46  578.5  579.4  578.5
   30.0  23930  -58.5  -69.5     23   0.11     90     49  584.6  585.5  584.6
   29.7  23993  -58.5  -69.5     23   0.11     90     50  586.2  587.1  586.3
   27.8  24406  -58.7  -70.7     20   0.10     90     56  596.9  597.7  596.9
   25.0  25085  -55.7  -69.3     17   0.14     90     65  624.0  625.1  624.0
   22.4  25786  -52.5  -67.8     14   0.19     90     74  653.1  654.8  653.2
   22.0  25901  -52.0  -67.6     14   0.20     90     74  658.0  659.8  658.1
   20.0  26510  -49.3  -66.3     12   0.26     90     64  684.5  686.9  684.6
   19.8  26576  -49.1  -66.1     12   0.27     90     63  687.1  689.6  687.2
   17.0  27586  -46.6  -67.4      8   0.26     95     52  725.6  728.2  725.7
   14.9  28460  -44.5  -68.5      5   0.25     85     47  760.5  763.2  760.6
   14.0  28878  -43.6  -69.4      4   0.24     80     44  777.2  779.8  777.3
   13.9  28926  -43.5  -69.5      4   0.24                779.2  781.7  779.3


      Station information and sounding indices

                         Station identifier: TNCM
                             Station number: 78866
                           Observation time: 170903/0000
                           Station latitude: 18.05
                          Station longitude: -63.12
                          Station elevation: 9.0
                            Showalter index: -0.96
                               Lifted index: -3.81
    LIFT computed using virtual temperature: -4.44
                                SWEAT index: 211.80
                                    K index: 31.80
                         Cross totals index: 21.20
                      Vertical totals index: 24.90
                        Totals totals index: 46.10
      Convective Available Potential Energy: 1376.77
             CAPE using virtual temperature: 1535.70
                      Convective Inhibition: -27.63
             CINS using virtual temperature: -1.07
                           Equilibrum Level: 167.39
 Equilibrum Level using virtual temperature: 167.31
                   Level of Free Convection: 800.54
             LFCT using virtual temperature: 926.44
                     Bulk Richardson Number: 276.01
          Bulk Richardson Number using CAPV: 307.87
  Temp [K] of the Lifted Condensation Level: 294.34
Pres [hPa] of the Lifted Condensation Level: 930.24
   Equivalent potential temp [K] of the LCL: 351.57
     Mean mixed layer potential temperature: 300.49
              Mean mixed layer mixing ratio: 17.38
              1000 hPa to 500 hPa thickness: 5776.00
Precipitable water [mm] for entire sounding: 54.01


    78866 TNCM Juliana Airport Observations at 12Z 03 Sep 2017

-----------------------------------------------------------------------------
   PRES   HGHT   TEMP   DWPT   RELH   MIXR   DRCT   SKNT   THTA   THTE   THTV
    hPa     m      C      C      %    g/kg    deg   knot     K      K      K 
-----------------------------------------------------------------------------
 1014.0      9   29.0   26.0     84  21.42    120     14  300.9  364.4  304.8
 1008.0     63   28.0   23.0     74  17.91    118     12  300.5  353.2  303.7
 1002.0    118   27.4   22.6     75  17.57    116     10  300.4  352.1  303.5
 1000.0    136   27.4   22.7     76  17.72    115      9  300.6  352.8  303.7
  982.0    297   25.8   22.1     80  17.41    105     10  300.5  351.8  303.7
  957.0    524   23.6   21.3     87  16.98    109     13  300.5  350.5  303.6
  949.0    598   23.2   20.5     85  16.24    110     14  300.8  348.7  303.7
  925.0    822   22.0   17.9     78  14.15    115     17  301.8  343.8  304.4
  917.0    897   21.6   17.4     77  13.85    110     17  302.1  343.3  304.7
  850.0   1553   18.2   13.3     73  11.42    115     18  305.2  339.6  307.3
  797.0   2099   15.5    9.8     69   9.60    100     18  308.0  337.4  309.8
  726.0   2890   11.6    4.6     62   7.38    107     15  312.0  335.2  313.4
  719.0   2971   11.6    1.6     50   6.01    108     15  312.9  332.0  314.0
  700.0   3195   10.8   -1.2     43   5.03    110     14  314.4  330.6  315.4
  693.0   3279   10.6   -2.4     40   4.65    110     14  315.1  330.2  316.0
  674.0   3510    8.6    0.6     57   5.97    110     12  315.4  334.5  316.5
  620.0   4191    4.8   -9.9     34   2.93    110      9  318.6  328.4  319.1
  558.0   5049   -0.1  -23.1     16   1.07    126      9  322.6  326.5  322.8
  509.0   5778   -4.5  -26.6     16   0.86    140      9  325.9  329.1  326.1
  500.0   5920   -5.3  -27.3     16   0.82    160      6  326.5  329.6  326.7
  495.0   5998   -6.0  -26.4     18   0.90    165      6  326.6  329.9  326.8
  484.0   6173   -7.5  -24.5     24   1.09    151      6  326.9  330.9  327.1
  479.0   6254   -7.3  -30.3     14   0.65    145      5  328.1  330.5  328.2
  474.0   6336   -7.3  -34.3     10   0.44    138      5  329.1  330.8  329.1
  468.0   6433   -8.0  -33.5     11   0.49    130      5  329.4  331.3  329.5
  443.0   6855  -11.1  -30.0     19   0.72    195      5  330.7  333.4  330.8
  437.0   6960  -11.9  -29.1     22   0.79    180      4  331.0  334.0  331.2
  429.0   7102  -12.9  -27.9     27   0.90    190      4  331.4  334.9  331.6
  410.0   7445  -15.3  -38.3     12   0.34    216      3  332.7  334.0  332.7
  400.0   7630  -16.9  -29.9     31   0.80    230      3  332.9  336.0  333.1
  397.0   7686  -17.3  -27.6     40   1.01    240      2  333.1  336.9  333.3
  391.0   7801  -18.1  -22.9     66   1.56    225      3  333.5  339.3  333.9
  363.0   8350  -21.6  -37.5     22   0.42    150      5  336.0  337.7  336.1
  346.0   8705  -23.9  -46.9     10   0.16    148      7  337.5  338.2  337.6
  323.0   9201  -27.9  -41.9     25   0.30    145     10  338.7  339.9  338.8
  311.0   9474  -30.1  -39.1     41   0.42    128      7  339.3  341.0  339.4
  309.0   9520  -30.5  -41.6     33   0.32    125      7  339.4  340.8  339.5
  300.0   9730  -32.1  -53.1     11   0.09    140      8  340.0  340.4  340.0
  294.0   9872  -33.3  -56.3      8   0.06    157      9  340.3  340.6  340.3
  293.0   9896  -33.5  -56.2      8   0.06    160      9  340.3  340.6  340.4
  250.0  10990  -42.5  -51.5     37   0.13    135      7  342.7  343.3  342.8
  228.0  11601  -47.9  -55.2     43   0.09    120      9  343.6  344.0  343.6
  225.0  11689  -48.7  -55.7     44   0.09    122      9  343.7  344.1  343.7
  200.0  12450  -54.7  -62.7     36   0.04    140      7  346.0  346.2  346.0
  195.0  12609  -55.8  -63.9     35   0.04    155      5  346.8  346.9  346.8
  164.0  13696  -63.3  -72.3     29   0.01    162     18  351.8  351.8  351.8
  150.0  14240  -66.7  -74.7     32   0.01    165     24  355.0  355.0  355.0
  143.0  14524  -67.9  -75.9     31   0.01    170     28  357.9  357.9  357.9
  134.0  14911  -69.4  -77.4     30   0.01    185     25  361.8  361.8  361.8
  121.0  15519  -71.9  -79.9     29   0.01    170     13  368.0  368.0  368.0
  116.0  15767  -71.5  -79.5     30   0.01    121      7  373.2  373.2  373.2
  113.0  15919  -72.4  -80.2     30   0.01     90      3  374.3  374.4  374.3
  109.0  16129  -73.6  -81.1     31   0.01     25      7  376.0  376.0  376.0
  107.0  16237  -74.2  -81.6     31   0.00     30      8  376.8  376.8  376.8
  103.0  16459  -75.5  -82.6     32   0.00     75     12  378.5  378.5  378.5
  101.0  16573  -76.1  -83.1     33   0.00     85     15  379.4  379.4  379.4
  100.0  16630  -76.3  -83.3     32   0.00     95     14  380.1  380.1  380.1
   84.0  17648  -72.2  -80.1     30   0.01     75     26  407.8  407.8  407.8
   82.2  17774  -71.7  -79.7     29   0.01     75     24  411.3  411.4  411.3
   75.9  18243  -72.9  -80.9     29   0.01     75     19  418.3  418.4  418.3
   73.0  18473  -72.2  -80.7     27   0.01     75     16  424.4  424.5  424.4
   70.0  18720  -71.5  -80.5     25   0.01     80     30  431.1  431.1  431.1
   69.0  18806  -71.1  -80.3     24   0.01     85     33  433.7  433.7  433.7
   50.0  20740  -62.7  -76.7     14   0.02     95     38  495.3  495.5  495.3
   43.6  21593  -58.7  -76.7      8   0.03     98     42  524.9  525.1  524.9
   41.0  21979  -59.3  -79.3      6   0.02     99     44  532.7  532.8  532.7
   39.0  22292  -58.7  -80.2      5   0.02    100     45  541.8  541.9  541.8
   38.2  22423  -58.5  -80.5      4   0.02    100     42  545.6  545.7  545.6
   36.0  22795  -58.9  -81.8      4   0.01    100     34  554.0  554.1  554.0
   33.6  23228  -59.3  -83.3      3   0.01     96     36  563.8  563.9  563.8
   30.0  23940  -58.3  -82.3      3   0.02     90     38  585.1  585.2  585.1
   28.0  24376  -56.9  -81.9      3   0.02     88     40  600.7  600.8  600.7
   20.2  26466  -53.1  -77.1      4   0.05     80     47  671.0  671.5  671.0
   20.0  26530  -53.1  -77.1      4   0.05     80     47  672.9  673.4  672.9
   19.0  26860  -53.8  -77.8      4   0.05     75     50  680.7  681.2  680.7
   18.3  27101  -54.3  -78.3      4   0.05     78     51  686.4  686.9  686.4
   18.0  27207  -54.0  -76.7      5   0.06     80     51  690.8  691.4  690.8
   17.0  27577  -52.8  -71.2      9   0.15     90     55  706.0  707.4  706.0
   15.4  28215  -50.7  -61.7     26   0.61     90     59  733.0  738.9  733.2
   15.0  28388  -48.9  -68.9      8   0.24     90     60  744.5  747.0  744.6
   14.7  28520  -47.5  -74.5      3   0.11     91     59  753.5  754.6  753.5
   14.5  28611  -47.7  -74.7      3   0.11     92     59  755.7  756.9  755.8
   13.5  29081  -48.9  -73.9      4   0.13     97     57  767.2  768.6  767.3
   13.0  29331  -48.3  -73.5      4   0.14    100     56  777.5  779.1  777.6
   12.0  29860  -47.1  -72.6      4   0.17    100     70  799.8  801.8  799.9
   11.5  30142  -46.5  -72.2      4   0.19    100     70  811.9  814.2  812.0
   11.0  30436  -45.8  -71.7      4   0.22     90     68  824.8  827.3  824.9
   10.8  30557  -45.5  -71.5      4   0.23                830.1  832.8  830.2


      Station information and sounding indices

                         Station identifier: TNCM
                             Station number: 78866
                           Observation time: 170903/1200
                           Station latitude: 18.05
                          Station longitude: -63.12
                          Station elevation: 9.0
                            Showalter index: 1.74
                               Lifted index: -3.11
    LIFT computed using virtual temperature: -4.05
                                SWEAT index: 201.62
                                    K index: 24.80
                         Cross totals index: 18.60
                      Vertical totals index: 23.50
                        Totals totals index: 42.10
      Convective Available Potential Energy: 1503.38
             CAPE using virtual temperature: 1747.60
                      Convective Inhibition: -15.13
             CINS using virtual temperature: -2.61
                           Equilibrum Level: 161.77
 Equilibrum Level using virtual temperature: 161.70
                   Level of Free Convection: 850.47
             LFCT using virtual temperature: 907.68
                     Bulk Richardson Number: 1954.33
          Bulk Richardson Number using CAPV: 2271.81
  Temp [K] of the Lifted Condensation Level: 294.64
Pres [hPa] of the Lifted Condensation Level: 933.17
   Equivalent potential temp [K] of the LCL: 352.46
     Mean mixed layer potential temperature: 300.53
              Mean mixed layer mixing ratio: 17.66
              1000 hPa to 500 hPa thickness: 5784.00
Precipitable water [mm] for entire sounding: 45.53


    78866 TNCM Juliana Airport Observations at 00Z 04 Sep 2017

-----------------------------------------------------------------------------
   PRES   HGHT   TEMP   DWPT   RELH   MIXR   DRCT   SKNT   THTA   THTE   THTV
    hPa     m      C      C      %    g/kg    deg   knot     K      K      K 
-----------------------------------------------------------------------------
 1013.0      9   29.2   25.8     82  21.18     70     14  301.2  364.0  305.0
 1001.0    121   27.8   22.8     74  17.81     70      8  300.9  353.4  304.1
 1000.0    130   27.8   22.8     74  17.83     70      7  300.9  353.6  304.1
  981.0    299   26.5   21.8     75  17.08     70      5  301.3  351.8  304.4
  948.0    600   24.1   20.0     78  15.81     85      9  301.9  348.7  304.7
  935.0    722   23.2   19.3     79  15.31     88      8  302.1  347.5  304.9
  928.0    788   23.2   18.4     74  14.57     89      8  302.7  346.1  305.4
  925.0    816   23.0   18.1     74  14.34     90      8  302.8  345.5  305.4
  916.0    901   22.4   17.6     74  14.06     95     10  303.1  345.0  305.6
  850.0   1548   18.0   14.1     78  12.04     90      7  305.0  341.2  307.2
  848.0   1568   17.9   14.0     78  12.02     85      7  305.1  341.3  307.3
  818.0   1876   16.0   13.1     83  11.71     91      9  306.2  341.7  308.4
  803.0   2034   15.6   10.6     72  10.09     94     11  307.4  338.2  309.3
  797.0   2097   15.3   10.6     74  10.16     95     11  307.7  338.8  309.6
  749.0   2623   12.4   10.5     88  10.76     98     13  310.1  343.3  312.1
  725.0   2895   11.2    7.4     77   8.97    100     14  311.8  339.7  313.4
  700.0   3189   10.0    4.0     66   7.33     95     17  313.5  336.7  314.9
  683.0   3393    9.4   -4.6     37   4.00     92     17  315.1  328.1  315.8
  658.0   3702    7.2    0.2     61   5.94     87     16  316.0  335.1  317.1
  619.0   4200    4.1   -6.1     48   3.94     80     15  317.9  331.0  318.7
  597.0   4496    2.2   -9.8     41   3.06     85     13  319.1  329.4  319.7
  570.0   4868   -0.1  -11.1     43   2.89     92     11  320.6  330.4  321.2
  554.0   5096   -1.5   -7.5     64   3.95     96     10  321.6  334.8  322.4
  541.0   5285   -0.6  -22.3     17   1.18    100      9  324.9  329.2  325.1
  540.0   5300   -0.5  -23.5     16   1.07     99      9  325.1  329.1  325.4
  506.0   5815   -4.2  -25.5     17   0.95     80      4  326.7  330.2  326.9
  500.0   5910   -4.9  -25.9     18   0.93     85      5  327.0  330.4  327.2
  480.0   6230   -6.5  -36.2      7   0.36    125      8  328.9  330.3  328.9
  475.0   6312   -6.9  -38.9      6   0.28    114      7  329.4  330.5  329.4
  425.0   7165  -13.1  -32.2     19   0.61      0      0  332.1  334.4  332.2
  413.0   7385  -14.7  -30.4     25   0.74    250      1  332.7  335.6  332.9
  408.0   7478  -15.4  -29.7     28   0.80    140      1  333.0  336.1  333.2
  402.0   7592  -16.2  -28.8     33   0.89    180      2  333.3  336.7  333.5
  400.0   7630  -16.5  -28.5     35   0.92    175      3  333.5  336.9  333.6
  389.0   7839  -17.7  -26.7     45   1.11    202      7  334.6  338.7  334.8
  386.0   7897  -18.0  -29.2     37   0.89    210      8  334.9  338.3  335.1
  369.0   8232  -19.7  -43.7     10   0.22    209      9  337.0  337.9  337.0
  300.0   9730  -31.9  -47.9     19   0.17    205     16  340.3  341.0  340.3
  276.0  10308  -36.7  -48.0     30   0.18    185     11  341.5  342.3  341.6
  260.0  10722  -40.2  -48.1     43   0.19    175     10  342.3  343.1  342.3
  256.0  10829  -41.1  -48.1     47   0.19    175     10  342.5  343.3  342.5
  250.0  10990  -42.5  -50.5     41   0.15    175     10  342.7  343.4  342.8
  240.0  11259  -44.5  -53.1     38   0.11    125      9  343.7  344.2  343.7
  208.0  12202  -51.7  -62.2     27   0.04    110      9  346.8  347.0  346.8
  200.0  12460  -53.7  -64.7     25   0.03    130     11  347.6  347.7  347.6
  185.0  12955  -57.5  -68.5     23   0.02    141     17  349.2  349.3  349.2
  173.0  13369  -60.2  -70.9     23   0.02    150     23  351.6  351.6  351.6
  150.0  14250  -65.9  -75.9     24   0.01    160     24  356.4  356.4  356.4
  140.0  14658  -68.0  -77.6     24   0.01    170     24  359.7  359.7  359.7
  131.0  15051  -70.1  -79.2     25   0.01    170     17  362.9  362.9  362.9
  111.0  16030  -75.3  -83.3     28   0.00    120     18  370.8  370.8  370.8
  109.0  16135  -75.1  -83.1     28   0.00    115     18  373.1  373.1  373.1
  102.0  16517  -77.5  -85.5     27   0.00    120     17  375.6  375.6  375.6
  101.0  16573  -77.5  -85.5     27   0.00    122     17  376.7  376.7  376.7
  100.0  16630  -76.9  -84.9     27   0.00    125     17  378.9  378.9  378.9
   93.8  17001  -75.1  -84.1     24   0.00    118     16  389.4  389.4  389.4
   91.9  17120  -74.7  -83.7     24   0.00    116     16  392.5  392.5  392.5
   91.0  17177  -74.9  -83.5     25   0.00    115     16  393.3  393.3  393.3
   89.6  17268  -75.1  -83.1     28   0.00    110     15  394.6  394.6  394.6
   88.7  17326  -75.3  -83.3     28   0.00    106     15  395.3  395.3  395.3
   87.0  17440  -74.9  -83.1     27   0.00    100     14  398.4  398.4  398.4
   78.0  18080  -72.4  -82.2     22   0.01    120     25  416.2  416.2  416.2
   77.1  18148  -72.1  -82.1     21   0.01    116     23  418.1  418.1  418.1
   75.0  18312  -71.9  -81.9     21   0.01    105     17  421.9  421.9  421.9
   72.0  18553  -71.5  -81.5     21   0.01     60     20  427.6  427.6  427.6
   70.0  18720  -71.3  -81.3     21   0.01     60     20  431.5  431.6  431.5
   68.8  18822  -71.5  -81.5     21   0.01     66     20  433.2  433.3  433.2
   65.2  19140  -69.5  -80.5     19   0.01     86     21  444.3  444.4  444.3
   63.6  19289  -68.1  -79.1     19   0.01     96     22  450.5  450.6  450.5
   62.0  19442  -67.8  -79.0     19   0.01    105     22  454.5  454.6  454.5
   60.0  19640  -67.4  -78.9     18   0.01     95     17  459.6  459.7  459.6
   55.0  20165  -66.4  -78.6     17   0.02     85     29  473.5  473.6  473.5
   50.0  20740  -65.3  -78.3     15   0.02     70     25  489.2  489.3  489.2
   44.0  21528  -60.5  -75.2     13   0.03     90     29  519.1  519.4  519.2
   43.1  21656  -59.7  -74.7     12   0.04     89     31  524.1  524.4  524.1
   39.0  22279  -60.9  -77.9      9   0.02     84     38  536.3  536.5  536.3
   36.0  22778  -59.6  -77.4      8   0.03     80     44  552.0  552.2  552.0
   35.3  22901  -59.3  -77.3      8   0.03     80     46  555.9  556.2  556.0
   32.3  23456  -59.5  -78.5      7   0.03     80     53  569.7  569.9  569.7
   32.0  23515  -59.3  -78.6      7   0.03     80     54  571.7  571.9  571.7
   31.0  23714  -58.7  -78.8      6   0.03     85     46  578.5  578.8  578.5
   30.0  23920  -58.1  -79.1      5   0.03     85     52  585.7  585.9  585.7
   29.0  24136  -57.5  -79.2      5   0.03     90     60  592.9  593.1  592.9
   21.1  26159  -52.4  -80.3      2   0.03     90     67  664.9  665.2  664.9
   21.0  26190  -52.3  -80.3      2   0.03     90     67  666.0  666.3  666.0
   20.0  26500  -51.5  -80.5      2   0.03     90     65  677.8  678.1  677.8
   19.8  26565  -51.3  -80.3      2   0.03                680.3  680.7  680.4


      Station information and sounding indices

                         Station identifier: TNCM
                             Station number: 78866
                           Observation time: 170904/0000
                           Station latitude: 18.05
                          Station longitude: -63.12
                          Station elevation: 9.0
                            Showalter index: 1.49
                               Lifted index: -2.89
    LIFT computed using virtual temperature: -3.82
                                SWEAT index: 188.18
                                    K index: 31.00
                         Cross totals index: 19.00
                      Vertical totals index: 22.90
                        Totals totals index: 41.90
      Convective Available Potential Energy: 1486.12
             CAPE using virtual temperature: 1707.43
                      Convective Inhibition: -25.45
             CINS using virtual temperature: -11.94
                           Equilibrum Level: 167.40
 Equilibrum Level using virtual temperature: 167.16
                   Level of Free Convection: 861.59
             LFCT using virtual temperature: 884.39
                     Bulk Richardson Number: 579.35
          Bulk Richardson Number using CAPV: 665.62
  Temp [K] of the Lifted Condensation Level: 294.33
Pres [hPa] of the Lifted Condensation Level: 922.00
   Equivalent potential temp [K] of the LCL: 352.96
     Mean mixed layer potential temperature: 301.25
              Mean mixed layer mixing ratio: 17.56
              1000 hPa to 500 hPa thickness: 5780.00
Precipitable water [mm] for entire sounding: 49.15


    78866 TNCM Juliana Airport Observations at 12Z 04 Sep 2017

-----------------------------------------------------------------------------
   PRES   HGHT   TEMP   DWPT   RELH   MIXR   DRCT   SKNT   THTA   THTE   THTV
    hPa     m      C      C      %    g/kg    deg   knot     K      K      K 
-----------------------------------------------------------------------------
 1012.0      9   28.6   25.6     84  20.95     60     12  300.7  362.6  304.5
 1000.0    121   27.2   22.7     76  17.72     60      9  300.4  352.5  303.5
  998.0    139   27.0   22.3     75  17.32     60      9  300.3  351.3  303.4
  980.0    299   25.6   21.6     78  16.88     60      9  300.5  350.3  303.6
  948.0    592   23.2   20.3     84  16.09     60     13  300.9  348.4  303.8
  947.0    602   23.1   20.2     83  15.98     60     13  300.9  348.1  303.8
  937.0    694   22.4   18.9     81  14.89     60     13  301.1  345.1  303.8
  925.0    807   22.6   15.6     65  12.19     60     14  302.4  338.7  304.6
  923.0    826   22.6   15.6     65  12.22     60     14  302.6  339.0  304.8
  915.0    902   22.2   14.6     62  11.55     60     14  302.9  337.4  305.0
  896.0   1084   21.2   12.2     56  10.06     60     13  303.7  334.0  305.6
  874.0   1299   19.4   14.4     73  11.94     60     12  304.0  339.8  306.2
  850.0   1538   18.2   11.2     64   9.92     60     10  305.2  335.2  307.0
  796.0   2097   16.0    4.7     47   6.76     85     10  308.6  329.6  309.9
  764.0   2446   14.6    0.6     38   5.26     68     13  310.8  327.4  311.7
  759.0   2502   14.7   -1.8     32   4.44     65     14  311.4  325.7  312.3
  754.0   2558   14.8   -4.2     27   3.73     66     14  312.1  324.3  312.9
  740.0   2716   14.2   -7.8     21   2.89     70     13  313.2  322.7  313.7
  700.0   3182   11.0    0.0     47   5.50     80     12  314.6  332.3  315.7
  659.0   3681    7.6   -1.4     53   5.27     85     10  316.3  333.4  317.3
  619.0   4189    4.7   -8.4     38   3.30     90      8  318.7  329.8  319.3
  596.0   4496    3.0  -12.6     31   2.45    115      8  320.1  328.6  320.6
  557.0   5044   -0.1  -20.1     21   1.40    107      8  322.7  327.7  323.0
  522.0   5560   -1.7  -33.7      7   0.43    100      9  326.9  328.5  326.9
  500.0   5900   -4.5  -29.5     12   0.67     95      9  327.5  330.0  327.6
  447.0   6771  -10.3  -27.6     23   0.89     50      8  330.9  334.2  331.1
  438.0   6929  -11.3  -27.3     25   0.94     46      9  331.5  335.0  331.7
  436.0   6964  -11.5  -27.9     24   0.89     45      9  331.7  335.0  331.9
  411.0   7413  -14.0  -36.3     13   0.42      0      4  334.1  335.8  334.2
  400.0   7620  -15.1  -40.1     10   0.29     20      2  335.3  336.5  335.3
  394.0   7734  -16.1  -43.1      8   0.22     17      2  335.4  336.3  335.5
  382.0   7959  -18.0  -43.7      9   0.21     10      3  335.9  336.8  336.0
  360.0   8392  -21.6  -45.0     10   0.19    315      5  336.8  337.6  336.9
  325.0   9137  -27.8  -47.1     14   0.17    170      1  338.2  338.9  338.3
  300.0   9720  -32.7  -48.7     19   0.15    130      6  339.2  339.8  339.2
  285.0  10079  -36.1  -49.9     23   0.14    105      5  339.3  339.9  339.3
  280.0  10203  -37.3  -50.3     25   0.14     95      5  339.3  339.9  339.3
  270.0  10452  -39.0  -53.0     21   0.10     75      4  340.3  340.8  340.4
  250.0  10980  -42.7  -58.7     16   0.06    145     10  342.4  342.7  342.5
  237.0  11334  -45.2  -61.5     14   0.04    170     16  344.0  344.2  344.0
  214.0  12012  -49.9  -66.9     12   0.02    167     23  346.8  346.9  346.8
  200.0  12450  -53.5  -68.5     14   0.02    165     28  347.9  348.0  347.9
  192.0  12704  -55.5  -69.6     16   0.02    170     28  348.8  348.8  348.8
  151.0  14200  -67.3  -76.3     27   0.01    185     22  353.3  353.3  353.3
  150.0  14240  -67.3  -75.3     31   0.01    185     22  354.0  354.0  354.0
  149.0  14280  -67.3  -75.3     31   0.01    184     21  354.6  354.7  354.6
  136.0  14828  -69.5  -77.5     30   0.01    175     14  360.1  360.2  360.1
  130.0  15095  -70.7  -79.2     27   0.01    170     10  362.7  362.7  362.7
  125.0  15328  -71.7  -80.7     25   0.00    157     11  364.9  364.9  364.9
  124.0  15375  -71.5  -80.5     25   0.00    154     12  366.1  366.1  366.1
  114.0  15869  -73.7  -81.8     28   0.00    125     15  371.0  371.0  371.0
  113.0  15921  -73.9  -81.9     28   0.00    113     14  371.5  371.5  371.5
  112.0  15972  -73.5  -81.5     29   0.00    101     14  373.2  373.2  373.2
  106.0  16292  -75.0  -83.0     28   0.00     25      9  376.3  376.3  376.3
  103.0  16459  -75.8  -83.8     28   0.00    355      4  377.9  377.9  377.9
  101.0  16573  -76.3  -84.3     27   0.00    235      1  379.0  379.0  379.0
  100.0  16630  -76.1  -84.1     28   0.00    240      3  380.4  380.5  380.4
   93.8  16998  -77.1  -84.1     32   0.00    326     10  385.5  385.5  385.5
   92.5  17078  -77.3  -84.3     32   0.00    345     11  386.6  386.7  386.6
   91.5  17140  -77.3  -84.3     32   0.00    353     11  387.9  387.9  387.9
   89.0  17301  -76.3  -83.5     31   0.00     15     10  392.9  392.9  392.9
   83.0  17705  -73.8  -81.6     30   0.01     80     16  405.9  406.0  405.9
   80.5  17882  -72.7  -80.7     29   0.01     82     22  411.8  411.8  411.8
   78.0  18067  -73.2  -81.8     26   0.01     85     28  414.4  414.4  414.4
   75.8  18234  -73.7  -82.7     24   0.01     92     29  416.8  416.8  416.8
   75.0  18296  -73.5  -82.6     24   0.01     95     29  418.5  418.6  418.5
   70.0  18700  -72.1  -82.1     21   0.01     85     31  429.8  429.9  429.8
   66.0  19055  -70.2  -81.5     18   0.01     65     32  441.1  441.2  441.1
   60.0  19630  -67.2  -80.5     14   0.01    100     24  460.0  460.1  460.0
   56.0  20046  -65.1  -79.7     12   0.01     85     31  474.1  474.2  474.1
   52.0  20493  -62.7  -78.9     10   0.02     85     36  489.7  489.8  489.7
   50.0  20730  -61.5  -78.5      9   0.02     75     40  498.1  498.2  498.1
   47.5  21049  -60.3  -78.3      8   0.02     83     40  508.4  508.5  508.4
   44.8  21413  -60.7  -80.7      6   0.01     92     39  516.0  516.0  516.0
   44.0  21525  -60.6  -81.1      5   0.01     95     39  518.8  518.9  518.8
   43.1  21654  -60.5  -81.5      5   0.01     97     36  522.2  522.3  522.2
   40.0  22116  -61.8  -83.9      4   0.01    105     24  530.2  530.3  530.2
   37.5  22515  -62.9  -85.9      3   0.01     93     40  537.2  537.3  537.2
   37.0  22599  -62.5  -85.7      3   0.01     90     43  540.3  540.3  540.3
   31.5  23601  -57.9  -82.9      3   0.01     98     44  578.1  578.2  578.1
   30.0  23910  -55.5  -80.5      3   0.02    100     44  592.7  592.9  592.8
   25.3  25004  -52.7  -76.7      4   0.04     77     45  630.3  630.7  630.3
   25.0  25081  -53.0  -77.0      4   0.04     75     45  631.7  632.1  631.7
   23.4  25507  -54.5  -78.5      4   0.04     85     44  639.3  639.6  639.3
   22.0  25905  -53.3  -77.7      4   0.04     95     43  654.3  654.7  654.3
   20.1  26488  -51.5  -76.5      3   0.06     90     43  676.8  677.4  676.8
   20.0  26520  -51.5  -76.5      3   0.06     90     43  677.8  678.4  677.8
   18.3  27096  -52.1  -76.1      4   0.07     90     47  693.3  694.0  693.4
   14.0  28863  -47.5  -72.6      4   0.15     90     60  764.1  765.7  764.1
   12.1  29825  -45.0  -70.6      4   0.23     90     72  805.4  808.0  805.5
   12.0  29880  -44.8  -70.5      4   0.24     90     72  807.9  810.5  808.0
   11.1  30394  -43.5  -69.5      4   0.30     86     72  830.9  834.3  831.0
   11.0                                        85     72                     


      Station information and sounding indices

                         Station identifier: TNCM
                             Station number: 78866
                           Observation time: 170904/1200
                           Station latitude: 18.05
                          Station longitude: -63.12
                          Station elevation: 9.0
                            Showalter index: 4.43
                               Lifted index: -2.02
    LIFT computed using virtual temperature: -2.96
                                SWEAT index: 163.40
                                    K index: 22.90
                         Cross totals index: 15.70
                      Vertical totals index: 22.70
                        Totals totals index: 38.40
      Convective Available Potential Energy: 1158.73
             CAPE using virtual temperature: 1391.91
                      Convective Inhibition: -58.51
             CINS using virtual temperature: -7.45
                           Equilibrum Level: 168.49
 Equilibrum Level using virtual temperature: 167.11
                   Level of Free Convection: 696.67
             LFCT using virtual temperature: 888.58
                     Bulk Richardson Number: 1131.32
          Bulk Richardson Number using CAPV: 1358.98
  Temp [K] of the Lifted Condensation Level: 294.31
Pres [hPa] of the Lifted Condensation Level: 929.32
   Equivalent potential temp [K] of the LCL: 351.61
     Mean mixed layer potential temperature: 300.55
              Mean mixed layer mixing ratio: 17.39
              1000 hPa to 500 hPa thickness: 5779.00
Precipitable water [mm] for entire sounding: 39.20


    78866 TNCM Juliana Airport Observations at 00Z 05 Sep 2017

-----------------------------------------------------------------------------
   PRES   HGHT   TEMP   DWPT   RELH   MIXR   DRCT   SKNT   THTA   THTE   THTV
    hPa     m      C      C      %    g/kg    deg   knot     K      K      K 
-----------------------------------------------------------------------------
 1011.0      9   29.0   25.1     80  20.33     60     25  301.2  361.4  304.9
 1000.0    108   28.0   22.0     70  16.96     50     21  301.1  351.3  304.2
  999.0    117   27.8   21.8     70  16.77     50     21  301.0  350.6  304.1
  998.0    126   27.8   21.8     70  16.78     49     21  301.1  350.7  304.1
  979.0    295   26.2   21.3     74  16.59     40     17  301.2  350.2  304.2
  946.0    597   23.5   20.4     83  16.25     35     19  301.4  349.4  304.3
  938.0    672   22.8   20.2     85  16.16     37     19  301.4  349.2  304.3
  925.0    794   22.2   18.9     82  15.09     40     18  302.0  346.8  304.7
  914.0    898   21.6   17.8     79  14.22     40     18  302.4  344.7  305.0
  889.0   1139   20.2   15.2     73  12.37     36     18  303.4  340.3  305.6
  882.0   1207   20.4   13.4     64  11.07     35     18  304.3  337.6  306.3
  850.0   1526   18.4   10.4     60   9.40     30     17  305.4  333.9  307.1
  848.0   1546   18.4   10.4     60   9.42     30     17  305.6  334.2  307.4
  842.0   1607   18.6   10.6     60   9.62     31     17  306.4  335.7  308.2
  824.0   1792   18.2    5.2     42   6.77     35     17  307.9  328.9  309.2
  813.0   1908   18.4    3.4     37   6.04     37     17  309.3  328.3  310.4
  795.0   2099   17.8   -2.2     26   4.11     40     17  310.7  323.9  311.4
  783.0   2229   17.0    4.0     42   6.55     41     17  311.1  331.8  312.4
  737.0   2742   14.6   -4.4     27   3.76     43     19  314.0  326.3  314.7
  700.0   3175   11.6   -1.4     40   4.96     45     20  315.3  331.4  316.2
  652.0   3765    7.8   -2.2     49   5.02     45     18  317.5  333.8  318.4
  618.0   4200    5.2   -5.8     45   4.02     45     17  319.4  332.7  320.1
  556.0   5059    0.0  -13.0     37   2.54     47     14  323.0  331.8  323.5
  500.0   5900   -5.1  -22.1     25   1.31     50     11  326.8  331.5  327.0
  485.0   6138   -6.7  -25.7     20   0.98     61     13  327.6  331.3  327.8
  473.0   6331   -8.0  -24.0     26   1.17     70     15  328.4  332.7  328.6
  454.0   6648  -10.1  -21.1     40   1.57     55     14  329.6  335.3  329.9
  420.0   7241  -13.7  -34.7     15   0.48     25     11  332.4  334.3  332.5
  414.0   7350  -13.3  -40.3      8   0.28     20     11  334.3  335.4  334.4
  400.0   7610  -15.5  -40.5     10   0.28      0      8  334.8  335.9  334.8
  392.0   7758  -16.6  -41.4     10   0.26      5      8  335.3  336.3  335.3
  346.0   8674  -23.3  -47.3      9   0.16      0      7  338.4  339.1  338.4
  333.0   8955  -25.3  -49.0      9   0.13     35      5  339.3  339.9  339.4
  329.0   9043  -26.0  -49.6      9   0.13     50      3  339.6  340.1  339.6
  321.0   9224  -27.3  -50.8      9   0.11    125      4  340.2  340.7  340.2
  300.0   9720  -30.9  -53.9      9   0.08    180      5  341.7  342.1  341.7
  296.0   9815  -31.4  -55.0      8   0.07    175      6  342.2  342.6  342.3
  287.0  10034  -32.7  -57.7      6   0.05    174      8  343.5  343.7  343.5
  251.0  10962  -40.9  -58.1     14   0.06    170     16  344.8  345.1  344.8
  250.0  10990  -41.1  -58.1     14   0.06    170     16  344.8  345.1  344.8
  231.0  11511  -45.2  -61.1     15   0.04    160     26  346.5  346.7  346.5
  200.0  12460  -52.7  -66.7     17   0.02    160     26  349.1  349.3  349.2
  184.0  12982  -56.4  -69.5     18   0.02    150     31  351.6  351.6  351.6
  166.0  13626  -61.0  -73.0     19   0.01    170     24  354.4  354.5  354.4
  152.0  14177  -64.9  -76.0     20   0.01    120     19  356.7  356.8  356.7
  150.0  14260  -65.5  -76.5     20   0.01    120     22  357.1  357.1  357.1
  140.0  14672  -68.0  -78.7     20   0.01    125     27  359.7  359.7  359.7
  129.0  15160  -71.0  -81.3     21   0.00    135     33  362.8  362.8  362.8
  122.0  15492  -73.1  -83.1     21   0.00    159     18  364.9  364.9  364.9
  121.0  15541  -72.9  -82.9     21   0.00    163     16  366.1  366.1  366.1
  115.0  15835  -74.7  -84.3     22   0.00    185      3  368.1  368.1  368.1
  114.0  15886  -75.0  -84.5     22   0.00     90      1  368.4  368.5  368.4
  112.0  15989  -75.7  -85.0     22   0.00    115      2  369.1  369.1  369.1
  107.0  16253  -77.3  -86.3     23   0.00    123      3  370.9  370.9  370.9
  106.0  16307  -77.5  -86.5     23   0.00    125      3  371.6  371.6  371.6
  102.0  16527  -78.1  -87.1     22   0.00    102      8  374.5  374.5  374.5
  100.0  16640  -77.9  -86.9     22   0.00     90     11  377.0  377.0  377.0
   96.0  16873  -78.7  -87.0     25   0.00     45     13  379.8  379.8  379.8
   94.3  16975  -79.1  -87.1     26   0.00     58     13  381.0  381.0  381.0
   93.3  17036  -79.3  -87.3     26   0.00     65     13  381.8  381.8  381.8
   92.3  17097  -79.3  -88.3     22   0.00     74     12  382.9  382.9  382.9
   87.0  17441  -77.1  -86.6     21   0.00    125      9  393.9  393.9  393.9
   76.0  18228  -72.0  -82.6     19   0.01     95     21  420.0  420.0  420.0
   71.8  18559  -69.9  -80.9     19   0.01     98     26  431.4  431.4  431.4
   70.1  18702  -70.3  -80.3     22   0.01    100     28  433.5  433.5  433.5
   70.0  18710  -70.3  -80.3     22   0.01    100     28  433.7  433.7  433.7
   63.0  19346  -68.2  -79.2     20   0.01    115     10  451.5  451.5  451.5
   62.0  19442  -67.9  -79.0     19   0.01     65     11  454.2  454.3  454.2
   58.0  19845  -66.6  -78.3     18   0.02     60     30  465.9  466.0  465.9
   51.0  20621  -64.1  -76.9     16   0.02     95     31  489.3  489.4  489.3
   50.0  20740  -63.7  -76.7     15   0.02     90     35  492.9  493.1  493.0
   46.0  21256  -62.2  -76.1     14   0.03     80     29  508.5  508.7  508.5
   41.9  21834  -60.5  -75.5     12   0.03     80     37  526.4  526.6  526.4
   39.9  22139  -60.7  -75.7     12   0.03     80     41  533.3  533.6  533.3
   35.0  22966  -58.1  -75.0     10   0.04     80     53  560.5  560.9  560.5
   31.0  23732  -55.6  -74.4      8   0.05    100     41  586.9  587.3  586.9
   30.5  23834  -55.3  -74.3      8   0.05     95     42  590.5  590.9  590.5
   30.0  23940  -55.3  -74.3      8   0.05     90     42  593.3  593.8  593.3
   27.9  24399  -56.9  -76.9      6   0.04     87     42  601.3  601.6  601.3
   22.8  25687  -51.9  -75.9      4   0.06     80     42  651.7  652.2  651.7
   20.0  26530  -53.3  -78.3      3   0.04     75     42  672.3  672.7  672.3
   19.9  26562  -53.5  -78.5      3   0.04     75     42  672.6  673.0  672.6
   18.5  27032  -53.1  -79.1      3   0.04     79     48  688.0  688.5  688.1
   17.6  27353  -53.5  -80.5      2   0.04     82     51  696.6  697.0  696.7
   15.0  28402  -49.0  -79.4      2   0.05     90     63  744.2  744.7  744.2
   12.7  29495  -44.3  -78.3      1   0.07     94     76  796.8  797.6  796.8
   12.0  29876  -43.6  -78.0      1   0.08     95     80  812.3  813.2  812.3
   11.5  30162  -43.1  -77.8      1   0.08     95     80  824.1  825.1  824.2
   11.0  30461  -42.5  -77.5      1   0.09    100     76  836.7  837.8  836.7
   10.9  30523  -42.7  -76.7      1   0.10                838.1  839.4  838.2


      Station information and sounding indices

                         Station identifier: TNCM
                             Station number: 78866
                           Observation time: 170905/0000
                           Station latitude: 18.05
                          Station longitude: -63.12
                          Station elevation: 9.0
                            Showalter index: 4.41
                               Lifted index: -2.50
    LIFT computed using virtual temperature: -3.32
                                SWEAT index: 169.79
                                    K index: 20.90
                         Cross totals index: 15.50
                      Vertical totals index: 23.50
                        Totals totals index: 39.00
      Convective Available Potential Energy: 830.69
             CAPE using virtual temperature: 996.46
                      Convective Inhibition: -123.70
             CINS using virtual temperature: -6.35
                           Equilibrum Level: 189.33
 Equilibrum Level using virtual temperature: 189.13
                   Level of Free Convection: 665.73
             LFCT using virtual temperature: 889.80
                     Bulk Richardson Number: 1336.32
          Bulk Richardson Number using CAPV: 1602.99
  Temp [K] of the Lifted Condensation Level: 293.71
Pres [hPa] of the Lifted Condensation Level: 915.54
   Equivalent potential temp [K] of the LCL: 351.25
     Mean mixed layer potential temperature: 301.21
              Mean mixed layer mixing ratio: 16.99
              1000 hPa to 500 hPa thickness: 5792.00
Precipitable water [mm] for entire sounding: 40.88


    78866 TNCM Juliana Airport Observations at 12Z 05 Sep 2017

-----------------------------------------------------------------------------
   PRES   HGHT   TEMP   DWPT   RELH   MIXR   DRCT   SKNT   THTA   THTE   THTV
    hPa     m      C      C      %    g/kg    deg   knot     K      K      K 
-----------------------------------------------------------------------------
 1009.0      9   28.2   27.4     95  23.46     60     19  300.6  370.1  304.8
 1006.0     39   28.4   25.7     85  21.21     57     18  301.0  363.8  304.8
 1000.0     98   28.0   24.2     80  19.45     50     17  301.1  358.7  304.6
  997.0    125   27.6   23.7     79  18.92     45     16  301.0  356.9  304.4
  991.0    178   27.2   23.4     80  18.70     35     14  301.1  356.4  304.4
  977.0    303   26.1   22.8     82  18.21     40     16  301.3  355.1  304.6
  945.0    597   23.7   21.2     86  17.09     45     20  301.7  352.3  304.8
  925.0    785   22.2   20.2     88  16.40     55     21  302.0  350.6  305.0
  921.0    823   22.0   20.1     89  16.36     57     22  302.2  350.7  305.1
  913.0    899   21.7   19.7     88  16.06     60     23  302.6  350.3  305.5
  850.0   1519   19.0   16.1     83  13.73     65     23  306.0  347.5  308.6
  794.0   2099   16.2   12.0     76  11.20     65     25  309.1  343.4  311.1
  724.0   2884   12.4    6.4     67   8.40     61     23  313.1  339.5  314.7
  700.0   3166   10.4    6.7     78   8.87     60     22  314.0  341.9  315.6
  683.0   3371    9.2    6.2     82   8.78     58     20  314.8  342.6  316.5
  661.0   3638    7.8    2.8     71   7.13     55     17  316.2  339.0  317.5
  618.0   4189    4.8   -4.2     52   4.55     55     27  318.9  333.9  319.8
  578.0   4736    1.8  -11.2     37   2.83     53     24  321.6  331.2  322.1
  568.0   4876    0.8   -8.2     51   3.65     52     23  322.0  334.3  322.7
  552.0   5105    0.0  -18.0     24   1.69     52     21  323.7  329.7  324.0
  544.0   5222   -0.3  -22.3     17   1.18     51     21  324.7  329.0  324.9
  530.0   5430   -1.9  -14.9     36   2.28     50     19  325.2  333.2  325.6
  526.0   5489   -2.3  -15.9     34   2.11     50     19  325.5  332.9  325.9
  500.0   5890   -4.7  -22.7     23   1.24     55     19  327.2  331.8  327.5
  495.0   5969   -4.9  -23.9     21   1.13     54     18  327.9  332.1  328.2
  459.0   6558   -9.1  -23.1     31   1.31     51     15  329.9  334.6  330.1
  453.0   6659   -9.8  -24.2     30   1.20     50     14  330.2  334.7  330.5
  430.0   7060  -12.5  -28.5     25   0.85     33     13  331.7  335.0  331.9
  424.0   7167  -11.9  -35.9     12   0.42     29     12  333.8  335.5  333.9
  400.0   7610  -15.1  -41.1      9   0.26     10     11  335.3  336.4  335.3
  393.0   7743  -15.7  -44.0      7   0.20     15     12  336.2  337.0  336.2
  388.0   7840  -16.1  -46.1      6   0.16     17     11  336.9  337.6  336.9
  350.0   8599  -22.5  -46.1     10   0.18     35      7  338.3  339.0  338.3
  320.0   9259  -28.1  -46.1     16   0.19     65      4  339.3  340.1  339.4
  315.0   9371  -28.7  -48.1     14   0.16     70      4  340.1  340.7  340.1
  306.0   9579  -29.7  -51.8     10   0.10     50      6  341.4  341.9  341.4
  303.0   9649  -30.1  -53.1      9   0.09     52      6  341.9  342.3  341.9
  300.0   9720  -30.5  -51.5     11   0.11     55      5  342.3  342.8  342.3
  294.0   9862  -31.6  -50.9     13   0.12    175      1  342.7  343.3  342.8
  286.0  10055  -33.0  -50.1     16   0.14    270      2  343.4  343.9  343.4
  269.0  10486  -36.3  -48.3     28   0.18    224      7  344.7  345.4  344.7
  257.0  10800  -38.4  -52.3     22   0.12    190     11  346.1  346.6  346.1
  250.0  10990  -39.7  -54.7     19   0.09    190     13  346.9  347.3  346.9
  244.0  11155  -41.1  -57.1     16   0.07    181     14  347.2  347.5  347.2
  237.0  11347  -42.6  -57.6     18   0.07    170     15  347.8  348.1  347.8
  210.0  12147  -49.1  -59.8     27   0.06    115     23  349.9  350.2  350.0
  200.0  12470  -51.7  -60.7     33   0.05    120     32  350.7  351.0  350.8
  198.0  12533  -52.2  -61.1     33   0.05    125     33  351.0  351.2  351.0
  152.0  14187  -65.2  -72.3     37   0.01    145     16  356.1  356.2  356.1
  150.0  14270  -65.9  -72.9     37   0.01    140     16  356.4  356.4  356.4
  139.0  14724  -69.7  -75.5     43   0.01    125     17  357.6  357.7  357.6
  128.0  15214  -73.7  -78.2     50   0.01    109     20  358.9  358.9  358.9
  125.0  15353  -74.2  -79.0     48   0.01    105     21  360.5  360.5  360.5
  124.0  15400  -74.3  -79.2     47   0.01     99     20  361.0  361.1  361.0
  122.0  15494  -73.9  -78.8     47   0.01     87     17  363.4  363.5  363.4
  120.0  15591  -74.3  -79.3     46   0.01     75     14  364.4  364.5  364.4
  116.0  15786  -75.2  -80.0     47   0.01     50      9  366.4  366.4  366.4
  106.0  16305  -77.4  -81.9     49   0.00     40     15  371.6  371.7  371.6
  100.0  16640  -78.9  -83.1     50   0.00     25     14  375.0  375.1  375.0
   98.5  16726  -79.1  -83.0     53   0.00     31     13  376.3  376.3  376.3
   97.3  16795  -79.3  -83.3     52   0.00     35     13  377.2  377.2  377.2
   81.0  17859  -71.4  -77.0     43   0.01     60     20  413.8  413.9  413.8
   78.0  18078  -69.7  -75.7     42   0.02     90     31  421.6  421.8  421.7
   77.6  18108  -69.5  -75.5     41   0.02     92     30  422.7  422.8  422.7
   74.0  18390  -70.0  -76.0     41   0.02    110     22  427.5  427.6  427.5
   73.3  18446  -70.1  -76.1     41   0.02    107     22  428.4  428.5  428.4
   70.0  18720  -68.9  -75.9     36   0.02     90     24  436.6  436.8  436.7
   69.0  18807  -68.5  -75.6     36   0.02     90     32  439.3  439.4  439.3
   58.0  19855  -63.8  -71.7     33   0.04    100     46  472.3  472.6  472.3
   57.0  19960  -63.3  -71.3     33   0.04    100     44  475.7  476.0  475.8
   54.9  20189  -63.9  -71.9     33   0.04    100     40  479.5  479.8  479.5
   52.0  20520  -63.3  -72.3     29   0.04    100     33  488.4  488.7  488.4
   50.0  20760  -63.5  -72.5     28   0.04    100     29  493.4  493.7  493.4
   48.6  20934  -63.7  -72.7     28   0.04     95     29  497.0  497.3  497.0
   45.0  21406  -62.7  -72.8     25   0.05     80     29  510.4  510.7  510.4
   42.1  21815  -61.9  -72.9     22   0.05     84     38  522.2  522.6  522.2
   41.0  21978  -62.4  -73.8     20   0.04     85     42  524.9  525.2  524.9
   39.2  22254  -63.3  -75.3     18   0.04     98     44  529.5  529.7  529.5
   39.0  22285  -63.2  -75.3     18   0.04    100     44  530.5  530.7  530.5
   38.0  22446  -62.8  -75.2     17   0.04    105     40  535.5  535.8  535.5
   36.0  22781  -61.8  -75.1     15   0.04    100     36  546.3  546.6  546.3
   32.0  23510  -59.8  -74.8     12   0.05     85     36  570.4  570.8  570.4
   30.0  23910  -58.7  -74.7     11   0.05     80     39  584.0  584.5  584.0
   26.1  24795  -53.5  -73.5      7   0.07     87     50  622.5  623.1  622.5
   24.3  25255  -53.7  -75.7      5   0.05     90     56  634.7  635.2  634.8
   22.0  25900  -51.4  -77.5      3   0.05     95     64  660.0  660.4  660.0
   20.5  26358  -49.7  -78.7      2   0.04     95     58  678.5  678.9  678.5
   20.0  26520  -49.1  -77.1      2   0.05     95     56  685.1  685.6  685.1
   18.0  27213  -48.1  -76.9      2   0.06    100     64  709.0  709.7  709.1
   17.5  27398  -47.9  -76.9      2   0.06    100     68  715.6  716.2  715.6
   17.3  27474  -47.8  -76.8      2   0.06    100     70  718.2  718.9  718.2
   17.0  27589  -47.7  -76.7      2   0.07                722.2  722.9  722.2


      Station information and sounding indices

                         Station identifier: TNCM
                             Station number: 78866
                           Observation time: 170905/1200
                           Station latitude: 18.05
                          Station longitude: -63.12
                          Station elevation: 9.0
                            Showalter index: -0.71
                               Lifted index: -3.80
    LIFT computed using virtual temperature: -4.79
                                SWEAT index: 258.20
                                    K index: 36.10
                         Cross totals index: 20.80
                      Vertical totals index: 23.70
                        Totals totals index: 44.50
      Convective Available Potential Energy: 1642.06
             CAPE using virtual temperature: 1880.97
                      Convective Inhibition: -5.05
             CINS using virtual temperature: -1.43
                           Equilibrum Level: 151.93
 Equilibrum Level using virtual temperature: 151.92
                   Level of Free Convection: 880.03
             LFCT using virtual temperature: 929.30
                     Bulk Richardson Number: 268.20
          Bulk Richardson Number using CAPV: 307.22
  Temp [K] of the Lifted Condensation Level: 295.58
Pres [hPa] of the Lifted Condensation Level: 935.83
   Equivalent potential temp [K] of the LCL: 356.34
     Mean mixed layer potential temperature: 301.24
              Mean mixed layer mixing ratio: 18.69
              1000 hPa to 500 hPa thickness: 5792.00
Precipitable water [mm] for entire sounding: 53.57

Description of the data columns
<http://weather.uwyo.edu/upperair/columns.html> or sounding indices
<http://weather.uwyo.edu/upperair/indices.html>.

------------------------------------------------------------------------
/Interested in graduate studies in atmospheric science? Check out our
program at the University of Wyoming
<http://www.uwyo.edu/atsc/howtoapply/>/
------------------------------------------------------------------------
Questions about the weather data provided by this site can be addressed
to Larry Oolman (ldoolman@uwyo.edu) <mailto:ldoolman@uwyo.edu>
------------------------------------------------------------------------
