nbdates	date	aot_440_daily	pm10	angstrom440_870	angstrom440_675
16	2005-03-27	0.0960553750	14.0000000	0.9262371250	0.9289720625
12	2005-03-31	0.0928773333	11.0000000	0.8910995000	0.8776735000
15	2005-04-02	0.2269614000	32.0000000	0.6147078000	0.6005804667
15	2005-04-03	0.2358136667	41.0000000	0.6295012000	0.6347258000
16	2005-04-04	0.1624370625	48.0000000	0.5169150000	0.5055311250
17	2005-04-13	0.2042943529	37.0000000	0.7653336471	0.7946796471
19	2005-04-14	0.1485715263	37.0000000	0.4221041053	0.4268000000
14	2005-08-02	0.1303417143	14.0000000	0.2016518571	0.1830409286
19	2005-08-06	0.2421750000	30.0000000	0.2817623684	0.2549011579
15	2005-08-07	0.1305299333	34.0000000	0.2568829333	0.2824884000
17	2005-08-09	0.0855677059	16.0000000	0.5187737059	0.5218588235
15	2005-08-15	0.1642703333	29.0000000	0.2818571333	0.2708239333
15	2005-08-18	0.1508647333	18.0000000	0.9400758667	0.9776664000
26	2005-08-21	0.1113481923	16.0000000	0.5247286154	0.5428852692
17	2005-08-22	0.0544942353	10.0000000	0.5083603529	0.5308568235
14	2005-08-31	0.3718184286	13.0000000	1.7479185000	1.6237142143
15	2005-09-02	0.4039166000	54.0000000	0.1187844000	0.1091007333
21	2005-09-06	0.1247552381	17.0000000	0.3281863333	0.3795488571
13	2005-09-08	0.2282001538	24.0000000	0.8206333846	0.8646966923
16	2005-09-10	0.2050291875	73.0000000	0.1189512500	0.1516417500
14	2005-09-15	0.5201748571	18.0000000	0.8598245714	0.8424598571
22	2005-09-24	0.1541948182	11.0000000	0.6647494091	0.7767482727
16	2005-09-27	0.2070421250	54.0000000	0.4352387500	0.4779266875
15	2005-09-29	0.1932841333	36.0000000	0.8461156000	0.9198493333
19	2005-10-01	0.0568325789	13.0000000	0.4748551579	0.5992882105
26	2005-10-07	0.0879660000	12.0000000	0.1862165385	0.1933753462
14	2005-10-17	0.3942066429	15.0000000	0.3292737143	0.4054224286
12	2005-10-18	0.0950300833	15.0000000	0.2053036667	0.2615061667
18	2005-10-19	0.0789807778	15.0000000	0.4448748889	0.5136256667
18	2005-10-20	0.1470555556	17.0000000	0.0504177778	0.0966353889
17	2005-10-24	0.1181714118	17.0000000	0.5167467059	0.5154211176
19	2005-10-25	0.0682688421	14.0000000	0.4892069474	0.5042657895
21	2005-10-26	0.0592021905	16.0000000	0.4376430476	0.4896968095
26	2005-10-28	0.1300329615	26.0000000	0.1203490769	0.1433747692
36	2005-10-29	0.0684024722	16.0000000	0.2900626944	0.3295806667
22	2005-10-30	0.0789365909	16.0000000	0.5437599091	0.6100678636
19	2005-11-01	0.1610362105	21.0000000	0.0610007895	0.1032990526
35	2005-11-02	0.1383220000	26.0000000	0.1797404571	0.2022406000
20	2005-11-03	0.1470220000	17.0000000	0.5358076500	0.5914466500
29	2005-11-08	0.1008088621	20.0000000	0.3293402069	0.3922100690
21	2005-11-09	0.0966789048	18.0000000	0.2507183333	0.3175199524
12	2005-11-14	0.0882327500	26.0000000	0.3188479167	0.3734565833
13	2005-11-16	0.0938892308	31.0000000	0.1213283846	0.1413723846
16	2005-11-22	0.0717029375	12.0000000	1.1286842500	1.1274736875
32	2005-11-27	0.0964754375	27.0000000	0.2459099375	0.3024294063
19	2005-11-28	0.0836820526	27.0000000	0.2551225263	0.3019854211
19	2005-11-29	0.0756829474	26.0000000	0.1381794211	0.1681127368
16	2005-12-01	0.0633193750	20.0000000	0.5310903750	0.6473707500
13	2005-12-04	0.0449367692	15.0000000	0.4319073077	0.6010893077
28	2005-12-05	0.0592721786	26.0000000	0.3169273571	0.3951323929
24	2005-12-07	0.0800357917	20.0000000	0.1899822917	0.2542188750
40	2005-12-08	0.0881388250	26.0000000	0.0958397750	0.1370228250
15	2005-12-09	0.0855726000	28.0000000	0.0771056000	0.1128683333
15	2005-12-10	0.0507518000	30.0000000	0.2732028667	0.3188709333
30	2005-12-12	0.0719259000	20.0000000	0.3804329333	0.4397484333
25	2005-12-16	0.0611447200	21.0000000	0.5032473600	0.6188703200
26	2005-12-17	0.0788279615	25.0000000	0.1847396538	0.2660051923
21	2005-12-18	0.0697097619	27.0000000	0.2380995714	0.3331980952
34	2005-12-19	0.0863719412	20.0000000	0.2363261471	0.3722884412
21	2005-12-20	0.0619661429	15.0000000	0.2375697143	0.3879924286
20	2005-12-22	0.0597351500	14.0000000	0.2141571500	0.2473538500
32	2005-12-23	0.0475483125	13.0000000	0.2994437813	0.4058034375
16	2005-12-25	0.0932733750	17.0000000	0.2353411875	0.3619273750
21	2005-12-27	0.0579069524	9.0000000	0.2642217143	0.4662610476
25	2005-12-28	0.0479243200	12.0000000	0.6175810800	0.8719358800
15	2005-12-29	0.0796141333	12.0000000	0.3454002667	0.5411056000
13	2006-01-01	0.0935119231	18.0000000	0.0462927692	0.1705787692
20	2006-01-02	0.1356222500	21.0000000	0.0589392000	0.1351672500
13	2006-01-04	0.0947323846	16.0000000	0.2459022308	0.3756844615
31	2006-01-08	0.0428191613	13.0000000	0.4775352903	0.6911662581
26	2006-01-11	0.1042283846	28.0000000	0.0113004615	0.0627544615
24	2006-01-12	0.0883042917	20.0000000	0.0219776250	0.0951697500
27	2006-01-13	0.0846270370	16.0000000	0.0351251111	0.1037684074
18	2006-01-16	0.1314052778	36.0000000	0.3206102222	0.3717059444
14	2006-01-17	0.1566245000	41.0000000	0.0989020714	0.1446475000
12	2006-01-18	0.0863277500	30.0000000	0.4147058333	0.5562160833
16	2006-01-19	0.0722299375	26.0000000	0.1584530625	0.2651411875
22	2006-01-23	0.0924949545	30.0000000	0.0487516364	0.1158405455
27	2006-01-25	0.0842010000	20.0000000	0.0542977778	0.1370205926
12	2006-01-27	0.0889473333	19.0000000	0.3485927500	0.4918664167
13	2006-01-31	0.1270913077	31.0000000	0.2242456923	0.3049866923
12	2006-02-01	0.0662795833	21.0000000	0.2916889167	0.3677415833
13	2006-02-08	0.0819213846	13.0000000	0.6202393077	0.7247873846
32	2006-02-09	0.0685984688	14.0000000	0.3925510625	0.5310141250
25	2006-02-12	0.0793056000	23.0000000	0.0779585200	0.1780324400
23	2006-02-13	0.1129666087	26.0000000	0.4907764783	0.6192803043
29	2006-02-14	0.0812146552	16.0000000	0.2357702069	0.3362783103
36	2006-11-17	0.0568123889	13.0000000	0.8548580000	1.1101315278
18	2006-11-20	0.2852703333	20.0000000	1.5200030000	1.5404689444
26	2006-11-21	0.1389950000	25.0000000	0.5789748462	0.6943006923
26	2006-11-22	0.1413330769	28.0000000	0.2198278462	0.2988333077
37	2006-11-23	0.0670359189	21.0000000	0.1364987568	0.2566597568
24	2006-11-25	0.0963066667	14.0000000	0.7112377500	0.8565215417
28	2006-11-26	0.1693053571	14.0000000	1.4524146429	1.5308049286
19	2006-11-27	0.0641928947	16.0000000	0.6884514211	0.9352195789
24	2006-12-02	0.0993174583	40.0000000	-0.0783076667	-0.0466303333
29	2006-12-04	0.0623781034	33.0000000	0.0712304138	0.1496363448
27	2006-12-05	0.1291260000	25.0000000	0.5679468519	0.6829270000
16	2006-12-07	0.1001513125	31.0000000	0.0171926875	0.0816187500
25	2006-12-08	0.1189396800	31.0000000	0.0091686000	0.0664572000
14	2006-12-09	0.1534315000	37.0000000	-0.0717553571	-0.0509126429
25	2006-12-10	0.1112534000	35.0000000	-0.0626853600	-0.0196833200
13	2006-12-11	0.0996287692	35.0000000	0.0208700769	0.1031290000
34	2006-12-13	0.0600520000	20.0000000	0.1521802059	0.2782262647
18	2006-12-14	0.0758937222	23.0000000	0.1097363333	0.2009812778
17	2006-12-15	0.0947576471	27.0000000	-0.0395215882	0.0135509412
25	2006-12-16	0.0733131600	26.0000000	-0.0361826400	0.0327348800
22	2006-12-18	0.0489694545	13.0000000	0.1894355000	0.3101423182
38	2006-12-20	0.1640449474	17.0000000	1.1808740526	1.2982840263
29	2006-12-21	0.0544112414	12.0000000	0.9325346207	1.1384944828
16	2006-12-23	0.1083263750	21.0000000	0.3687757500	0.4852761875
41	2006-12-25	0.1268816098	16.0000000	0.9616512927	1.0885947561
39	2006-12-27	0.1328602308	13.0000000	0.9944241795	1.0945237949
19	2006-12-28	0.0679568947	12.0000000	0.4745854211	0.6101554737
18	2006-12-30	0.1146297778	20.0000000	0.4774225556	0.5859315556
16	2007-01-01	0.0648203750	20.0000000	0.1865523125	0.2691098125
32	2007-01-02	0.0638328125	20.0000000	0.0929108125	0.1692875313
12	2007-01-03	0.0503047500	21.0000000	-0.0324232500	0.0169143333
22	2007-01-04	0.0557572727	25.0000000	0.1296163636	0.2163005455
17	2007-01-05	0.0524177647	23.0000000	0.0405460588	0.1175640588
15	2007-01-07	0.0865062000	25.0000000	0.0426492667	0.0649248667
18	2007-01-08	0.0398987778	23.0000000	-0.0661548333	-0.0486708333
57	2007-01-09	0.0383908070	16.0000000	0.6957777018	0.9004368421
28	2007-01-10	0.2925416429	26.0000000	1.3647280357	1.4142967500
20	2007-01-11	0.1601664000	30.0000000	0.7098776000	0.7780899500
30	2007-01-12	0.0710489000	28.0000000	0.2526306333	0.3453323667
16	2007-01-15	0.0645475000	28.0000000	0.0291348125	0.0724293125
23	2007-01-16	0.0855821739	34.0000000	-0.0571655217	-0.0181836957
13	2007-01-17	0.0939705385	31.0000000	-0.0982666154	-0.0588513077
18	2007-01-19	0.0753750556	21.0000000	0.0574707222	0.1569756667
26	2007-01-20	0.0572106154	28.0000000	0.4766431923	0.6792590769
25	2007-01-21	0.0360497600	18.0000000	0.4909264000	0.7180756000
15	2007-01-23	0.0983822000	35.0000000	0.3567045333	0.4664069333
14	2007-01-24	0.0893980000	28.0000000	0.4762130000	0.6112956429
16	2007-01-25	0.0620310000	11.0000000	0.7273457500	0.8733280000
42	2007-01-26	0.0683453333	11.0000000	1.1342312381	1.3667255238
15	2007-01-27	0.0509501333	9.0000000	1.2651840667	1.4278124667
38	2007-01-28	0.0725864211	25.0000000	0.8292126053	0.9968383421
20	2007-01-29	0.0992386500	21.0000000	1.1397032500	1.3624506000
31	2007-01-30	0.0387644516	12.0000000	0.7587828065	1.0822840323
14	2007-01-31	0.0631700714	16.0000000	0.5957956429	0.7607549286
13	2007-02-02	0.0460959231	15.0000000	0.1452723077	0.2833370769
17	2007-02-03	0.0481934118	18.0000000	0.0169631765	0.1265334118
25	2007-02-05	0.0773050000	16.0000000	0.0097242400	0.0962957600
16	2007-02-07	0.0431418750	14.0000000	0.1333188750	0.3186238750
22	2007-02-08	0.0438848182	17.0000000	0.3854775000	0.6212900455
38	2007-02-09	0.0675873947	12.0000000	1.0517252632	1.2893484474
31	2007-02-10	0.1319215806	16.0000000	1.6434862258	1.7853230645
12	2007-02-11	0.0964052500	17.0000000	1.3648148333	1.6171035000
30	2007-02-12	0.0340655000	15.0000000	0.6042176667	1.0321282000
23	2007-02-13	0.0383093478	14.0000000	0.4532545652	0.7916509130
13	2007-02-17	0.0721372308	9.0000000	0.8722434615	1.1399511538
23	2007-02-26	0.3816223478	32.0000000	0.9405821739	0.9859479565
29	2007-02-27	0.1582620690	30.0000000	0.6473212069	0.7700155517
25	2007-02-28	0.1200350000	28.0000000	0.5351032800	0.6691246400
22	2007-03-03	0.0833661818	21.0000000	0.0499343182	0.1247236364
17	2007-03-04	0.1194036471	28.0000000	0.0528232941	0.1184291176
32	2007-03-06	0.1266619688	25.0000000	0.3105848438	0.4084832500
14	2007-03-07	0.1759321429	35.0000000	0.2974429286	0.3771258571
20	2007-03-08	0.3747306500	47.0000000	0.3368474000	0.3784369000
16	2007-03-09	0.6253548750	58.0000000	0.3519248125	0.3642229375
33	2007-03-10	0.3164444242	43.0000000	0.3402122121	0.3612055152
27	2007-03-11	0.2731783704	43.0000000	0.2208896667	0.2388895926
32	2007-03-12	0.1907363125	27.0000000	0.3769418750	0.4655534375
14	2007-03-14	0.0912032857	23.0000000	0.3713004286	0.5351480714
15	2007-03-21	0.1066946667	33.0000000	-0.0649855333	-0.0107698000
13	2007-03-22	0.0358208462	22.0000000	-0.1281350000	-0.0778754615
14	2007-03-23	0.0674203571	26.0000000	-0.1476779286	-0.0522973571
32	2007-03-24	0.0884551250	24.0000000	0.2660790000	0.3650621875
20	2007-04-07	0.1680915000	18.0000000	0.6205735500	0.8371476500
13	2007-04-10	0.0709452308	17.0000000	0.8021647692	1.1670133846
21	2007-04-16	0.1783753333	14.0000000	0.8850674762	1.0710760476
22	2007-04-17	0.2441725000	15.0000000	1.3902234091	1.4802829545
12	2007-04-22	0.1915164167	17.0000000	1.1835856667	1.3652508333
34	2007-04-25	0.1117153235	29.0000000	0.6893722941	0.9283619412
18	2007-04-27	0.0811266667	19.0000000	0.4309510556	0.6944502222
19	2007-04-28	0.0972805789	19.0000000	0.2954055789	0.4736637895
18	2007-05-02	0.0790288333	19.0000000	0.2953078889	0.5533587778
12	2007-05-04	0.1118595833	15.0000000	0.4843240833	0.7988666667
19	2007-05-06	0.2298132105	13.0000000	0.9937739474	1.1591390000
22	2007-05-07	0.1053514091	14.0000000	0.5551116364	0.8435821364
24	2007-05-12	0.1669974167	21.0000000	0.3714827083	0.5537793333
31	2007-05-13	0.2293312581	40.0000000	0.2200413226	0.3555490968
34	2007-05-14	0.3462937059	48.0000000	0.3897510882	0.4861350294
26	2007-05-16	0.5809673462	196.0000000	0.0595931923	0.0627162308
43	2007-05-17	0.1677569302	54.0000000	0.1829997209	0.3013981860
34	2007-05-18	0.6633095000	105.0000000	0.1807433824	0.1880960588
29	2007-05-19	0.5273391379	68.0000000	0.3177362414	0.3478580000
48	2007-05-20	0.2879258750	42.0000000	0.1503668542	0.1867396458
33	2007-05-21	0.1363821818	22.0000000	0.2669104848	0.4789356667
30	2007-05-22	0.0787475667	14.0000000	0.2316718667	0.5734011333
36	2007-05-23	0.0822508333	14.0000000	0.3375945833	0.6789888889
31	2007-05-25	0.1281347097	22.0000000	0.5191000323	0.7612250323
16	2007-05-26	0.2116455000	25.0000000	0.8037191250	1.0385232500
16	2007-05-29	0.0715141250	13.0000000	0.2346861250	0.6502784375
13	2007-06-10	0.1593404615	12.0000000	0.5704685385	0.7737956923
20	2007-06-13	0.1502247500	23.0000000	0.0925080500	0.2428799500
48	2007-06-15	0.5832351667	49.0000000	0.0984068125	0.1005220000
54	2007-06-16	0.4972248333	54.0000000	0.0947118889	0.1076869444
14	2007-06-17	0.2707142143	41.0000000	0.1133031429	0.1993687143
26	2007-06-18	0.1169619615	22.0000000	0.2087210000	0.3945632308
30	2007-06-22	0.4999899000	60.0000000	0.0815742333	0.0856746333
31	2007-06-23	0.2031750000	58.0000000	0.1364252581	0.2337511613
24	2007-06-25	0.1982552083	48.0000000	0.0585715417	0.1485070833
17	2007-06-27	0.1793049412	23.0000000	0.2270170588	0.4010511176
26	2007-06-30	0.2592780385	57.0000000	0.1819111538	0.2731913077
19	2007-07-01	0.6361828947	64.0000000	0.2291092632	0.2580746316
40	2007-07-02	0.4612377750	67.0000000	0.0776879500	0.1022820500
50	2007-07-03	0.2414677200	62.0000000	0.0694149000	0.1329334600
46	2007-07-04	0.0898588696	15.0000000	0.4581536957	0.7457336739
30	2007-07-05	0.1536250333	39.0000000	0.1245725000	0.2561414667
31	2007-07-06	0.2150626129	39.0000000	0.0797643871	0.1714500323
23	2007-07-07	0.1013626957	23.0000000	0.2334951304	0.4681366522
46	2007-07-08	0.1505318478	27.0000000	0.2565928261	0.4013141304
14	2007-07-09	0.3147790714	46.0000000	0.0944675714	0.1533783571
30	2007-07-10	0.3158406000	50.0000000	0.0977930333	0.1695197333
24	2007-07-12	0.5210862500	34.0000000	0.0931834583	0.1093584583
20	2007-07-13	0.5266188500	44.0000000	0.0934938500	0.1016289500
27	2007-07-14	0.1116202222	19.0000000	0.3340700000	0.6282727407
29	2007-07-15	0.2149559310	25.0000000	0.1603892414	0.2434446552
34	2007-07-18	0.4563541471	43.0000000	0.1187549118	0.1617564706
38	2007-07-21	0.6653446316	55.0000000	0.0343631053	0.0384971579
12	2007-07-22	0.1941550000	42.0000000	-0.0065566667	0.1490557500
34	2007-07-23	0.4047606176	49.0000000	0.0930641471	0.1343110882
23	2007-07-24	0.4323925217	48.0000000	0.1459488261	0.1778728261
12	2007-07-25	0.4256873333	43.0000000	0.1614515833	0.2072100833
30	2007-07-26	0.3885533333	70.0000000	0.1031691333	0.1334221667
34	2007-07-27	0.4178858529	74.0000000	0.0783337647	0.0976205000
38	2007-07-28	0.4229017895	71.0000000	0.1033061053	0.1234651579
27	2007-07-29	0.2624258148	36.0000000	0.1479238889	0.2153396667
27	2007-07-30	0.1012447778	21.0000000	0.3700801111	0.6381737778
14	2007-07-31	0.1686836429	23.0000000	0.2315734286	0.3829317857
34	2007-08-01	0.1761545294	29.0000000	0.1329940588	0.2653652941
12	2007-08-03	0.4870004167	44.0000000	0.2919319167	0.3727660000
16	2007-08-05	0.2795087500	35.0000000	0.2839003125	0.4083831875
15	2007-08-06	0.0765114000	18.0000000	0.1940774667	0.4921254667
12	2007-08-09	0.2893755000	40.0000000	0.1675784167	0.2567612500
42	2007-08-12	0.5312781905	59.0000000	0.1554189762	0.1863599286
44	2007-08-13	0.2577294545	37.0000000	0.2328410682	0.3152548636
50	2007-08-14	0.1003015800	11.0000000	0.2885441200	0.5317250800
33	2007-08-15	0.0724227879	12.0000000	0.2893016970	0.6441255758
27	2007-08-16	0.2368096296	30.0000000	0.0979308889	0.2124678889
15	2007-08-17	0.3367366000	57.0000000	0.0699588000	0.1041241333
21	2007-08-19	0.1834685714	34.0000000	0.1549386667	0.3001274762
26	2007-08-20	0.2167620385	32.0000000	0.1733415769	0.3275409615
21	2007-08-21	0.2352046667	27.0000000	0.4330112381	0.5801633333
44	2007-08-22	0.0850339545	18.0000000	0.5202442273	0.9339225455
31	2007-08-23	0.0711065806	16.0000000	0.2151717419	0.5472813548
28	2007-08-25	0.0802883571	15.0000000	0.3697873571	0.7188423214
16	2007-08-27	0.2101081250	14.0000000	0.2131866250	0.3302937500
21	2007-08-29	0.0787812857	13.0000000	0.4383626667	0.7387920000
23	2007-08-30	0.1065565652	18.0000000	0.1669399130	0.4166684783
21	2007-09-01	0.1661495714	24.0000000	0.1744890952	0.3197431429
40	2007-09-02	0.1635223750	27.0000000	0.2013282750	0.3300413000
47	2007-09-03	0.0758657021	9.0000000	0.5357982340	0.9074347447
29	2007-09-04	0.1124761724	14.0000000	0.4858881379	0.7890385172
26	2007-09-05	0.0886239615	14.0000000	0.7113230769	1.0768735769
32	2007-09-06	0.2643357500	21.0000000	1.0852652188	1.2340853438
42	2007-09-07	0.1382464762	23.0000000	0.2584570000	0.4470242619
32	2007-09-08	0.1033959375	14.0000000	0.4443828750	0.7406666250
38	2007-09-09	0.1196835789	19.0000000	0.4720746842	0.7113528158
29	2007-09-10	0.1062677931	16.0000000	0.4375312069	0.7293398276
25	2007-09-11	0.3179792000	25.0000000	0.2896345600	0.3710400400
24	2007-09-12	0.2908009583	35.0000000	0.2935705000	0.3635830833
28	2007-09-13	0.1087760000	16.0000000	0.3649173571	0.6742028214
12	2007-09-14	0.0884858333	12.0000000	0.5335662500	0.8568548333
22	2007-09-15	0.0977073182	11.0000000	0.5384827727	0.8550778636
34	2007-09-19	0.0921968824	9.0000000	0.7135287353	1.1207947353
15	2007-09-20	0.2530212000	21.0000000	1.0809096667	1.2331392667
21	2007-09-21	0.1997919524	18.0000000	0.8401006667	1.0386889048
31	2007-09-22	0.1065007742	17.0000000	0.4509037097	0.7281955161
14	2007-09-23	0.0730903571	15.0000000	0.4082567857	0.8272285000
26	2007-09-24	0.0663548846	9.0000000	0.8441117308	1.2546810000
44	2007-09-29	0.1638801818	35.0000000	0.2320430000	0.3745617727
12	2007-10-09	0.1052270833	10.0000000	0.3733079167	0.6896531667
24	2007-10-10	0.1587969583	8.0000000	0.3054925417	0.5091125000
15	2007-10-12	0.4943938667	46.0000000	0.1225484000	0.1917716667
27	2007-10-13	0.1816315556	36.0000000	0.1515829630	0.2830015556
30	2007-10-14	0.0732213667	25.0000000	0.2972890333	0.5920229667
24	2007-10-15	0.1419905417	35.0000000	0.0829172917	0.2331546667
28	2007-10-17	0.0865915000	14.0000000	0.2159790357	0.5213629286
25	2007-10-18	0.0644179600	11.0000000	0.3357520400	0.8386991600
31	2007-10-19	0.0665728710	11.0000000	0.6981649032	1.1798785161
27	2007-10-20	0.0639303704	13.0000000	0.4799546296	0.9144003704
18	2007-10-21	0.0609519444	11.0000000	0.4673281667	0.8589811667
16	2007-10-22	0.0645221875	13.0000000	0.4228136875	0.9334081250
16	2007-10-23	0.0615390625	18.0000000	0.2143123125	0.6123081875
19	2007-10-24	0.0483597368	5.0000000	0.3089244737	0.8287267368
14	2007-10-31	0.2979188571	56.0000000	0.1315440000	0.2042065714
21	2007-11-01	0.2096065238	42.0000000	0.2202795238	0.3173682857
15	2007-11-04	0.0914366000	22.0000000	0.3257550667	0.6490294667
13	2007-11-05	0.0622176154	17.0000000	0.3201552308	0.7307513077
43	2007-11-06	0.0557553721	16.0000000	0.4868389070	1.0083468837
36	2007-11-07	0.1042117778	12.0000000	1.0577699444	1.4334713611
25	2007-11-08	0.0786521600	9.0000000	0.8164528400	1.2151158800
31	2007-11-09	0.0787408065	10.0000000	0.5820438710	0.9839205806
25	2007-11-10	0.0891355200	9.0000000	0.7299353200	1.1573274000
27	2007-11-11	0.0947078889	9.0000000	0.2555781481	0.5283905556
18	2007-11-12	0.0718626667	15.0000000	0.4703613333	0.7743673889
27	2007-11-14	0.1452463704	38.0000000	0.5339011111	0.6593125926
20	2007-11-16	0.1360138000	31.0000000	0.2841576500	0.4450603000
13	2007-11-17	0.2254171538	31.0000000	0.8682715385	0.9905015385
16	2007-11-18	0.1424691250	30.0000000	0.2548506875	0.3712288750
13	2007-11-22	0.1086359231	5.0000000	0.4265853846	0.6436751538
39	2007-11-23	0.0736183590	41.0000000	0.4500020000	0.7304520513
24	2007-11-25	0.1152195000	29.0000000	0.3047905417	0.4866204583
21	2007-11-26	0.1178932857	29.0000000	0.3651053333	0.5616070952
22	2007-11-27	0.1136877273	31.0000000	0.2830435000	0.4794664091
26	2007-11-28	0.1054542692	25.0000000	0.2116965385	0.4099148462
31	2007-11-29	0.0912573548	25.0000000	0.1133844194	0.2931522258
28	2007-11-30	0.1129988571	29.0000000	0.0271715714	0.1672215357
15	2007-12-01	0.0816075333	27.0000000	0.1193801333	0.3357327333
33	2007-12-03	0.0909327576	31.0000000	0.1574416061	0.3415190909
13	2007-12-06	0.0780389231	19.0000000	0.8484425385	1.2103355385
14	2007-12-07	0.0734929286	22.0000000	0.5076664286	0.7748425714
16	2007-12-08	0.1026231875	27.0000000	0.0023543125	0.1553418750
17	2007-12-09	0.1075963529	27.0000000	0.0497511176	0.1987969412
14	2007-12-12	0.1498669286	27.0000000	0.0269351429	0.1384024286
36	2008-09-27	0.0869445556	12.0000000	0.2994091667	0.2994091667
27	2008-09-30	0.0761166667	20.0000000	0.6780393333	0.6780393333
27	2008-10-03	0.0593136296	15.0000000	0.4945508519	0.4945508519
18	2008-10-09	0.0753825000	13.0000000	1.0525564444	1.0525564444
38	2008-10-18	0.1291811579	22.0000000	0.4532636579	0.4532636579
23	2008-10-21	0.1777596957	51.0000000	0.0467534783	0.0467534783
22	2008-10-24	0.0570674545	24.0000000	0.6780796818	0.6780796818
19	2008-10-27	0.0893212632	23.0000000	0.7185036316	0.7185036316
21	2008-10-30	0.0755795238	27.0000000	0.2657407143	0.2657407143
21	2008-11-08	0.0702538095	10.0000000	0.5435037619	0.5435037619
22	2008-11-14	0.0946957273	25.0000000	0.3986488182	0.3986488182
21	2008-11-20	0.0694270952	14.0000000	0.6197899524	0.6197899524
27	2008-11-26	0.0751911481	30.0000000	0.3977743704	0.3977743704
23	2008-11-29	0.0494073478	18.0000000	0.7403853043	0.7403853043
39	2008-12-08	0.0350018974	16.0000000	0.6354563590	0.6354563590
12	2008-12-11	0.1155140833	34.0000000	0.0131219167	0.0131219167
12	2008-12-14	0.0669145833	26.0000000	0.1997856667	0.1997856667
33	2008-12-17	0.0517004848	30.0000000	0.2356230909	0.2356230909
18	2008-12-20	0.0502900000	19.0000000	0.3659991667	0.3659991667
17	2009-10-16	0.0793602353	19.0000000	0.5283564706	0.5283564706
22	2009-10-17	0.0846020000	22.0000000	0.4133755000	0.4133755000
29	2009-10-18	0.0593251724	17.0000000	0.4724410345	0.4724410345
16	2009-10-19	0.0858428125	14.0000000	0.6685879375	0.6685879375
29	2009-10-20	0.0516339655	11.0000000	0.9800674483	0.9800674483
17	2009-10-21	0.0810918235	10.0000000	0.8116010000	0.8116010000
20	2009-10-24	0.0747602000	14.0000000	0.8392355000	0.8392355000
16	2009-10-25	0.0697833125	11.0000000	0.9668090000	0.9668090000
15	2009-10-26	0.0681474667	14.0000000	0.7274058667	0.7274058667
14	2009-10-27	0.0839728571	20.0000000	0.3714342857	0.3714342857
13	2009-10-29	0.0593857692	15.0000000	0.4488975385	0.4488975385
21	2009-10-31	0.0387191905	16.0000000	1.0877399048	1.0877399048
22	2009-11-01	0.0753385000	24.0000000	0.6061387727	0.6061387727
14	2009-11-03	0.0757865000	29.0000000	0.7494385714	0.7494385714
24	2009-11-13	0.1753669583	14.0000000	0.6695656667	0.6695656667
12	2009-11-17	0.1263289167	12.0000000	0.6497863333	0.6497863333
20	2009-11-18	0.1322505500	13.0000000	0.6335052500	0.6335052500
19	2010-03-13	0.2193607895	18.0000000	1.0684392105	1.0684392105
34	2010-03-14	0.1444472647	24.0000000	0.9318582353	0.9318582353
33	2010-03-15	0.0955360000	19.0000000	1.0829664242	1.0829664242
18	2010-03-16	0.1188672778	21.0000000	0.9230770556	0.9230770556
21	2010-03-17	0.2359113810	25.0000000	1.0087141905	1.0087141905
19	2010-03-19	0.2683512632	63.0000000	0.3178288421	0.3178288421
22	2010-03-20	0.2181158636	54.0000000	0.4603294091	0.4603294091
32	2010-03-21	0.1574835625	28.0000000	0.5718632500	0.5718632500
16	2010-03-23	0.1570165625	27.0000000	0.4329285625	0.4329285625
24	2010-03-25	0.1015000000	17.0000000	0.6134417500	0.6134417500
13	2010-03-26	0.0792153846	16.0000000	0.6354723846	0.6354723846
14	2010-03-27	0.0802777143	17.0000000	0.8686542857	0.8686542857
32	2010-03-28	0.0591034688	18.0000000	0.7583229063	0.7583229063
21	2010-03-29	0.0564693810	19.0000000	1.0252923333	1.0252923333
24	2010-03-30	0.0868208750	27.0000000	0.9273815417	0.9273815417
20	2010-03-31	0.0814398000	33.0000000	0.6492642000	0.6492642000
37	2010-04-01	0.1139224595	33.0000000	0.6178894865	0.6178894865
13	2010-04-02	0.1727216923	21.0000000	1.1094236923	1.1094236923
14	2010-04-03	0.1203570714	21.0000000	0.8648536429	0.8648536429
22	2010-04-04	0.0898141818	30.0000000	0.5851009091	0.5851009091
24	2010-04-07	0.1204685833	22.0000000	0.6924525417	0.6924525417
27	2010-04-08	0.1686690370	24.0000000	0.7274064815	0.7274064815
14	2010-04-21	0.1492655000	10.0000000	0.9765077143	0.9765077143
15	2010-04-26	0.3115515333	25.0000000	1.1843795333	1.1843795333
24	2010-04-27	0.2490529167	63.0000000	0.2911320000	0.2911320000
39	2010-04-28	0.4264457692	111.0000000	0.1142690769	0.1142690769
50	2010-04-29	0.4197960400	115.0000000	0.1294918200	0.1294918200
37	2010-04-30	0.3798221081	95.0000000	0.1284554865	0.1284554865
44	2010-05-05	0.1249006136	19.0000000	1.0564995455	1.0564995455
47	2010-05-06	0.1273960000	17.0000000	1.1521086383	1.1521086383
18	2010-05-09	0.0878250000	13.0000000	0.9023913333	0.9023913333
15	2010-05-10	0.0625968667	11.0000000	0.9201876000	0.9201876000
14	2010-05-14	0.1284416429	25.0000000	0.2836112857	0.2836112857
23	2010-05-21	0.1751293913	15.0000000	0.7132677391	0.7132677391
12	2010-05-23	0.2548275833	16.0000000	1.2476888333	1.2476888333
21	2010-06-03	1.2237497143	121.0000000	0.0879090476	0.0879090476
29	2010-06-04	1.1062871724	124.0000000	0.0717211379	0.0717211379
22	2010-06-05	0.6670562727	79.0000000	0.1083132273	0.1083132273
30	2010-06-06	0.5456768667	41.0000000	0.2086741667	0.2086741667
14	2010-06-07	0.1757836429	44.0000000	1.1755389286	1.1755389286
28	2010-06-10	0.3447663929	56.0000000	0.0982842500	0.0982842500
21	2010-06-11	0.1003907619	26.0000000	0.3410006667	0.3410006667
28	2010-06-14	0.0645183214	13.0000000	0.8053999643	0.8053999643
42	2010-06-15	0.0821733810	14.0000000	0.7780892381	0.7780892381
42	2010-06-16	0.1041245476	16.0000000	0.5210532143	0.5210532143
33	2010-06-26	0.0680582424	27.0000000	0.3960337879	0.3960337879
24	2010-06-27	0.1433809167	11.0000000	1.1747316667	1.1747316667
25	2010-06-28	0.2323355600	23.0000000	1.2579257200	1.2579257200
36	2010-06-30	0.0936957222	15.0000000	0.3996886944	0.3996886944
26	2010-07-01	0.6933411154	51.0000000	0.0631948462	0.0631948462
34	2010-07-02	0.7333782353	61.0000000	0.0921976176	0.0921976176
45	2010-07-03	0.6284862667	66.0000000	0.0812390222	0.0812390222
54	2010-07-04	0.3297294630	26.0000000	0.1707192963	0.1707192963
18	2010-07-05	0.1159197778	19.0000000	0.3962720000	0.3962720000
36	2010-07-07	0.5740522500	81.0000000	0.0532236111	0.0532236111
41	2010-07-08	0.3512622195	31.0000000	0.0995133415	0.0995133415
36	2010-07-09	0.1233030278	27.0000000	0.3285505000	0.3285505000
34	2010-07-10	0.3379605588	32.0000000	0.2090312059	0.2090312059
42	2010-07-11	0.6271810952	30.0000000	0.0481027381	0.0481027381
43	2010-07-12	0.3770126744	23.0000000	0.0832636977	0.0832636977
20	2010-07-13	0.3403578500	36.0000000	0.0547604500	0.0547604500
14	2010-07-14	0.3734875000	40.0000000	0.1100985714	0.1100985714
14	2010-07-15	0.4141040714	46.0000000	0.1399383571	0.1399383571
13	2010-07-24	0.3549606154	27.0000000	0.2169967692	0.2169967692
26	2010-07-25	0.3773232308	45.0000000	0.0998976154	0.0998976154
22	2010-07-26	0.1754463636	23.0000000	0.2482051818	0.2482051818
34	2010-07-27	0.1944536765	23.0000000	0.4263420882	0.4263420882
14	2010-07-28	0.1122422143	13.0000000	0.6672835714	0.6672835714
16	2010-08-07	0.3043818125	18.0000000	0.2199479375	0.2199479375
24	2010-08-08	0.1540511250	12.0000000	0.3782895417	0.3782895417
14	2010-08-09	0.1457492857	13.0000000	0.8780606429	0.8780606429
44	2010-08-14	0.0500349773	11.0000000	1.2535181591	1.2535181591
28	2010-08-15	0.1306085714	17.0000000	0.9263926429	0.9263926429
27	2010-08-16	0.0769565185	13.0000000	0.5490224815	0.5490224815
28	2010-08-18	0.4767163571	98.0000000	0.1277298929	0.1277298929
35	2010-08-19	0.4653492286	87.0000000	0.1126094857	0.1126094857
31	2010-08-20	0.0741778387	22.0000000	0.3180065161	0.3180065161
61	2010-08-21	0.0642271639	10.0000000	0.7520939672	0.7520939672
21	2010-08-22	0.0702895714	18.0000000	0.4736597143	0.4736597143
30	2010-08-23	0.0953760000	21.0000000	0.4323347333	0.4323347333
41	2010-08-24	0.3542740244	90.0000000	0.0800230976	0.0800230976
20	2010-08-25	0.1041983500	21.0000000	0.4352835000	0.4352835000
47	2010-08-26	0.0871584255	15.0000000	0.4841063830	0.4841063830
49	2010-08-27	0.1433952653	26.0000000	0.8266910204	0.8266910204
61	2010-08-28	0.0874018525	21.0000000	0.4974508033	0.4974508033
12	2010-09-01	0.1987285000	19.0000000	0.4219270833	0.4219270833
35	2010-09-02	0.1559904857	16.0000000	0.7547161429	0.7547161429
27	2010-09-03	0.5066720000	58.0000000	0.2155333333	0.2155333333
19	2010-09-04	0.4062215789	57.0000000	0.2668453684	0.2668453684
42	2010-09-05	0.1111292143	18.0000000	1.0346140714	1.0346140714
21	2010-09-06	0.0995546190	15.0000000	0.5731071429	0.5731071429
17	2010-09-08	0.1031224706	17.0000000	0.3819929412	0.3819929412
42	2010-09-09	0.0631554286	13.0000000	0.8040995714	0.8040995714
30	2010-09-10	0.0706060000	12.0000000	1.0637710667	1.0637710667
44	2010-09-13	0.0619250000	13.0000000	0.8250484091	0.8250484091
20	2010-09-14	0.0538029000	13.0000000	0.6960477500	0.6960477500
42	2010-09-15	0.0544014286	12.0000000	0.7497294762	0.7497294762
35	2010-09-16	0.0766913143	17.0000000	0.5902428286	0.5902428286
31	2010-09-17	0.3995973226	27.0000000	0.0087863548	0.0087863548
17	2010-09-18	0.3805620588	22.0000000	-0.0077713529	-0.0077713529
39	2010-09-19	0.1099404615	17.0000000	0.8011614103	0.8011614103
21	2010-09-20	0.0653729524	19.0000000	1.1672296190	1.1672296190
16	2010-09-21	0.5345344375	89.0000000	0.0339345625	0.0339345625
25	2010-09-22	0.4469035600	107.0000000	0.0790828400	0.0790828400
20	2010-09-25	0.0794714500	18.0000000	0.8269111500	0.8269111500
16	2010-10-04	0.2179076875	14.0000000	0.8610108750	0.8610108750
16	2010-10-09	0.1045661250	11.0000000	1.1311849375	1.1311849375
26	2010-10-10	0.2882626154	16.0000000	1.0817880000	1.0817880000
29	2010-10-11	0.1000694483	11.0000000	0.7774186552	0.7774186552
26	2010-10-14	0.0790964615	12.0000000	0.4801643846	0.4801643846
25	2010-10-15	0.0898018000	10.0000000	0.9408486400	0.9408486400
20	2010-10-16	0.1042794500	9.0000000	1.1459118000	1.1459118000
33	2010-10-17	0.0298559091	7.0000000	0.9676047879	0.9676047879
23	2010-10-18	0.0471593478	9.0000000	1.3732910435	1.3732910435
38	2010-10-19	0.0324780000	17.0000000	0.6887946053	0.6887946053
34	2010-10-20	0.0412538824	15.0000000	0.7830946765	0.7830946765
13	2010-10-21	0.1386483077	8.0000000	1.7906952308	1.7906952308
27	2010-10-22	0.0331634815	10.0000000	0.9305334815	0.9305334815
31	2010-10-23	0.0659154194	15.0000000	0.7085952581	0.7085952581
42	2010-10-24	0.0790735238	23.0000000	0.3416790714	0.3416790714
22	2010-10-25	0.0881963636	22.0000000	0.3408421818	0.3408421818
26	2010-10-26	0.1099987692	31.0000000	0.5241004615	0.5241004615
19	2010-10-27	0.0943918947	27.0000000	0.2979895263	0.2979895263
30	2010-10-28	0.0948975667	23.0000000	0.4240315333	0.4240315333
18	2010-10-30	0.1261955556	41.0000000	0.2151645556	0.2151645556
20	2010-10-31	0.1545365000	37.0000000	0.1437172000	0.1437172000
38	2010-11-24	0.0950390789	32.0000000	0.2397801579	0.2397801579
41	2010-11-25	0.0272544390	18.0000000	0.2848908780	0.2848908780
21	2010-11-27	0.0675300000	36.0000000	0.3618937143	0.3618937143
16	2010-11-28	0.0534073750	28.0000000	0.3262301250	0.3262301250
20	2010-11-30	0.0588311000	16.0000000	0.7628355000	0.7628355000
28	2010-12-01	0.0771090357	33.0000000	0.3782252143	0.3782252143
31	2010-12-11	0.2055640645	14.0000000	0.8280584194	0.8280584194
17	2010-12-12	0.0844108824	16.0000000	0.7961292941	0.7961292941
36	2010-12-13	0.1067848611	8.0000000	1.0241098056	1.0241098056
23	2010-12-18	0.0641658261	23.0000000	0.3040867826	0.3040867826
32	2010-12-19	0.0758072500	17.0000000	0.4674545938	0.4674545938
19	2010-12-20	0.1030527895	11.0000000	1.1278701579	1.1278701579
52	2010-12-24	0.0603194615	24.0000000	0.9755374231	0.9755374231
15	2010-12-31	0.0739402667	26.0000000	0.4394863333	0.4394863333
13	2011-01-01	0.0519307692	23.0000000	0.4681126154	0.4681126154
24	2011-01-06	0.0802260833	17.0000000	0.7713703750	0.7713703750
12	2011-01-07	0.1867777500	9.0000000	0.9939956667	0.9939956667
25	2011-01-09	0.0860601200	17.0000000	0.4492990400	0.4492990400
22	2011-01-10	0.1577398182	16.0000000	0.3035031364	0.3035031364
36	2011-01-15	0.1283600556	30.0000000	0.5098447778	0.5098447778
44	2011-01-16	0.0718267955	22.0000000	0.5871001364	0.5871001364
30	2011-01-17	0.0726988000	22.0000000	0.1589970000	0.1589970000
26	2011-01-18	0.0869753077	24.0000000	0.1724534231	0.1724534231
29	2011-01-19	0.0781243793	21.0000000	0.1636644483	0.1636644483
39	2011-01-20	0.0502421282	19.0000000	0.3155054615	0.3155054615
20	2011-01-22	0.1166040500	15.0000000	0.5743070000	0.5743070000
28	2011-01-23	0.1719936071	17.0000000	0.7964788214	0.7964788214
43	2011-01-24	0.0764183023	16.0000000	0.3450212326	0.3450212326
32	2011-01-25	0.0750050625	26.0000000	0.2904179063	0.2904179063
30	2011-01-26	0.0775276000	24.0000000	0.5801835000	0.5801835000
25	2011-01-27	0.0781657200	25.0000000	0.3797742400	0.3797742400
35	2011-01-28	0.0858703429	15.0000000	0.5253437143	0.5253437143
46	2011-01-29	0.0658797391	15.0000000	0.7275106087	0.7275106087
13	2011-01-30	0.0502130769	12.0000000	0.6462518462	0.6462518462
47	2011-01-31	0.0601509149	17.0000000	0.4880752553	0.4880752553
27	2011-02-01	0.0710464815	13.0000000	0.6629644815	0.6629644815
27	2011-02-02	0.0712871111	17.0000000	0.8323951481	0.8323951481
34	2011-02-03	0.0669011176	15.0000000	0.5328408529	0.5328408529
13	2011-02-04	0.0596236154	19.0000000	0.4046365385	0.4046365385
24	2011-02-06	0.0859945833	24.0000000	0.0173702500	0.0173702500
25	2011-02-07	0.0976222000	22.0000000	-0.0162302000	-0.0162302000
24	2011-02-08	0.1140023750	24.0000000	0.1473011667	0.1473011667
26	2011-02-19	0.0447127692	20.0000000	0.2479753846	0.2479753846
39	2011-02-20	0.0404098974	16.0000000	0.5613517436	0.5613517436
19	2011-02-22	0.1535022105	46.0000000	0.1882032632	0.1882032632
42	2011-02-23	0.0714195238	32.0000000	0.2707128810	0.2707128810
37	2011-03-02	0.1147114595	16.0000000	0.6357143243	0.6357143243
47	2011-03-03	0.1167362979	16.0000000	0.7601551915	0.7601551915
30	2011-03-04	0.1240192000	25.0000000	0.7416290000	0.7416290000
43	2011-03-05	0.1225570233	19.0000000	0.7492619302	0.7492619302
42	2011-03-06	0.1023051667	21.0000000	0.6841569286	0.6841569286
58	2011-03-08	0.0784952414	21.0000000	0.8361413448	0.8361413448
35	2011-03-09	0.1076616286	19.0000000	0.6138819714	0.6138819714
21	2011-03-10	0.1137709048	17.0000000	0.5572525714	0.5572525714
27	2011-03-11	0.1267359630	18.0000000	0.6561798519	0.6561798519
56	2011-03-12	0.0836941071	27.0000000	0.9007345893	0.9007345893
13	2011-03-13	0.0960406154	20.0000000	0.9357800769	0.9357800769
13	2011-03-15	0.1065663846	15.0000000	0.7791884615	0.7791884615
27	2011-03-16	0.1052241481	16.0000000	0.8152841111	0.8152841111
29	2011-03-17	0.1026468966	17.0000000	0.9475361034	0.9475361034
27	2011-03-18	0.0838663333	10.0000000	1.0079866296	1.0079866296
16	2011-03-21	0.1301988750	22.0000000	0.6974840625	0.6974840625
25	2011-03-22	0.1498931600	29.0000000	0.6973473600	0.6973473600
31	2011-03-23	0.1442040000	31.0000000	0.6325313871	0.6325313871
26	2011-03-24	0.1294790385	20.0000000	0.7689433077	0.7689433077
33	2011-03-25	0.1524387576	13.0000000	0.9875539697	0.9875539697
21	2011-03-26	0.1333719048	16.0000000	0.8390400000	0.8390400000
33	2011-03-27	0.1337024848	16.0000000	1.0087029697	1.0087029697
33	2011-03-28	0.1328329091	19.0000000	0.7057505455	0.7057505455
21	2011-03-29	0.2401616667	16.0000000	0.9294590000	0.9294590000
23	2011-03-30	0.3232148696	14.0000000	0.9655050435	0.9655050435
20	2011-04-01	0.2649160500	20.0000000	0.8739742000	0.8739742000
19	2011-04-03	0.1654932632	17.0000000	0.7888617368	0.7888617368
33	2011-04-04	0.1601996970	17.0000000	0.6759430303	0.6759430303
22	2011-04-07	0.1435482727	21.0000000	0.5483425909	0.5483425909
14	2011-04-08	0.1109885714	17.0000000	0.7985615000	0.7985615000
42	2011-04-09	0.1303929524	15.0000000	0.8368674762	0.8368674762
46	2011-04-10	0.1051912609	14.0000000	0.9156781087	0.9156781087
13	2011-04-14	0.0873150000	12.0000000	0.7925150000	0.7925150000
27	2011-04-15	0.2157675556	12.0000000	1.0353240370	1.0353240370
26	2011-04-21	0.0963914615	11.0000000	1.1145882692	1.1145882692
21	2011-04-22	0.1444126190	12.0000000	1.3401080952	1.3401080952
44	2011-04-23	0.1318581818	14.0000000	1.0882144773	1.0882144773
16	2011-04-24	0.1448882500	13.0000000	1.0462521250	1.0462521250
36	2011-04-26	0.1517165833	21.0000000	0.5956417500	0.5956417500
14	2011-06-29	0.5650213571	51.0000000	0.2774679286	0.2774679286
22	2011-07-10	0.3439045909	20.0000000	1.0096288182	1.0096288182
34	2011-07-14	0.3757740294	18.0000000	0.6709805294	0.6709805294
29	2011-07-15	0.2461893793	25.0000000	0.7781188276	0.7781188276
21	2011-07-16	0.2294865714	14.0000000	0.6530706667	0.6530706667
14	2011-07-17	0.2502108571	17.0000000	0.6143683571	0.6143683571
17	2011-07-18	0.2519498824	27.0000000	0.5113613529	0.5113613529
52	2011-07-20	0.1773951538	21.0000000	0.6934769615	0.6934769615
16	2011-07-21	0.2472426250	30.0000000	0.4845753125	0.4845753125
21	2011-07-22	0.1718645714	28.0000000	0.6157278095	0.6157278095
47	2011-07-25	0.2719264255	28.0000000	0.3702417872	0.3702417872
32	2011-07-26	0.1792892188	17.0000000	0.6641774375	0.6641774375
18	2011-07-27	0.1411502778	15.0000000	0.7702004444	0.7702004444
24	2011-08-10	0.2184257917	21.0000000	0.5423551667	0.5423551667
46	2011-08-11	0.3099431087	23.0000000	0.5041075435	0.5041075435
38	2011-08-12	0.3494282368	38.0000000	0.3200670000	0.3200670000
16	2011-08-13	0.1510463750	44.0000000	0.8393699375	0.8393699375
38	2011-08-14	0.2005391053	28.0000000	0.7088128947	0.7088128947
37	2011-08-15	0.2301021081	39.0000000	0.4795614324	0.4795614324
15	2011-08-16	0.4428231333	50.0000000	0.1921000667	0.1921000667
27	2011-08-18	0.2175603704	36.0000000	0.4612243333	0.4612243333
22	2011-08-19	0.1653676818	19.0000000	0.5679681364	0.5679681364
28	2011-08-20	0.3456208571	31.0000000	0.2932305714	0.2932305714
54	2011-08-27	0.2177590741	16.0000000	1.0356997222	1.0356997222
42	2011-09-03	0.0949058571	10.0000000	1.3135462381	1.3135462381
26	2011-09-21	0.1143930385	19.0000000	0.7330145000	0.7330145000
28	2011-10-06	0.2327624643	53.0000000	0.6163571786	0.6163571786
30	2011-10-07	0.1657962667	26.0000000	0.7869923333	0.7869923333
17	2011-10-08	0.1110672941	18.0000000	0.9084114118	0.9084114118
31	2011-10-09	0.0665647419	21.0000000	0.7374762581	0.7374762581
18	2011-10-11	0.1295752778	18.0000000	0.5090827778	0.5090827778
18	2011-10-12	0.1553728333	29.0000000	0.5987456111	0.5987456111
39	2011-10-14	0.2139988974	63.0000000	0.2112858205	0.2112858205
34	2011-10-15	0.0716962059	22.0000000	0.5908054118	0.5908054118
16	2011-10-17	0.0699178750	21.0000000	0.9597174375	0.9597174375
36	2011-10-19	0.0644821111	14.0000000	0.8245860278	0.8245860278
32	2011-10-20	0.0466123125	10.0000000	1.1157193750	1.1157193750
33	2011-10-22	0.0541695152	14.0000000	1.1397238182	1.1397238182
30	2011-10-24	0.1239715667	33.0000000	0.3613917333	0.3613917333
13	2011-10-25	0.0464757692	14.0000000	0.7715166154	0.7715166154
32	2011-10-26	0.0646242813	19.0000000	0.3831295938	0.3831295938
22	2011-10-27	0.0736476818	23.0000000	0.5552301818	0.5552301818
35	2011-10-28	0.0773500571	26.0000000	0.6096264857	0.6096264857
25	2011-10-30	0.0878306800	18.0000000	0.6021804800	0.6021804800
37	2011-11-07	0.1598665405	25.0000000	1.4887130811	1.4887130811
28	2011-11-08	0.0943021071	29.0000000	1.0825064286	1.0825064286
43	2011-11-12	0.0859991395	28.0000000	0.4863631395	0.4863631395
21	2011-11-13	0.0654912381	20.0000000	0.5622320476	0.5622320476
26	2011-11-15	0.0926585769	24.0000000	0.6304166154	0.6304166154
36	2011-11-17	0.0591894167	22.0000000	0.5201287500	0.5201287500
13	2011-11-20	0.0897932308	26.0000000	0.2656446923	0.2656446923
13	2011-11-21	0.0918601538	30.0000000	0.2622635385	0.2622635385
15	2011-11-22	0.0960020667	25.0000000	0.4187347333	0.4187347333
15	2011-11-23	0.0875880667	20.0000000	0.7460290667	0.7460290667
35	2011-11-24	0.0541834857	18.0000000	0.9027668286	0.9027668286
27	2011-11-25	0.0424838519	11.0000000	1.3013177407	1.3013177407
14	2011-11-29	0.0458350714	22.0000000	0.9368143571	0.9368143571
40	2011-11-30	0.0452041750	16.0000000	0.9321955000	0.9321955000
18	2011-12-01	0.0556384444	13.0000000	1.1080259444	1.1080259444
33	2011-12-02	0.0557196061	11.0000000	1.3153538485	1.3153538485
34	2011-12-03	0.0417771176	11.0000000	1.5456430588	1.5456430588
18	2011-12-06	0.0470925000	28.0000000	1.0919420556	1.0919420556
27	2011-12-07	0.0638502593	28.0000000	0.5215427037	0.5215427037
31	2011-12-08	0.0588642258	24.0000000	0.6583194839	0.6583194839
23	2012-05-20	0.2079183043	27.0000000	0.3260490870	0.3401646522
23	2012-05-21	0.1904431739	40.0000000	0.2468228261	0.2480511739
27	2012-05-22	0.2492700370	34.0000000	0.3259488889	0.3285027778
31	2012-05-23	0.2403501935	42.0000000	0.1758391290	0.1929199032
15	2012-05-24	0.1990867333	36.0000000	0.1627995333	0.2040951333
46	2012-05-25	0.1117563913	21.0000000	0.4240280652	0.4542984565
59	2012-05-26	0.0743027966	14.0000000	0.6680117458	0.6423735763
36	2012-05-27	0.1402643056	11.0000000	0.4591265000	0.4681836389
32	2012-05-28	0.1306855938	8.0000000	0.7939726250	0.7899386563
13	2012-05-29	0.2371309231	24.0000000	0.3524319231	0.3955672308
16	2012-05-30	0.2210181250	66.0000000	0.2368981875	0.2300797500
41	2012-06-01	0.2996511951	52.0000000	0.2393558537	0.2384408537
54	2012-06-02	0.5788585185	85.0000000	0.1831143889	0.1555634815
52	2012-06-03	0.5095917308	92.0000000	0.1494392885	0.1141685577
30	2012-06-05	0.2911390667	76.0000000	0.2951064333	0.2811232000
20	2012-06-06	0.1325572500	24.0000000	0.4006954500	0.3777947500
38	2012-06-08	0.2118389474	42.0000000	0.1602920000	0.1352418684
39	2012-06-09	0.1338770769	28.0000000	0.2946926667	0.2660496410
26	2012-06-10	0.0822344615	11.0000000	0.5033103462	0.5006217308
40	2012-06-11	0.1373678000	26.0000000	0.1837389750	0.1279736250
36	2012-06-12	0.3318454444	41.0000000	0.0827870000	0.0576527222
17	2012-06-13	0.3732174118	55.0000000	0.0586355294	0.0354610000
23	2012-06-15	0.2690140000	51.0000000	0.1361378696	0.1204294348
12	2012-06-16	0.3268951667	44.0000000	0.2212469167	0.2262847500
24	2012-06-21	0.6091489583	48.0000000	0.0615255833	0.0504034583
45	2012-06-22	0.4936026444	55.0000000	0.1602548667	0.1446106667
36	2012-06-23	0.3498756667	44.0000000	0.1152553056	0.0957991389
47	2012-06-24	0.1554589149	22.0000000	0.2231813404	0.1941673830
14	2012-06-25	0.1835272143	22.0000000	0.1417574286	0.1408280714
27	2012-06-26	0.3437298148	36.0000000	0.1120486667	0.0961850741
50	2012-06-27	0.5430499800	69.0000000	0.0890492600	0.0520735800
45	2012-06-30	0.1946709333	33.0000000	0.2388891778	0.2072321111
32	2012-07-01	0.1847176875	53.0000000	0.1718328125	0.1636415313
27	2012-07-03	0.4058347037	75.0000000	0.0668272222	0.0555805556
13	2012-07-04	0.3707620000	41.0000000	0.0813339231	0.0735893846
38	2012-07-07	0.1961561842	29.0000000	0.2769214474	0.2779417895
33	2012-07-08	0.0847505455	14.0000000	0.4733060606	0.4982786667
55	2012-07-09	0.0556060727	13.0000000	0.6128658727	0.5403759455
41	2012-07-11	0.3324546098	39.0000000	0.1499173902	0.1411749268
20	2012-07-12	0.1252576500	23.0000000	0.3719522000	0.3838146500
33	2012-07-13	0.0905306364	14.0000000	0.5472235758	0.5162689394
30	2012-07-16	0.4281416667	58.0000000	0.0784126667	0.0594553333
38	2012-07-17	0.4161734474	76.0000000	0.1360022368	0.1241565526
19	2012-07-18	0.1101746316	24.0000000	0.3678264737	0.4054050526
38	2012-07-21	0.2224773947	38.0000000	0.1509562632	0.1505231579
41	2012-07-22	0.4965096585	52.0000000	0.1101896098	0.0850572439
48	2012-07-23	0.0998313542	32.0000000	0.3210473750	0.3152456667
20	2012-07-24	0.4634403000	49.0000000	0.1323879000	0.1019747000
45	2012-07-25	0.3836752444	52.0000000	0.2009058444	0.1838139556
55	2012-07-27	0.1462144000	34.0000000	0.2877654364	0.2781175818
26	2012-07-28	0.1651892692	29.0000000	0.1643958462	0.1243320385
41	2012-07-29	0.2068974634	40.0000000	0.2036512683	0.1781587317
36	2012-08-01	0.3190489722	45.0000000	0.0774002778	0.0680725278
54	2012-08-02	0.2810882222	30.0000000	0.1217028519	0.0859279259
38	2012-08-03	0.1557011579	32.0000000	0.2156885789	0.2122010526
17	2012-08-05	0.5386848824	42.0000000	0.0868181176	0.0741968824
37	2012-08-09	0.3136269189	38.0000000	0.5344652703	0.5095519730
45	2012-08-10	0.2884446444	49.0000000	0.2778659778	0.2518462889
28	2012-08-12	0.2074541071	40.0000000	0.1567029643	0.1256081429
38	2012-08-14	0.1777427895	23.0000000	0.3044396053	0.2921491316
31	2012-08-15	0.1746120323	29.0000000	0.3415550323	0.3484650000
32	2012-08-16	0.0573085313	19.0000000	0.4452153750	0.3936930313
22	2012-08-18	0.3193873636	79.0000000	0.1436574545	0.1418118636
37	2012-08-19	0.3508424054	77.0000000	0.2401359189	0.2294116757
46	2012-08-20	0.4308382391	78.0000000	0.2516005652	0.2362109565
18	2013-06-28	0.2357394444	44.0000000	0.1570481667	0.1705816111
17	2013-07-03	0.2935245294	20.0000000	0.1714504706	0.2295601765
33	2013-07-04	0.3831925152	42.0000000	0.2003705455	0.2275236667
15	2013-07-05	0.1537762667	54.0000000	0.2063703333	0.2586389333
14	2013-07-07	0.1898175000	18.0000000	0.1341291429	0.2073102857
19	2013-07-10	0.5465441053	29.0000000	0.1290285263	0.1150310000
21	2013-07-12	0.1099749524	25.0000000	0.8655132857	0.9647637619
15	2013-07-13	0.1616061333	13.0000000	0.5920106667	0.6493160667
18	2013-07-14	0.1250655000	17.0000000	0.6999293333	0.7930424444
31	2013-07-15	0.1349139032	14.0000000	0.1922229677	0.2438487742
18	2013-07-16	0.2515909444	20.0000000	0.1565042222	0.1944654444
42	2013-07-18	0.3511646429	22.0000000	0.1274970000	0.1423741667
27	2013-07-19	0.3228385556	56.0000000	0.1530950741	0.1756920741
35	2013-07-20	0.1063692286	48.0000000	0.1676484857	0.2180612286
46	2013-07-22	0.3532448913	21.0000000	0.1561997609	0.1627801522
15	2013-07-23	0.3578838000	34.0000000	0.2440090667	0.2386335333
14	2013-07-25	0.1047420714	20.0000000	0.2494510714	0.2900896429
22	2013-07-27	0.1254994091	16.0000000	0.4008845909	0.4780815455
30	2013-07-28	0.1477697000	16.0000000	0.6268141333	0.6606090667
37	2013-07-29	0.1023257027	18.0000000	0.5007162432	0.5965502162
17	2013-07-30	0.0894007647	17.0000000	0.7407524706	0.8377080000
37	2013-08-01	0.5009862973	12.0000000	0.1598499189	0.1377510270
29	2013-08-02	0.4881181724	23.0000000	0.1432300690	0.1355124138
40	2013-08-03	0.4752087250	38.0000000	0.1515343000	0.1317322000
38	2013-08-04	0.0974481316	37.0000000	0.5326226579	0.6269524737
32	2013-08-05	0.0902155313	12.0000000	0.3737078438	0.4549572188
26	2013-08-07	0.1243921923	15.0000000	0.0920304615	0.1058780385
14	2013-08-08	0.1545715714	33.0000000	0.1682591429	0.2081101429
40	2013-08-09	0.3729233250	20.0000000	0.1494770250	0.1410046500
20	2013-08-10	0.2889974000	42.0000000	0.1470241000	0.1438760500
27	2013-08-12	0.2017041111	24.0000000	0.2146805185	0.2357965926
49	2013-08-13	0.2880232857	30.0000000	0.1591815510	0.1675776939
32	2013-08-14	0.2851325938	39.0000000	0.1302067500	0.1399461250
34	2013-08-16	0.0969904118	19.0000000	0.2438670294	0.2848766471
24	2013-08-18	0.2067884167	15.0000000	0.2125293333	0.2358080833
51	2013-08-23	0.1633257647	24.0000000	0.2579589216	0.3111790784
13	2013-08-24	0.1555503077	31.0000000	0.1863559231	0.2374186923
18	2013-08-25	0.1019018333	30.0000000	0.1936572222	0.2558448333
12	2013-08-26	0.1014493333	21.0000000	0.2839346667	0.3650384167
39	2013-08-27	0.1967063590	20.0000000	0.2366080256	0.2731100769
14	2013-08-28	0.1697601429	31.0000000	0.2670073571	0.3163387143
17	2013-09-11	0.0785474706	10.0000000	0.3767355882	0.4882844706
22	2013-09-13	0.0976105000	14.0000000	0.2330567727	0.2946596818
35	2013-09-14	0.0584917143	6.0000000	0.3355418286	0.3992616286
22	2013-09-15	0.0967750455	8.0000000	0.8466095909	0.9502340455
24	2013-09-18	0.0843624583	10.0000000	0.3136406667	0.3896596250
22	2013-09-19	0.0961722727	10.0000000	0.0792246818	0.0959626364
16	2013-09-20	0.0700217500	18.0000000	0.3584311875	0.3652526875
46	2013-09-22	0.1682798043	28.0000000	0.7751380000	0.7679614130
54	2013-09-23	0.0439386296	22.0000000	0.5152277593	0.5773815926
43	2013-09-24	0.1133846744	22.0000000	0.2791136047	0.3011115581
44	2013-09-25	0.0568381364	12.0000000	0.3319353409	0.3662287045
27	2013-09-26	0.0766118889	8.0000000	0.8971364444	0.9420241852
58	2013-09-28	0.0505387414	7.0000000	0.7964449655	0.8698800172
26	2013-09-29	0.1483740385	16.0000000	0.6687527692	0.7138405385
43	2013-10-06	0.0446610930	6.0000000	0.7212805116	0.8142155814
16	2013-10-09	0.0806853750	13.0000000	0.5913541875	0.6283550625
18	2013-10-10	0.1227021667	21.0000000	0.2651636667	0.2660008333
14	2013-10-12	0.0643045000	17.0000000	0.3467540714	0.4191370000
13	2013-10-15	0.1169697692	19.0000000	0.1734089231	0.2234350000
16	2013-10-16	0.0657688125	13.0000000	0.2073710000	0.2591926875
15	2013-10-17	0.1173850667	14.0000000	0.6949710667	0.8042560000
24	2013-10-19	0.0333102083	12.0000000	0.4578385417	0.4670836667
35	2013-10-20	0.1216538857	11.0000000	1.4001264000	1.3811853429
23	2013-10-22	0.1971545652	40.0000000	0.2093618696	0.2352474348
28	2013-10-23	0.1693760357	40.0000000	0.1353390000	0.1405678214
15	2013-10-27	0.1235403333	20.0000000	0.2513412000	0.3316461333
21	2013-10-28	0.1360956667	20.0000000	0.1662419524	0.2421710952
20	2013-11-06	0.1674051500	18.0000000	1.3386384000	1.3817385000
27	2013-11-16	0.0641676296	32.0000000	0.8268202222	1.0057207407
25	2014-01-29	0.0705947600	20.0000000	0.0229707600	0.1146493600
13	2014-01-30	0.0628773846	22.0000000	-0.0485881538	0.0130501538
25	2014-01-31	0.0872917200	24.0000000	-0.0408768400	0.0182508000
22	2014-02-02	0.0728640000	18.0000000	-0.0153494091	0.0796311364
26	2014-02-03	0.0921385385	19.0000000	0.0107070385	0.0889444231
17	2014-02-04	0.0853047059	23.0000000	0.0457698235	0.1258988824
14	2014-02-05	0.0655441429	19.0000000	0.0819504286	0.1808865000
25	2014-02-09	0.0742124000	16.0000000	0.1932445200	0.3227236800
33	2014-02-10	0.1083308485	20.0000000	0.1313389091	0.2288924545
31	2014-02-11	0.0992620000	18.0000000	0.3096635806	0.4431290000
21	2014-02-13	0.1132355238	15.0000000	0.3232530476	0.4162347143
42	2014-02-14	0.1547629524	20.0000000	0.4393958095	0.5149385238
34	2014-02-15	0.0820756471	20.0000000	0.0867023235	0.1483336471
18	2014-02-16	0.1675281111	26.0000000	0.1655998333	0.2249873333
26	2014-02-17	0.0592468077	19.0000000	0.1678357692	0.2566208077
13	2014-02-18	0.0792520769	18.0000000	0.2839625385	0.3675754615
29	2014-02-20	0.0881621379	22.0000000	0.0008470690	0.0498263103
25	2014-02-23	0.0720767600	21.0000000	0.0232017200	0.0768454800
24	2014-02-24	0.0655785833	18.0000000	0.0190378333	0.0557470833
37	2014-02-25	0.0550510270	13.0000000	0.2428914865	0.3575590811
27	2014-02-26	0.0693277778	15.0000000	0.2650803704	0.3502201852
26	2014-02-27	0.1114312692	13.0000000	0.4494154231	0.5348992308
41	2014-02-28	0.0509919512	22.0000000	0.2219931951	0.3127191220
17	2014-03-01	0.0785506471	15.0000000	0.3426575294	0.4361797647
39	2014-03-02	0.0761988205	10.0000000	0.6255115641	0.7641695385
25	2014-03-03	0.0455203600	17.0000000	0.6820176400	0.7723465200
29	2014-03-04	0.0424655862	19.0000000	0.5170817586	0.6082064828
27	2014-03-05	0.0705983704	22.0000000	0.3548430000	0.4590232222
33	2014-03-06	0.1176946667	32.0000000	0.0507608485	0.0764645758
28	2014-03-07	0.0962623929	18.0000000	0.2014687857	0.2495098214
18	2014-03-10	0.0779802778	17.0000000	0.9255329444	1.0551682778
26	2014-03-11	0.0859535385	20.0000000	0.8813813462	0.9637301923
55	2014-03-12	0.1169931818	12.0000000	1.2858567636	1.3894200545
55	2014-03-13	0.0946944727	9.0000000	1.5292289455	1.6422406909
52	2014-03-15	0.0934118269	14.0000000	1.5092239615	1.5775164615
18	2014-03-16	0.0552460000	26.0000000	0.5655188333	0.6359238333
53	2014-03-17	0.0407755660	14.0000000	0.4938249057	0.5692325094
46	2014-03-18	0.1114316522	13.0000000	0.4800431739	0.4941355870
18	2014-03-19	0.0989462778	12.0000000	0.4308638333	0.4978836111
31	2014-03-20	0.0961569677	14.0000000	0.3039597742	0.3006095484
25	2014-03-21	0.1920145200	21.0000000	0.5631950800	0.6047350000
36	2014-03-25	0.1370574722	20.0000000	0.7889983889	0.8713716944
46	2014-03-26	0.1336634348	11.0000000	1.1620397174	1.2354445435
19	2014-03-29	0.1205987368	34.0000000	0.2947824211	0.4012254737
40	2014-03-30	0.0691834500	25.0000000	0.5407266500	0.6586653750
35	2014-03-31	0.0826326000	16.0000000	0.6265037429	0.7282310286
43	2014-04-01	0.1499846744	12.0000000	1.1793997674	1.2670643488
17	2014-04-02	0.1251744118	18.0000000	0.9309325294	1.0160258824
16	2014-04-03	0.0690427500	17.0000000	0.6332973125	0.6983676250
24	2014-04-06	0.1322376667	26.0000000	0.4935066667	0.5596860000
31	2014-04-08	0.1028739677	17.0000000	0.5455891935	0.6543754194
18	2014-04-09	0.2364842778	19.0000000	0.6534528889	0.7260215556
30	2014-04-10	0.1178152667	17.0000000	0.6429730000	0.7330876667
48	2014-04-14	0.0848817917	14.0000000	0.7349648542	0.8445107083
39	2014-04-15	0.0704932564	9.0000000	0.7875316154	0.9064854359
42	2014-04-16	0.0596240238	10.0000000	0.8206187381	0.8981336667
13	2014-04-17	0.0534369231	17.0000000	0.3973613077	0.4561093077
21	2014-04-18	0.1308990476	24.0000000	0.2123196667	0.2969905238
42	2014-04-20	0.1210672619	27.0000000	0.1889697857	0.2575168095
28	2014-04-21	0.0981956071	19.0000000	0.2655889643	0.3390788214
44	2014-04-22	0.0797435227	18.0000000	0.5172024545	0.5683778409
44	2014-04-23	0.1258609091	34.0000000	0.3076819773	0.3391495682
15	2014-04-25	0.1870652667	52.0000000	0.4572998667	0.5380308667
13	2014-04-26	0.1772800000	41.0000000	0.3746030000	0.4331610769
23	2014-04-27	0.1965102174	42.0000000	0.4676843913	0.5134194783
34	2014-04-28	0.1312390882	28.0000000	0.6069055000	0.6627632059
33	2014-04-29	0.1306511515	24.0000000	0.5028847576	0.5504545758
24	2014-04-30	0.1324849167	20.0000000	0.5073007917	0.5713210417
17	2014-05-01	0.1745840588	21.0000000	0.5060154706	0.5199686471
39	2014-05-02	0.2024922051	29.0000000	0.4270233077	0.4485114615
43	2014-05-04	0.0962503488	29.0000000	0.5338023953	0.6149666744
30	2014-05-05	0.1553651000	19.0000000	0.9450784000	0.9859500000
19	2014-05-06	0.1176858421	20.0000000	0.7113106842	0.7510200526
21	2014-07-09	0.0775070476	22.0000000	0.1803512381	0.4880000952
23	2014-07-10	0.1183821739	31.0000000	0.0199060870	0.2015948696
15	2014-07-12	0.3499142000	21.0000000	0.1158120000	0.1647920667
31	2014-07-14	0.0770522258	15.0000000	0.3106682903	0.7045523226
21	2014-07-19	0.1793409524	27.0000000	0.1495036667	0.2900240000
26	2014-07-21	0.1627783077	23.0000000	0.1302398077	0.2525298846
27	2014-07-24	0.2341166667	39.0000000	0.0810886667	0.1703365926
19	2014-07-25	0.2303352105	36.0000000	0.0892378947	0.1731617368
39	2014-07-27	0.5338779744	62.0000000	0.0818761282	0.0882765641
18	2014-07-30	0.0785522222	11.0000000	0.3183815556	0.6699268889
18	2014-08-01	0.2565766667	51.0000000	0.0727055556	0.1353758889
22	2014-08-18	0.4176720455	43.0000000	0.0786329545	0.0858750000
23	2014-08-25	0.0808823478	20.0000000	0.2400277826	0.4921654783
14	2014-08-26	0.1346870714	23.0000000	0.0966480714	0.2056705714
21	2014-08-30	0.0857631905	14.0000000	0.1158849048	0.2659318571
17	2014-08-31	0.1042637647	16.0000000	0.1476104118	0.3037770588
50	2014-09-01	0.0929484200	23.0000000	0.1889058600	0.3494570000
17	2014-09-06	0.3458460000	57.0000000	0.0877728235	0.1040437647
27	2014-09-09	0.1854905926	31.0000000	0.3036358519	0.3811998148
52	2014-09-10	0.1312228846	30.0000000	0.2579428462	0.3579030385
22	2014-09-11	0.1285802273	21.0000000	0.3429885909	0.4397154545
30	2014-10-01	0.0384599667	10.0000000	0.5515585000	0.6719667667
35	2014-10-02	0.1289977143	14.0000000	0.3638232286	0.4169492286
46	2014-10-03	0.4212964130	77.0000000	0.0814923913	0.0561293913
53	2014-10-04	0.2841145849	71.0000000	0.1154056604	0.0944265660
45	2014-10-05	0.2610153556	79.0000000	0.1343786444	0.1165060444
30	2014-10-06	0.2441624667	69.0000000	0.1591307000	0.1367562333
18	2014-10-07	0.1964560556	74.0000000	0.1651182778	0.1630072222
25	2014-10-08	0.0675707600	14.0000000	0.9870746400	1.0926080400
18	2014-10-09	0.0549638333	12.0000000	0.7431347222	0.8436563889
16	2014-10-10	0.0912037500	10.0000000	0.8941966250	0.9719921250
26	2014-10-11	0.1437397692	9.0000000	0.3095283846	0.3839925385
22	2014-10-12	0.0964393636	20.0000000	1.0189390000	1.1076752727
18	2014-10-13	0.0877216111	25.0000000	0.1726633333	0.2532226111
49	2014-10-15	0.0825971020	11.0000000	0.5137625714	0.5993664694
46	2014-10-16	0.1111792391	14.0000000	0.8912744348	0.9810765652
45	2014-10-17	0.0998088667	20.0000000	0.7390741111	0.8306260444
16	2014-10-19	0.0617887500	25.0000000	0.8107271875	0.9302656875
20	2014-10-21	0.0854471000	23.0000000	0.7697012500	0.8742108000
31	2014-10-23	0.0718009355	13.0000000	0.2810526774	0.3600998710
25	2014-10-24	0.0669242800	11.0000000	0.5137062400	0.5926175600
39	2014-10-25	0.0902512564	17.0000000	0.3252993077	0.3901021282
26	2014-10-27	0.1392103077	14.0000000	0.7958202692	0.8540890769
45	2014-10-28	0.0606318222	12.0000000	0.2375870000	0.3092370444
24	2014-10-29	0.0848603750	17.0000000	0.0941778750	0.1353176667
16	2014-10-30	0.0530016875	13.0000000	0.1524155625	0.1709501250
36	2014-11-01	0.1509890556	22.0000000	0.7680641944	0.8299622222
17	2014-11-02	0.0576815882	12.0000000	0.2018958824	0.3031796471
12	2014-11-08	0.1447489167	15.0000000	0.8782860833	0.9695105833
25	2014-11-09	0.1699916800	21.0000000	0.4153023200	0.4865763200
35	2014-11-10	0.1594812571	30.0000000	0.1098398286	0.1632424571
33	2014-11-11	0.0989797273	21.0000000	0.1290203333	0.2060216364
22	2014-11-12	0.0962665455	16.0000000	0.1356910455	0.2177086364
30	2014-11-13	0.0927681333	10.0000000	0.4504963000	0.5507030667
39	2014-11-14	0.1161279487	16.0000000	0.4077317179	0.5002747949
23	2014-11-15	0.0927301739	19.0000000	0.2610688696	0.3381268261
30	2014-11-16	0.0946293333	15.0000000	0.1703262667	0.2654239333
27	2014-11-18	0.1284589630	26.0000000	0.1604438889	0.2512884444
22	2014-11-21	0.1111291364	28.0000000	0.0576100455	0.1133164545
30	2014-11-27	0.0751747667	28.0000000	0.1668859333	0.2269748333
32	2014-11-28	0.0621896250	17.0000000	0.4810016250	0.5880107813
21	2014-11-29	0.0898235714	11.0000000	0.8748861905	0.9601101905
13	2014-12-02	0.0635824615	31.0000000	0.2259055385	0.3180516154
36	2014-12-07	0.0754316111	23.0000000	0.1509589722	0.2059325278
33	2014-12-08	0.0516726364	26.0000000	0.2836029394	0.3164110606
36	2014-12-09	0.0529196667	22.0000000	0.3622328611	0.4503066389
14	2014-12-11	0.0817406429	29.0000000	0.4760249286	0.5732840714
12	2014-12-17	0.0763941667	19.0000000	0.7451116667	0.8678949167
22	2014-12-20	0.0629937273	17.0000000	0.2064774091	0.2644951364
40	2014-12-21	0.0428366750	16.0000000	0.2739343750	0.3693191500
12	2015-01-15	0.0906565833	22.0000000	0.0994735833	0.1537083333
19	2015-01-16	0.1398480000	23.0000000	0.5421403158	0.6168890526
29	2015-01-17	0.1493971379	12.0000000	0.8366062069	0.9323568966
24	2015-01-18	0.1188176667	12.0000000	1.0818266250	1.1731413750
45	2015-01-19	0.0709231556	16.0000000	0.7736803333	0.9140418889
23	2015-01-24	0.0929856087	20.0000000	0.4580301304	0.5480040870
32	2015-01-25	0.0599768750	11.0000000	0.4025598125	0.4920781250
42	2015-01-27	0.1092927381	18.0000000	0.3043789524	0.3910849762
23	2015-01-28	0.1214762174	15.0000000	0.7093724783	0.7953928696
20	2015-01-29	0.0837455000	22.0000000	0.6240808000	0.7513084000
43	2015-01-31	0.0399286047	17.0000000	0.6230679070	0.7588455349
24	2015-02-01	0.0653299583	19.0000000	0.3692727917	0.4705322500
12	2015-02-02	0.1445464167	42.0000000	0.0409231667	0.0767382500
33	2015-02-03	0.0889839697	32.0000000	0.2909899091	0.3613322727
28	2015-02-05	0.0689056786	19.0000000	0.3064283929	0.3977883929
27	2015-02-06	0.0751004815	16.0000000	0.4626452963	0.5644202593
30	2015-02-07	0.0543210000	8.0000000	0.6735402000	0.7929359000
22	2015-02-09	0.0793601364	19.0000000	0.6009620909	0.6774553636
17	2015-02-10	0.0541114118	13.0000000	0.4556545294	0.5067186471
13	2015-02-11	0.1595371538	12.0000000	0.8812754615	0.9909470000
38	2015-02-17	0.0758251316	27.0000000	0.2694728947	0.3516794211
18	2015-02-18	0.0887341111	27.0000000	0.0935773889	0.1562810556
14	2015-02-19	0.1126038571	22.0000000	0.1192472143	0.1698617857
46	2015-02-20	0.0934940652	18.0000000	0.1229999783	0.1728888478
17	2015-02-23	0.0938052941	27.0000000	0.0618707647	0.0955344118
24	2015-02-24	0.0934913750	23.0000000	0.1956984583	0.2461022500
42	2015-02-25	0.0678259286	17.0000000	0.2124486667	0.2687994048
21	2015-02-27	0.0825563333	23.0000000	-0.0005211905	0.0117882857
17	2015-03-01	0.1196132941	27.0000000	-0.0120957647	0.0008641176
13	2015-03-02	0.2072470000	35.0000000	0.0036707692	0.0421997692
21	2015-03-03	0.1370575238	37.0000000	-0.0070345714	0.0005058095
36	2015-03-04	0.0938228889	25.0000000	0.0482933889	0.0673632222
40	2015-03-06	0.0987842500	29.0000000	0.2551166000	0.3043919250
17	2015-03-14	0.1341337059	36.0000000	0.5105080000	0.6050802941
46	2015-03-17	0.1140071957	37.0000000	0.3661456957	0.4226355870
38	2015-03-18	0.0788257105	30.0000000	0.3033558947	0.3336681316
28	2015-03-19	0.1044698214	30.0000000	0.2333894643	0.2488960000
20	2015-03-20	0.1085104500	29.0000000	0.2897263500	0.3091565000
34	2015-03-21	0.0845542353	31.0000000	0.4872738529	0.5509772647
25	2015-03-24	0.0806450400	8.0000000	0.5557969200	0.7040690800
19	2015-03-25	0.0713622632	13.0000000	0.6159643158	0.7841444737
13	2015-03-26	0.0763140769	17.0000000	0.2674323846	0.3341188462
25	2015-03-27	0.0741086400	21.0000000	0.2687708400	0.3540871600
34	2015-03-28	0.1078617941	18.0000000	0.3062671176	0.3788876471
40	2015-03-29	0.0741724250	18.0000000	0.2740362250	0.3270738250
16	2015-04-01	0.0955228750	23.0000000	0.5660633750	0.6503025625
15	2015-04-05	0.0835436667	24.0000000	0.4760268667	0.5453106667
15	2015-04-14	0.1136438000	16.0000000	0.2915168667	0.3917499333
40	2015-04-15	0.1184787500	17.0000000	0.3528760250	0.4267278500
51	2015-04-16	0.0855560000	17.0000000	0.3575362941	0.4260004706
16	2015-04-17	0.1010206250	14.0000000	0.4740815000	0.5754218125
42	2015-04-18	0.1600629524	16.0000000	0.3173660476	0.3787287857
40	2015-04-19	0.2287703000	38.0000000	0.2904549250	0.3295813250
30	2015-04-20	0.1830106333	26.0000000	0.2450118000	0.2814143000
26	2015-04-21	0.1145718462	17.0000000	0.4959677308	0.5921890000
38	2015-04-22	0.0771577368	12.0000000	0.2501000526	0.3366997632
18	2015-04-23	0.1163142778	12.0000000	0.6449646111	0.7231743333
33	2015-04-24	0.1541053333	16.0000000	0.9041100303	0.9563065152
30	2015-04-25	0.1658563667	31.0000000	0.3859763000	0.4399779667
35	2015-04-26	0.1774638857	50.0000000	0.2751948857	0.3140845429
34	2015-04-27	0.1627035294	51.0000000	0.2982798235	0.3216128529
33	2015-04-29	0.4008909394	83.0000000	0.1675013030	0.1397886061
39	2015-05-01	0.2164351026	53.0000000	0.2270366154	0.2269857949
28	2015-05-02	0.2208495714	53.0000000	0.3157894643	0.3636951071
33	2015-05-03	0.1834537273	26.0000000	0.6194225758	0.7077469697
48	2015-05-04	0.2984845833	36.0000000	0.2919091875	0.3101232292
46	2015-05-05	0.2387097174	35.0000000	0.2836545652	0.3028930652
46	2015-05-07	0.4234837826	76.0000000	0.1856613261	0.1850519565
31	2015-05-08	0.3837644516	71.0000000	0.1742472903	0.1715304194
27	2015-05-13	0.3241134815	31.0000000	0.1823818889	0.1886788148
20	2015-05-19	0.2019458000	53.0000000	0.2408354000	0.2576084000
23	2015-05-26	0.0920013478	25.0000000	0.3541303913	0.4054983478
34	2015-05-27	0.0619720882	9.0000000	0.7013493235	0.7720605588
16	2015-06-02	0.1592351875	12.0000000	0.4619191875	0.5475360625
50	2015-06-03	0.1059253600	9.0000000	0.4561121600	0.5572971400
27	2015-06-04	0.1908191111	17.0000000	0.4787267037	0.5472280000
20	2015-06-05	0.1934157000	25.0000000	0.3775185000	0.4354587000
15	2015-06-06	0.4124831333	37.0000000	0.2010547333	0.2364862667
14	2015-06-09	0.4471772857	34.0000000	0.0490479286	0.0551209286
16	2015-06-11	0.0925743750	14.0000000	0.2774342500	0.3823034375
21	2015-06-12	0.1499448095	25.0000000	0.1602786190	0.2274373333
30	2015-06-13	0.3745250667	59.0000000	0.0646177000	0.0662149000
38	2015-06-14	0.4232889737	49.0000000	0.0665761053	0.0718380526
38	2015-06-15	0.3614310263	52.0000000	0.1317463947	0.1298024737
32	2015-06-19	0.6465104688	48.0000000	0.0664340313	0.0485684375
28	2015-06-20	0.3664870357	48.0000000	0.1535065714	0.1624734286
28	2015-06-21	0.1392254643	20.0000000	0.2674283214	0.3331758214
19	2015-06-24	0.6107455263	63.0000000	0.0822432632	0.0572625789
46	2015-06-25	0.3134094565	28.0000000	0.1528797174	0.1652972391
38	2015-06-26	0.2686155263	22.0000000	0.0975549474	0.0965626316
26	2015-06-27	0.3464626923	49.0000000	0.0708600385	0.0731727692
37	2015-06-29	0.5196268649	76.0000000	0.0858276216	0.0817855676
31	2015-07-02	0.4416862903	29.0000000	0.0993474194	0.1009081290
29	2015-07-05	0.1743713448	36.0000000	0.3166363793	0.3726718966
27	2015-07-06	0.2731994074	19.0000000	0.1896274815	0.2064225926
36	2015-07-07	0.3194187500	30.0000000	0.1455344167	0.1511673889
15	2015-07-15	0.3218104000	48.0000000	0.2253296000	0.2537288000
32	2015-07-17	0.2840369688	64.0000000	0.2045393438	0.2224775938
21	2015-07-22	0.2096491429	29.0000000	0.2270690476	0.2559857143
13	2015-07-24	0.2615328462	31.0000000	0.2591180000	0.2831720769
16	2015-07-25	0.0846206875	15.0000000	0.3647288750	0.4258452500
24	2015-08-02	0.0994830000	16.0000000	0.3559818333	0.4156742083
19	2015-08-03	0.2991750000	47.0000000	0.1142583158	0.1172558947
28	2015-08-04	0.1724422143	32.0000000	0.2759365000	0.3446952500
30	2015-08-05	0.1103812667	17.0000000	0.3968257000	0.4965737333
21	2015-08-06	0.0897496190	15.0000000	0.3999124286	0.4802724286
13	2015-08-07	0.1374850000	18.0000000	0.3149350000	0.3733081538
24	2015-08-08	0.1292620000	24.0000000	0.2826677083	0.3195315833
45	2015-08-09	0.1259473111	17.0000000	0.3106742667	0.3744150444
35	2015-08-10	0.1024126286	14.0000000	0.3836103714	0.4671991714
22	2015-08-13	0.0683733636	13.0000000	0.4642496364	0.5820135000
35	2015-08-14	0.0939251143	17.0000000	0.2184960857	0.2716044571
42	2015-08-17	0.0755498810	15.0000000	0.3914142381	0.4771672143
51	2015-08-18	0.0620744902	12.0000000	0.4474415294	0.5375627059
36	2015-08-19	0.0664809444	13.0000000	0.3105389444	0.3782760833
36	2015-08-20	0.3223338056	30.0000000	0.1403129444	0.1378319722
34	2015-08-21	0.3952421176	53.0000000	0.1337707353	0.1178210882
53	2015-08-22	0.3137474340	39.0000000	0.1581868113	0.1396416226
29	2015-08-23	0.1544316552	26.0000000	0.2400756552	0.2698063793
35	2015-08-24	0.1232827143	21.0000000	0.1343271429	0.1819752000
38	2015-08-26	0.4268910526	65.0000000	0.0556896579	0.0550257632
22	2015-09-02	0.1858642727	14.0000000	0.2815084545	0.2836001818
30	2015-09-04	0.1542582333	28.0000000	0.3680909667	0.3985962333
23	2015-09-05	0.1522010000	17.0000000	0.6622022174	0.6731080870
33	2015-09-06	0.1445302727	30.0000000	0.4140843030	0.4366490000
15	2015-09-07	0.1211543333	18.0000000	0.2050472000	0.2150492667
31	2015-09-08	0.0517139677	9.0000000	0.5509310645	0.6602588710
17	2015-09-09	0.0811024118	15.0000000	0.3648350588	0.4323707059
40	2015-09-18	0.1375935500	14.0000000	0.2714442750	0.3265767500
42	2015-09-19	0.1106089762	14.0000000	0.4436262143	0.5255620476
44	2015-09-20	0.0733781136	15.0000000	0.5049137045	0.5681247500
27	2015-09-21	0.0634458519	12.0000000	0.6598581481	0.7600332222
29	2015-09-22	0.0713442759	10.0000000	0.9279225172	1.0352834483
30	2015-09-25	0.1772089000	13.0000000	0.6718151333	0.7547298333
55	2015-09-26	0.0958758727	10.0000000	1.0886314545	1.1427501455
56	2015-09-27	0.1014966786	9.0000000	1.4352000714	1.4733611786
35	2015-09-28	0.0801638857	6.0000000	1.0149238000	1.1231560571
51	2015-09-29	0.0634822353	12.0000000	0.9173399216	1.0216670980
24	2015-09-30	0.0903933333	11.0000000	1.0080882083	1.0878916250
14	2015-10-06	0.2690989286	17.0000000	0.0821317857	0.1250044286
41	2015-10-07	0.1367100000	32.0000000	0.2743194390	0.3617630000
22	2015-10-08	0.0859616818	20.0000000	0.2526711364	0.3071454545
32	2015-10-10	0.2760578438	57.0000000	0.1479321875	0.1492813438
27	2015-10-11	0.1790945185	26.0000000	0.1782560741	0.2000787037
30	2015-10-12	0.1200836333	22.0000000	0.2840214667	0.3530535667
49	2015-10-13	0.0813923061	15.0000000	0.2633276327	0.3409454898
44	2015-10-14	0.0852864773	17.0000000	0.2863710000	0.3524046591
36	2015-10-15	0.0614619167	10.0000000	0.5292512222	0.6305920278
18	2015-10-16	0.0627855556	11.0000000	0.4220778333	0.5154576667
26	2015-10-17	0.1178975385	12.0000000	0.4940999615	0.5634366538
32	2015-10-18	0.1690056875	6.0000000	1.0214099375	1.0679151875
27	2015-10-19	0.0725861852	7.0000000	0.7625434815	0.8672570741
41	2015-10-20	0.0946657805	8.0000000	0.9499033659	1.0230446829
53	2015-10-21	0.2091889434	25.0000000	1.3973500000	1.3938161321
34	2015-10-22	0.0844240294	25.0000000	0.6476983824	0.7497902941
22	2015-10-23	0.1057761364	15.0000000	0.7791883636	0.8868469545
18	2015-10-28	0.0788810000	15.0000000	0.5200121667	0.6259633889
21	2015-10-29	0.0746611905	11.0000000	0.5241161429	0.6084078571
32	2015-10-30	0.0765114063	25.0000000	0.3490985625	0.4334386875
21	2015-10-31	0.0660649524	23.0000000	0.3652748571	0.4563117143
33	2015-11-02	0.0802383333	15.0000000	0.1997226970	0.2584358485
23	2015-11-05	0.0814994783	16.0000000	0.2768818696	0.3375719130
15	2015-11-10	0.1312021333	30.0000000	0.0462548000	0.0893564667
27	2015-11-12	0.0745223333	17.0000000	0.3461734444	0.4339045926
31	2015-11-14	0.0645311935	12.0000000	0.5410687419	0.6615258065
20	2015-11-15	0.0625375500	23.0000000	0.2789658000	0.3530518500
18	2015-11-16	0.0758952778	20.0000000	0.1487598889	0.2210775556
13	2015-11-17	0.2551473077	30.0000000	-0.0486067692	-0.0152336923
28	2015-11-19	0.1088697857	28.0000000	0.3302864643	0.3837572857
45	2015-11-20	0.0753950222	31.0000000	0.1698106444	0.2137368889
31	2015-11-23	0.1326587742	19.0000000	0.7760042258	0.8406685161
18	2015-11-25	0.0755498333	18.0000000	0.8306782222	0.9712417778
15	2015-12-01	0.1140677333	20.0000000	0.1980181333	0.2572578667
15	2015-12-02	0.1018429333	13.0000000	0.3228932000	0.4213490000
30	2015-12-03	0.0947826333	19.0000000	0.1682876667	0.2319637667
16	2015-12-07	0.0814835625	17.0000000	0.5221800625	0.6461280000
30	2015-12-08	0.1065774000	15.0000000	0.4666340000	0.5521509667
36	2015-12-09	0.0807859722	16.0000000	0.2610052778	0.3396251667
45	2015-12-10	0.0818683778	12.0000000	0.5090656222	0.5888348444
37	2015-12-11	0.1233761351	25.0000000	0.1794348649	0.2329531622
39	2015-12-12	0.1115560769	30.0000000	0.0833605641	0.1138109744
23	2015-12-15	0.0614822609	17.0000000	0.2323201739	0.2871900000
34	2015-12-18	0.0928855882	14.0000000	0.2185012353	0.2901162353
24	2015-12-31	0.1057845000	22.0000000	0.0654942917	0.1188780000
22	2016-01-01	0.1038144091	25.0000000	0.0606137727	0.1110620909
15	2016-05-07	0.1273764000	33.0000000	0.4260822667	0.5305318667
18	2016-05-20	0.1381827222	16.0000000	0.3955308889	0.4462942222
16	2016-05-22	0.2162670625	39.0000000	0.1665218750	0.1691449375
12	2016-05-23	0.2541158333	46.0000000	0.2689935000	0.3187465833
39	2016-06-18	0.1017138718	18.0000000	0.4527433846	0.5386684872
15	2016-06-22	0.1098661333	23.0000000	0.2251092667	0.2867401333
16	2016-06-26	0.4131092500	31.0000000	0.1464164375	0.1301714375
20	2016-06-27	0.1710290000	25.0000000	0.2731266500	0.3042098500
16	2016-07-03	0.3658473750	42.0000000	0.1059211250	0.1049105625
20	2016-07-08	0.1441766000	19.0000000	0.2838845000	0.3220596000
13	2016-07-11	0.5259409231	52.0000000	0.0790898462	0.0755753077
20	2016-07-12	0.1576237500	20.0000000	0.2307373500	0.2658593000
17	2016-07-13	0.0935987647	17.0000000	0.3589422941	0.4410660000
20	2016-07-17	0.2147698500	30.0000000	0.1738022000	0.1857526000
20	2016-07-18	0.1464879500	19.0000000	0.2962761500	0.3423486000
15	2016-08-02	0.2077918667	43.0000000	0.2630777333	0.3254261333
20	2016-08-04	0.1575992000	26.0000000	0.1705157500	0.2128856000
36	2016-08-07	0.1183331389	16.0000000	0.7849658333	0.8580430556
22	2016-08-08	0.1608306364	24.0000000	0.2815760909	0.3236365000
31	2016-08-09	0.1255141935	27.0000000	0.3540019355	0.4141174516
31	2016-08-15	0.2363338710	30.0000000	0.2177330323	0.2491256774
45	2016-08-18	0.2859621333	31.0000000	0.2221670667	0.2549995333
46	2016-08-19	0.2305253696	44.0000000	0.2575446522	0.2876241739
32	2016-08-20	0.2388436875	36.0000000	0.3290683750	0.3624666875
27	2016-08-21	0.1059543704	22.0000000	0.5699528889	0.6378746667
43	2016-08-22	0.1196484884	19.0000000	0.5772993488	0.6422144419
35	2016-08-23	0.0780558857	15.0000000	0.5837377143	0.6567096857
32	2016-08-31	0.1831137500	26.0000000	0.2055223750	0.2284534375
29	2016-09-02	0.1610015517	22.0000000	0.1663560345	0.2060129655
30	2016-09-03	0.4881346000	54.0000000	0.0905296000	0.0875241667
16	2016-09-07	0.1123080000	22.0000000	0.4061574375	0.4594693750
26	2016-09-08	0.0823484231	18.0000000	0.3569601538	0.3990776538
16	2016-09-10	0.1540433125	31.0000000	0.5728701250	0.6183602500
13	2016-09-12	0.1725536923	20.0000000	0.3462824615	0.3789729231
45	2016-09-14	0.1223360444	18.0000000	0.5053712667	0.5911943778
48	2016-09-15	0.1134109375	20.0000000	0.5032212917	0.5910783958
39	2016-10-12	0.1248382821	32.0000000	0.4444532821	0.4893225385
24	2016-10-15	0.0536656250	20.0000000	0.7516507917	0.7921472500
23	2016-11-14	0.0863558696	13.0000000	0.3315686087	0.4035783478
