nbdates	date	aot_440_daily	pm10	angstrom440_870	angstrom440_675
23	2006-09-14	0.0669897391	22.458	0.4126412609	-9.9999990000
18	2006-09-15	0.3686441111	76.042	0.1067477222	-9.9999990000
38	2006-09-18	0.0986827105	32.958	0.5119494737	-9.9999990000
31	2006-09-19	0.1092899355	47.833	0.5006129032	-9.9999990000
16	2006-09-20	0.1253341250	21.917	0.7988840000	-9.9999990000
36	2006-09-21	0.1409820000	20.000	1.2060269444	-9.9999990000
40	2006-09-22	0.0862501250	21.083	0.4254455250	-9.9999990000
27	2006-09-23	0.0599207407	22.125	0.1963055556	-9.9999990000
33	2006-09-27	0.0804375152	25.708	0.5536073030	-9.9999990000
29	2006-09-29	0.1821583103	37.792	0.2567582759	-9.9999990000
22	2006-09-30	0.1178005909	28.083	0.2940325455	-9.9999990000
20	2007-01-10	0.0640051500	33.625	0.3857279500	-9.9999990000
16	2007-01-11	0.1181853750	32.417	0.1133872500	-9.9999990000
12	2007-03-27	0.0607832500	15.667	0.4511193333	-9.9999990000
14	2007-03-28	0.0584129286	14.333	0.5152745714	-9.9999990000
12	2007-04-04	0.1029749167	16.708	1.0130505833	-9.9999990000
33	2007-04-09	0.0561926061	12.500	0.7961602727	-9.9999990000
19	2007-04-10	0.0693192105	12.458	0.5980872632	-9.9999990000
31	2007-04-12	0.0643805806	17.292	0.5481125161	-9.9999990000
25	2007-04-13	0.0382408400	13.875	0.6810404400	-9.9999990000
17	2007-04-15	0.0879122941	12.458	0.3526451765	-9.9999990000
22	2007-04-16	0.1240582273	20.083	0.4716678636	-9.9999990000
23	2007-04-17	0.1524329565	31.292	0.5976597826	-9.9999990000
29	2007-04-18	0.1821826897	33.500	0.4977400000	-9.9999990000
28	2007-04-19	0.1438564643	44.500	0.3925524643	-9.9999990000
20	2007-04-20	0.3292825000	43.167	0.3160507000	-9.9999990000
26	2007-04-21	0.2084515769	46.292	0.2573208462	-9.9999990000
21	2007-04-22	0.0982428571	45.292	0.3797799524	-9.9999990000
24	2007-04-23	0.1428067500	29.625	0.3710538750	-9.9999990000
15	2007-04-24	0.1382905333	25.208	0.3820039333	-9.9999990000
16	2007-04-25	0.0410981250	19.708	0.4107600000	-9.9999990000
18	2007-04-27	0.0842100556	17.583	0.2881051111	-9.9999990000
22	2007-05-13	0.1899596364	52.667	0.1806875909	-9.9999990000
12	2007-05-14	0.4605271667	69.875	0.1327671667	-9.9999990000
12	2007-05-16	0.3428793333	72.833	0.1382576667	-9.9999990000
17	2007-05-17	0.3977695294	81.583	0.1392473529	-9.9999990000
12	2007-05-23	0.0762232500	15.167	0.1168359167	-9.9999990000
17	2007-06-21	0.4692321176	46.833	0.0394258235	-9.9999990000
31	2007-06-23	0.2348974839	20.292	0.1213985484	-9.9999990000
21	2007-06-24	0.2321268571	27.958	0.0813939048	-9.9999990000
15	2007-06-28	0.1135849333	21.208	0.2934268000	-9.9999990000
14	2007-07-01	0.4726410714	64.375	0.0720860000	-9.9999990000
30	2007-07-02	0.3824577333	75.478	0.0838030000	-9.9999990000
36	2007-07-03	0.0523881667	16.696	0.7944679167	-9.9999990000
29	2007-07-11	0.2273364483	30.696	0.1508132759	-9.9999990000
28	2007-07-12	0.4710045714	49.957	0.0868984643	-9.9999990000
13	2007-07-13	0.5692946923	61.044	0.1000841538	-9.9999990000
16	2007-07-14	0.0699559375	25.957	0.1658487500	-9.9999990000
21	2008-01-14	0.1417306190	31.913	0.1033201905	-9.9999990000
16	2008-02-15	0.0774223125	23.652	0.0389743750	-9.9999990000
15	2008-02-16	0.0438427333	18.957	0.2526056667	-9.9999990000
17	2008-02-17	0.0827806471	17.652	0.2851061176	-9.9999990000
16	2008-02-19	0.0934686875	23.826	0.1530068125	-9.9999990000
17	2008-02-20	0.0778580588	18.870	-0.0210985882	-9.9999990000
49	2008-02-22	0.0559001837	21.261	0.1432424898	-9.9999990000
22	2008-02-23	0.0588260000	18.957	0.0793265000	-9.9999990000
34	2008-02-24	0.0484172353	15.478	0.0924289118	-9.9999990000
15	2008-02-25	0.0653948000	17.522	0.1322218667	-9.9999990000
17	2008-03-04	0.0642632941	16.174	0.2808634706	-9.9999990000
37	2008-03-08	0.1029080270	23.174	0.4736686757	-9.9999990000
27	2008-03-09	0.0862092222	18.348	0.4552176667	-9.9999990000
21	2008-03-10	0.0684328571	26.565	0.1680738095	-9.9999990000
15	2008-03-11	0.0761646667	24.348	0.2916132667	-9.9999990000
22	2008-03-12	0.0582402273	15.174	0.4241028182	-9.9999990000
37	2008-03-13	0.0750911892	18.348	0.4651834324	-9.9999990000
14	2008-03-15	0.0945483571	12.913	0.5104645000	-9.9999990000
34	2008-03-16	0.0787962353	12.696	0.9357881471	-9.9999990000
29	2008-03-17	0.0431073448	18.792	0.7565546897	-9.9999990000
15	2008-03-18	0.0610255333	15.652	1.1400837333	-9.9999990000
19	2008-03-22	0.0820318421	19.522	0.7131711053	-9.9999990000
15	2008-03-23	0.0817660000	19.826	0.4514182667	-9.9999990000
57	2008-04-07	0.0665617193	20.304	0.3469891228	-9.9999990000
25	2008-04-08	0.0835260400	16.652	0.2178148000	-9.9999990000
16	2008-04-09	0.0703654375	17.955	0.2138843125	-9.9999990000
44	2008-04-10	0.0509027500	18.174	0.6475345000	-9.9999990000
14	2008-04-15	0.0974517143	16.087	0.3590609286	-9.9999990000
19	2008-04-16	0.0913606316	22.826	0.1110613158	-9.9999990000
29	2008-04-18	0.0835428966	19.087	0.2999606552	-9.9999990000
36	2008-04-19	0.0797271667	19.000	0.2389981111	-9.9999990000
33	2008-04-21	0.2431851515	33.391	0.2728052727	-9.9999990000
48	2008-04-22	0.2191036875	48.913	0.2368037708	-9.9999990000
20	2008-04-23	0.1866840500	48.130	0.2265731000	-9.9999990000
13	2008-04-24	0.1753695385	44.609	0.2038267692	-9.9999990000
13	2008-04-28	0.1656126154	31.130	0.3102834615	-9.9999990000
35	2008-04-29	0.1710449429	28.870	0.2800323714	-9.9999990000
23	2008-04-30	0.1581215217	21.609	0.3795577391	-9.9999990000
12	2008-05-05	0.1035735833	21.667	0.4488117500	-9.9999990000
16	2008-05-07	0.3763748125	113.087	0.0778081250	-9.9999990000
12	2008-05-08	0.5796454167	114.870	0.1110532500	-9.9999990000
16	2008-05-11	0.2366549375	29.609	0.2334801250	-9.9999990000
33	2008-05-12	0.1172874242	25.304	0.4317545152	-9.9999990000
32	2008-05-13	0.1082954375	30.391	0.2510264063	-9.9999990000
41	2008-05-14	0.1418604390	21.000	0.2654498537	-9.9999990000
37	2008-05-15	0.1496020000	22.087	0.5422876486	-9.9999990000
57	2008-05-16	0.0913519649	18.826	0.4232083684	-9.9999990000
53	2008-05-17	0.0976740377	20.391	0.3873603774	-9.9999990000
13	2008-05-18	0.1400040769	25.870	0.3217373846	-9.9999990000
13	2008-05-19	0.1373431538	28.087	0.2682273077	-9.9999990000
26	2008-05-20	0.0870566154	15.174	0.5118942308	-9.9999990000
31	2008-05-21	0.1132681290	18.783	0.3827479355	-9.9999990000
19	2008-05-22	0.0901896316	17.000	0.4053924737	-9.9999990000
20	2008-05-23	0.1048429500	18.739	0.4138551500	-9.9999990000
35	2008-05-24	0.0878947143	16.391	0.3109272857	-9.9999990000
34	2008-05-25	0.0924345000	13.696	0.4865248235	-9.9999990000
25	2008-05-26	0.1333695600	21.261	0.3685746000	-9.9999990000
12	2008-05-28	0.3030660000	37.391	0.1222875000	-9.9999990000
33	2008-05-31	0.1043069091	17.348	0.4112137879	-9.9999990000
15	2008-06-02	0.1258072000	20.435	0.1864677333	-9.9999990000
22	2008-06-03	0.0838457727	19.739	0.2427416818	-9.9999990000
16	2008-06-09	0.1878141875	33.044	0.1065505625	-9.9999990000
26	2008-06-10	0.1322465769	28.522	0.2181718846	-9.9999990000
38	2008-06-11	0.1607787895	29.391	0.1773144474	-9.9999990000
24	2008-06-14	0.2511301250	41.478	0.1108675000	-9.9999990000
42	2008-06-15	0.2266714048	58.217	0.1365026905	-9.9999990000
18	2008-06-16	0.2450493333	62.130	0.1353916667	-9.9999990000
26	2008-06-17	0.1557323077	39.826	0.1024326538	-9.9999990000
32	2008-06-18	0.3549232813	37.044	0.0977901875	-9.9999990000
12	2008-06-26	0.3378470000	23.826	0.0579953333	-9.9999990000
19	2008-07-01	0.3201575263	27.478	0.1283044737	-9.9999990000
24	2008-07-04	0.1471903333	19.727	0.1893901667	-9.9999990000
12	2008-07-05	0.1576340000	23.522	0.1093840000	-9.9999990000
15	2008-07-06	0.2855515333	41.783	0.0203553333	-9.9999990000
12	2008-07-08	0.1108977500	22.435	0.1140025000	-9.9999990000
14	2008-07-09	0.1510732143	16.609	0.2571343571	-9.9999990000
25	2008-07-10	0.3594348800	49.522	0.0713625600	-9.9999990000
16	2008-07-11	0.4313146250	51.864	0.1335558750	-9.9999990000
14	2008-07-12	0.2201763571	25.550	0.1779505000	-9.9999990000
14	2008-07-17	0.1766709286	17.913	0.0956222857	-9.9999990000
27	2008-07-18	0.3066782593	28.000	0.1374684815	-9.9999990000
38	2008-07-19	0.2694846316	40.261	0.1238763421	-9.9999990000
45	2008-07-20	0.4326363556	35.522	0.1117742889	-9.9999990000
18	2008-07-21	0.5381773889	35.696	0.1086982222	-9.9999990000
20	2008-07-22	0.3246501000	30.609	0.1349705000	-9.9999990000
35	2008-07-23	0.1470369143	18.304	0.1957454571	-9.9999990000
36	2008-07-24	0.0904904444	16.522	0.1572725556	-9.9999990000
21	2008-07-25	0.1995417143	25.913	0.1047890000	-9.9999990000
27	2008-07-26	0.2283751481	27.000	0.0566544444	-9.9999990000
54	2008-07-27	0.1238699074	21.478	0.1208817963	-9.9999990000
42	2008-07-28	0.1135977857	22.826	0.0843684524	-9.9999990000
23	2008-08-02	0.2810239130	36.565	0.0451360000	-9.9999990000
37	2008-08-03	0.2753842973	46.304	0.0741210811	-9.9999990000
40	2008-08-04	0.1981735000	36.696	0.1068419500	-9.9999990000
33	2008-08-06	0.6926456667	60.913	0.0389573636	-9.9999990000
30	2008-08-07	0.1503710667	23.000	0.1982035333	-9.9999990000
40	2008-08-08	0.0920061000	19.609	0.1841488250	-9.9999990000
40	2008-08-09	0.2401902500	34.261	0.0931113000	-9.9999990000
33	2008-08-10	0.3604025758	51.000	0.0843572424	-9.9999990000
14	2008-08-11	0.3054706429	43.000	0.1255243571	-9.9999990000
16	2009-03-14	0.0996793125	23.087	0.2797858750	0.3451500625
32	2009-03-16	0.0528915313	15.000	0.5440127813	0.6333070313
32	2009-03-17	0.1035425313	21.304	0.3965952813	0.4536430938
27	2009-03-18	0.0780676667	19.696	0.4111822963	0.4611007778
24	2009-03-19	0.0666732083	16.000	0.4617756250	0.5656041667
41	2009-03-20	0.0726131220	16.833	0.4950363171	0.6110068049
15	2009-03-23	0.0778058000	20.667	0.6680784667	0.8461554000
12	2009-03-27	0.1367723333	25.042	0.3893582500	0.5015844167
13	2009-03-28	0.1365297692	22.875	0.2464503846	0.3430375385
12	2009-04-01	0.0826271667	22.700	0.4716513333	0.6022195000
14	2009-04-02	0.0609265714	12.875	0.5850252857	0.7432809286
15	2009-04-03	0.0571146000	12.292	0.5301102667	0.7027508000
32	2009-04-05	0.0783315000	12.125	0.9618923125	1.0268820625
13	2009-04-06	0.0715329231	13.375	0.9471513077	1.0303833077
22	2009-04-07	0.0704360909	14.542	0.9619909091	1.0423289091
28	2009-04-08	0.1088177143	18.583	0.8691160357	0.9618738571
15	2009-04-10	0.1139286000	14.333	0.4231434667	0.5208328000
15	2009-04-11	0.0827868000	16.583	0.5646896000	0.6627025333
19	2009-04-12	0.0911735789	16.333	0.3807697895	0.4899281053
13	2009-04-13	0.1004356923	16.625	0.3489776154	0.4794580769
42	2009-04-14	0.0951735476	14.458	0.5580890238	0.6395348333
23	2009-04-15	0.0813606957	17.792	0.4339136522	0.5333080435
22	2009-04-16	0.0943638182	17.792	0.3599988636	0.4671817273
23	2009-04-17	0.0783977391	18.708	0.4634542174	0.5938452609
17	2009-04-18	0.1054131176	16.625	0.5305991765	0.6530368824
12	2009-04-27	0.0751024167	15.792	0.4333310833	0.5619971667
13	2009-04-29	0.1209203077	19.792	0.1590841538	0.2363957692
13	2009-05-11	0.0832310769	15.750	0.3635268462	0.4745736923
18	2009-05-15	0.1213972222	21.750	0.2270766111	0.3144263333
14	2009-05-21	0.1349717857	23.250	0.3479852857	0.4426187857
24	2009-05-24	0.1489759167	22.333	0.3535154167	0.4143008333
14	2009-05-25	0.1625989286	25.625	0.3135609286	0.3701045000
14	2009-05-26	0.3331757857	40.083	0.2241560000	0.2513827857
15	2009-05-27	0.4286304000	46.583	0.1907714667	0.1964306667
22	2009-05-28	0.3899756818	45.083	0.1749455000	0.1716660455
30	2009-05-31	0.0786455333	18.600	0.5353004333	0.6728489333
14	2009-06-01	0.1431335000	34.111	0.2624636429	0.3436772857
12	2009-06-03	0.1470930000	26.375	0.3720941667	0.4387075833
23	2009-06-05	0.0840228696	16.792	0.4336888696	0.5796528696
31	2009-06-08	0.4380548065	64.042	0.1340972581	0.1374760323
13	2009-06-09	0.3565944615	29.958	0.1947972308	0.2054402308
42	2009-06-10	0.1931892143	19.000	0.2334595714	0.2777198810
25	2009-06-12	0.1263626800	25.583	0.2610000800	0.3556491200
12	2009-06-13	0.2114929167	42.833	0.0633181667	0.1141050000
32	2009-06-14	0.1840258125	27.636	0.1652060938	0.2197910313
15	2009-06-15	0.1514004000	21.400	0.2928740667	0.3830354667
18	2009-06-19	0.1275055000	17.792	0.1923322778	0.2809643333
18	2009-06-22	0.0933145000	13.913	0.3823584444	0.5043465556
18	2009-06-26	0.6973175000	112.458	0.0682815000	0.0370612778
33	2009-06-27	0.4486172424	78.750	0.1036424848	0.0804943030
42	2009-06-28	0.4372205714	83.667	0.1220537381	0.1036572381
21	2009-06-29	0.2152731905	54.917	0.2009784762	0.2386766190
20	2009-06-30	0.0977373000	19.250	0.5533250500	0.6838105000
24	2009-07-01	0.1687584583	52.292	0.2018280833	0.2385005417
14	2009-07-06	0.5655870714	49.750	0.0763127143	0.0615858571
24	2009-07-07	0.1805470000	26.708	0.4471987917	0.5102745833
39	2009-07-08	0.1352562051	20.750	0.5335312564	0.6125804615
32	2009-07-09	0.2202751563	44.500	0.1952296875	0.2170444688
20	2009-07-11	0.3329047000	33.583	0.1336806500	0.1502009500
25	2009-07-12	0.0976861600	14.750	0.6037660000	0.7369655200
14	2009-07-13	0.2851916429	38.917	0.1057095714	0.1158188571
15	2009-07-22	0.5965968667	39.708	0.1100476000	0.0912296667
12	2009-07-23	0.5047851667	52.833	0.0835730000	0.0616620833
15	2009-07-24	0.4372901333	35.417	0.1434654667	0.1324570000
13	2009-07-25	0.2935296923	19.000	0.1785186154	0.1725212308
16	2009-07-28	0.4017258750	61.292	0.1241991250	0.1374231875
18	2009-07-29	0.2594205556	25.167	0.1764790556	0.2191161111
17	2009-07-31	0.3048607059	32.533	0.1791799412	0.2047251176
16	2009-08-01	0.2511081250	31.458	0.1826514375	0.2041621250
13	2009-08-02	0.1185497692	26.458	0.2094191538	0.2769251538
26	2009-08-03	0.1889584615	43.750	0.1915193077	0.2177750385
30	2009-08-04	0.3416028333	50.667	0.1699362000	0.1910174333
34	2009-08-05	0.2877029118	53.792	0.1664404412	0.1950980588
16	2009-09-24	0.0482428750	19.083	0.5371695625	0.6905465000
35	2010-04-28	0.5325299429	94.208	0.1124373143	0.0907462286
26	2010-04-29	0.1851645000	50.083	0.4648103846	0.5161639231
27	2010-05-02	0.0967813704	17.583	0.8550462593	0.9613113333
12	2010-05-04	0.1393907500	19.458	0.6417585833	0.7570701667
22	2010-05-05	0.1412555000	21.375	0.7320242273	0.8663135909
12	2010-05-06	0.0632578333	15.917	1.3388951667	1.4151846667
24	2010-05-08	0.0830537083	19.750	0.7024003333	0.7753740833
24	2010-05-09	0.0848048750	21.917	0.7019100000	0.7648030833
15	2010-05-10	0.0716894667	18.526	0.6474826000	0.7871108000
18	2010-05-18	0.1532180556	24.583	0.6244644444	0.7186797222
12	2010-05-19	0.1549084167	22.958	0.4888327500	0.5811197500
13	2010-05-21	0.1288109231	23.917	0.3712315385	0.4540877692
21	2010-05-23	0.1944447143	34.250	0.3197319048	0.3543018571
18	2010-05-25	0.3746784444	67.250	0.1805361111	0.1827183889
23	2010-05-30	0.1291708696	30.042	0.5219686087	0.5993451304
33	2010-05-31	0.6289675758	81.500	0.1022346667	0.0781819394
12	2010-06-01	0.8173007500	104.375	0.1210299167	0.0833150833
39	2010-06-02	0.8827860513	97.958	0.1514933333	0.1071037949
35	2010-06-03	0.7722583429	103.333	0.1322472286	0.0951001429
25	2010-06-05	0.1015221600	18.167	0.7552384000	0.7648792000
24	2010-06-06	0.0928984583	31.833	0.8434555417	0.8295034583
35	2010-06-07	0.1315206857	41.500	0.4542399143	0.4911375429
21	2010-06-08	0.2853264762	51.625	0.1449743810	0.1615293333
19	2010-06-12	0.1098192632	21.500	0.5911155789	0.6546445789
53	2010-06-13	0.1118223585	32.333	0.5885197925	0.6393222830
24	2010-06-14	0.0835360417	11.208	1.2292111250	1.3196185833
23	2010-06-15	0.0860593043	14.458	0.8137416522	0.9234123913
12	2010-06-20	0.1262622500	19.208	0.4380063333	0.5371503333
16	2010-06-22	0.1940391250	34.708	0.2124432500	0.2654645625
15	2010-06-27	0.2070190000	27.458	0.3049135333	0.3222952000
36	2010-07-07	0.5182489722	70.000	0.1398263889	0.1275389722
17	2010-07-08	0.1794224706	37.542	0.4261243529	0.4737278824
31	2010-07-09	0.2061919032	33.667	0.2958408065	0.3213472258
14	2010-07-13	0.3235347857	42.250	0.0806725714	0.0915015000
19	2010-07-14	0.4007911579	55.217	0.1388853158	0.1406573684
14	2010-07-15	0.2642594286	38.000	0.3040342143	0.3541187143
28	2010-07-24	0.2845381071	32.000	0.2979543571	0.3217457500
30	2010-07-25	0.3000370000	54.417	0.2920467333	0.3151349000
17	2010-07-26	0.2198611765	30.125	0.3706587059	0.4126618235
27	2010-07-27	0.0739590741	19.292	0.9899378889	1.1026656667
16	2010-07-29	0.3392486875	42.333	0.1561673750	0.1711049375
13	2010-07-31	0.2342120000	27.167	0.3895181538	0.4496286923
22	2010-08-01	0.1040868636	22.739	0.6591095909	0.7738285455
33	2010-08-05	0.2730720303	21.917	0.3357564545	0.3421473939
30	2010-08-06	0.4299506000	46.458	0.2524862000	0.2531244333
18	2010-08-07	0.1211071667	23.000	0.4674343333	0.5153158333
16	2010-08-08	0.0789091875	4.000	0.8346131250	0.8427481250
16	2010-08-10	0.1226998750	10.125	1.2905315000	1.2615731875
26	2010-08-12	0.1917355385	21.875	0.5283395385	0.5908018462
19	2010-08-13	0.1058597895	26.125	0.8850377895	0.9726917895
37	2010-08-14	0.0889708108	19.708	1.1287226486	1.2069252973
25	2010-08-17	0.3824038800	42.583	0.2489996000	0.2510663200
30	2010-08-18	0.5289409667	90.042	0.1442649333	0.1445323000
20	2010-08-19	0.4084787000	59.000	0.1607012000	0.1788068500
14	2010-08-20	0.1852495000	29.375	0.4320142857	0.4792168571
33	2010-09-02	0.3250937273	53.208	0.3103530909	0.3310418182
31	2010-09-03	0.5415392258	54.500	0.2942128387	0.2941785161
19	2010-09-04	0.1251665263	29.208	1.1262013158	1.2065265263
12	2010-09-05	0.1142650000	19.750	1.0088502500	1.1002691667
14	2010-09-06	0.1099173571	18.750	1.2808920714	1.3488252857
16	2010-09-12	0.0940648750	13.542	0.8449806875	0.9981990625
19	2010-09-14	0.0450150526	25.792	1.6730152105	1.7740440000
17	2010-09-18	0.3382842353	19.875	0.7299772941	0.8381580000
13	2010-09-19	0.1059452308	15.000	1.3713146154	1.4589821538
16	2010-09-21	0.5969241875	79.500	0.0802286250	0.0638113125
26	2010-09-24	0.1050078462	19.292	0.6779966154	0.8052725000
27	2010-09-27	0.0663145185	11.750	2.5408598889	2.4144079630
19	2010-10-10	0.2212400000	15.667	0.7602040000	0.8457711579
50	2010-10-11	0.2315994000	21.583	1.1568029400	1.2063362400
30	2010-10-12	0.1002272667	25.875	0.6802650667	0.8027402333
44	2010-10-13	0.0816590000	23.500	0.9075440909	1.0253464318
28	2010-10-14	0.0744500000	19.250	0.9485048571	1.0985093929
17	2010-10-15	0.1000533529	17.333	0.8443002353	0.9712640588
44	2010-10-16	0.0890607727	17.583	0.8207752955	0.9778747273
51	2010-10-19	0.0686273725	12.417	1.0443204314	1.2315767255
49	2010-10-20	0.0593370816	16.792	1.3129579796	1.4979007143
32	2010-10-21	0.0676074688	15.000	2.2176101875	2.0832672500
34	2010-10-22	0.0647702941	20.923	1.2727962059	1.4060116471
13	2010-10-25	0.1025907692	13.231	0.7280153077	0.8545842308
17	2010-10-26	0.0913365882	16.708	0.6214934118	0.7764557647
17	2010-10-28	0.0585712941	14.000	2.9093702941	2.6873509412
15	2010-11-05	0.1339483333	24.167	0.4270993333	0.5323920667
20	2010-11-07	0.0821921500	15.083	1.1495230500	1.3163911500
20	2010-11-20	0.0934891000	16.250	0.9660291000	1.0660894000
25	2010-11-24	0.0984384000	20.292	0.4641390800	0.5784365600
31	2010-11-26	0.0569610000	16.000	1.5369210968	1.4418449032
38	2010-11-29	0.0723692105	15.458	0.9035108421	0.9973751842
14	2010-11-30	0.0583377857	16.333	0.8372301429	0.9986828571
36	2010-12-01	0.0506231389	23.083	1.9099284722	1.8909079722
27	2010-12-03	0.0734732593	20.333	1.4061618519	1.5324862222
12	2010-12-04	0.0623998333	20.083	1.8252308333	1.8598754167
15	2010-12-09	0.1180592667	21.333	0.4784748667	0.5715930667
27	2010-12-10	0.1009820370	21.458	0.5017863704	0.6036158519
34	2010-12-13	0.0488625882	20.417	2.1629156471	2.2110160000
16	2010-12-14	0.0674953125	17.458	0.9427825625	1.1058930000
20	2010-12-17	0.1021743500	16.667	0.9395678000	1.0673380000
31	2010-12-19	0.0802146129	16.917	0.7257899032	0.8712550968
22	2010-12-20	0.0780572727	13.500	1.0125601364	1.1557389545
15	2010-12-21	0.0742282000	17.292	1.3867212667	1.5062777333
15	2010-12-24	0.1371493333	23.917	1.0849386000	1.1749709333
23	2010-12-27	0.1792627826	13.083	0.8980410435	0.9377919565
17	2010-12-28	0.1124149412	11.792	1.2987529412	1.2658965294
17	2010-12-29	0.0728670588	12.750	1.1390896471	1.2889645882
16	2011-01-07	0.2168769375	28.542	0.6061754375	0.6215382500
13	2011-01-11	0.1211872308	20.875	0.2638474615	0.3076433077
33	2011-01-14	0.1497580606	26.125	0.9319127879	0.9631331212
34	2011-01-15	0.0756968529	15.542	0.8032569706	0.9133206471
31	2011-01-16	0.0608230000	17.750	1.2934929677	1.3613961290
16	2011-01-17	0.0721868125	18.708	0.4414873750	0.5884843750
26	2011-01-18	0.0836267308	20.500	0.5800923462	0.6978068077
13	2011-01-19	0.0454852308	13.500	0.9680846923	1.1532737692
35	2011-01-21	0.0775467429	18.750	0.7042239714	0.8402793143
25	2011-01-22	0.0886932800	16.333	0.5249403200	0.6917465600
21	2011-01-23	0.0833680952	17.792	0.6554331429	0.8110865714
37	2011-01-27	0.0619052432	15.708	0.8204943784	0.9674974054
46	2011-01-28	0.0682953043	17.333	0.9752288261	1.0788000435
36	2011-01-29	0.0575530556	16.875	1.0265412222	1.1725128611
35	2011-01-30	0.0529304000	11.375	1.2018136857	1.3353689714
19	2011-01-31	0.0463627368	11.458	1.0297996316	1.1860899474
27	2011-02-01	0.0557589259	13.250	1.8120764815	1.8270461852
18	2011-02-05	0.0631956111	15.524	0.9833653333	1.0630881111
28	2011-02-07	0.1027823929	19.292	0.3840193571	0.4822050000
16	2011-02-08	0.0666154375	18.217	0.9534510625	1.0957298750
18	2011-02-09	0.0945285556	22.917	0.3950429444	0.4862628889
12	2011-02-10	0.0677521667	21.833	0.3989540833	0.5179683333
12	2011-11-03	0.4011381667	89.250	0.1688145000	0.1395690833
23	2011-11-04	0.2013688696	58.417	0.1781346087	0.1841274783
20	2011-11-05	0.1182564500	22.625	0.1942482500	0.2494666500
38	2011-11-08	0.1393540789	43.792	0.3232439474	0.3616734211
27	2011-11-11	0.1126378148	26.125	0.3284040741	0.3632709630
28	2011-11-12	0.1221662500	24.333	0.3358087143	0.3593105714
30	2011-11-13	0.1247364667	17.833	0.4070562000	0.4426777667
44	2011-11-14	0.0902681364	20.429	0.7583148636	0.8047719318
52	2011-11-16	0.0627398269	19.375	0.7401892115	0.7436210000
22	2011-11-17	0.0802743636	16.958	0.5665100909	0.5828154545
39	2011-11-20	0.0531741795	15.292	1.1085635897	1.0766343590
44	2011-11-21	0.0634677273	26.375	1.3615332500	1.3567548864
41	2011-11-22	0.0646017317	21.542	1.2676446341	1.3237597805
37	2011-11-23	0.0513984865	15.083	1.0235005946	1.0968673243
22	2011-11-24	0.0578852273	16.083	0.4483483182	0.5265662273
21	2011-11-26	0.1038001905	20.875	0.2698009524	0.3214660000
22	2011-11-30	0.1113395909	20.182	1.6325830000	1.7004782273
24	2011-12-01	0.1426851667	20.500	1.4664553750	1.3961947917
12	2011-12-10	0.0566551667	19.958	1.2155320833	1.3035629167
30	2011-12-11	0.0821415667	14.958	1.5403847000	1.5414343000
31	2011-12-12	0.0971141935	20.000	1.0171269355	1.1125533871
21	2011-12-13	0.0792564286	15.667	0.7062648571	0.7820284286
12	2011-12-14	0.1558695833	24.542	1.0518206667	1.1037752500
53	2011-12-15	0.0501784906	15.375	1.1959896792	1.2597575094
13	2011-12-16	0.0828663077	20.625	0.4372462308	0.4617196923
25	2011-12-17	0.0560570400	19.083	0.6305687200	0.6664466800
14	2011-12-19	0.0928599286	22.875	0.7565582143	0.8220692143
18	2011-12-21	0.0920173889	18.000	0.4405535000	0.5130897778
31	2011-12-23	0.0795309355	19.042	0.2895990645	0.3337240968
24	2011-12-24	0.1071165417	17.542	0.3840698333	0.4442791250
23	2011-12-25	0.1143056087	13.875	0.5924210870	0.6558662174
24	2011-12-26	0.0750833333	15.792	0.4975501250	0.5563010417
38	2011-12-27	0.0528093947	17.417	0.6456586316	0.7028898684
26	2011-12-28	0.0639117308	16.958	0.4997430000	0.5396691923
21	2011-12-29	0.0874188571	17.250	0.3002053810	0.3422267619
15	2011-12-31	0.1084699333	20.542	0.1277773333	0.1567582667
20	2012-01-03	0.1308140500	23.708	0.0965852000	0.1188744000
37	2012-01-04	0.0917022162	18.208	0.2036077838	0.2487715946
24	2012-01-05	0.0748106667	17.375	0.3121152500	0.3608160417
51	2012-01-06	0.0711423137	19.708	0.3059945098	0.3458114314
19	2012-01-07	0.0674606842	15.750	0.3627020526	0.4131171053
12	2012-01-09	0.0761080000	15.083	0.2685283333	0.3158633333
27	2012-01-10	0.0664106296	16.818	0.4640631852	0.5192308148
18	2012-01-11	0.0959241667	14.750	1.1861030000	1.2408346111
26	2012-01-12	0.0670818846	17.917	0.6482271923	0.7251153077
13	2012-01-13	0.1041533846	20.083	0.3440406154	0.4100257692
14	2012-01-15	0.0737859286	19.250	0.2512763571	0.2902719286
23	2012-01-16	0.0787022609	17.458	0.2343360000	0.2779648261
43	2012-01-18	0.0659930233	18.375	0.5492602791	0.5855439302
45	2012-01-19	0.0787816444	26.042	0.4372168000	0.5137864444
40	2012-01-20	0.0870244250	21.917	0.2756783250	0.3256279000
32	2012-01-21	0.0738163750	18.042	0.4000338750	0.4488842500
19	2012-01-22	0.0655825263	14.833	0.3788866842	0.4121192632
37	2012-01-23	0.0531156757	16.792	0.6365054324	0.6794065135
47	2012-01-25	0.0474755957	17.000	0.8268732766	0.8834808936
29	2012-01-26	0.0637054828	14.500	0.5825350345	0.6462937241
16	2012-01-27	0.0715651875	14.917	0.4168530000	0.4715765625
33	2012-02-02	0.0978809091	20.583	0.2416818182	0.2877790909
24	2012-02-04	0.0903667917	18.042	0.3276947083	0.3907942083
16	2012-02-05	0.0868122500	17.458	0.3544850000	0.4126560000
43	2012-02-06	0.0848467907	21.167	0.2677319535	0.3299330233
27	2012-02-09	0.0904625556	17.458	0.3925180000	0.4646411481
33	2012-02-12	0.0720370000	16.792	0.2424635758	0.3096151818
35	2012-02-13	0.0503191429	15.708	0.4822843714	0.5886719714
52	2012-02-14	0.0546263462	15.708	0.4686787500	0.5563113846
14	2012-02-15	0.0962652857	22.292	0.3610816429	0.4589355714
31	2012-02-16	0.0887478710	21.917	0.3698670968	0.4584384516
19	2012-02-17	0.0813912632	23.625	0.5008426842	0.5931453158
43	2012-02-18	0.0462462093	16.250	0.7433071628	0.8190550233
43	2012-02-19	0.0535190000	15.333	0.6410383023	0.7052046512
18	2012-02-21	0.0631097778	13.500	0.4652442778	0.5792108333
37	2012-02-23	0.0779402162	17.167	0.2920812703	0.3684351081
13	2012-02-25	0.1170314615	18.042	0.3790768462	0.4720393846
31	2012-02-26	0.1124279032	21.667	0.1552248387	0.1955664516
15	2012-03-05	0.1004768000	19.667	0.1984500000	0.2469692000
17	2012-03-06	0.1599690588	28.750	0.0940605882	0.1246051765
17	2012-03-07	0.1729202941	54.167	0.1552698824	0.1608913529
30	2012-03-08	0.1036389667	24.250	0.2263401667	0.2883941000
35	2012-03-13	0.1013563429	16.875	0.7317996286	0.8478997714
13	2012-03-14	0.0902045385	16.208	0.4089886923	0.4915989231
22	2012-04-10	0.0857833636	15.375	0.6070218182	0.7929157727
12	2012-04-11	0.1021618333	17.208	0.4384453333	0.5845695000
15	2012-04-12	0.1217634667	18.417	0.3802946667	0.5355936000
20	2012-04-13	0.1204777500	17.125	0.5568481500	0.7206976000
19	2012-04-22	0.0963667895	12.333	0.5780987895	0.7707507368
30	2012-04-23	0.1180715333	17.250	0.4312574667	0.5986425000
13	2012-04-27	0.0806386154	15.042	0.6446393077	0.8338138462
21	2012-04-28	0.0864518571	14.667	0.3694271429	0.5141368095
18	2012-04-30	0.1196756111	18.542	0.3774115556	0.5343745000
24	2012-05-15	0.1398699167	15.542	0.5175785417	0.6480789583
15	2012-05-18	0.2324870667	38.125	0.3187170000	0.4116603333
13	2012-05-20	0.1866546923	31.292	0.3229548462	0.4137751538
25	2012-05-21	0.2377381600	38.000	0.2268286000	0.2969775600
25	2012-05-22	0.2103266400	44.208	0.2166760800	0.2877574000
14	2012-05-23	0.2287218571	48.083	0.2291257143	0.3015796429
29	2012-05-24	0.1332188276	29.708	0.3049984138	0.4235360345
29	2012-05-25	0.1534676207	20.875	0.3449275862	0.4807378276
34	2012-05-27	0.1065330000	12.167	0.6417984706	0.8358040294
33	2012-05-28	0.1873906364	29.125	0.3323218182	0.4191749394
38	2012-05-29	0.2324328158	44.792	0.1383046316	0.2046754211
13	2012-05-30	0.3116354615	82.542	0.1397329231	0.1614142308
13	2012-06-01	0.4409334615	71.917	0.0842831538	0.0279750769
20	2012-06-02	0.4130533500	82.458	0.1123802500	0.0769233500
44	2012-06-03	0.4584889318	64.208	0.1567374318	0.1123188409
56	2012-06-04	0.3276988214	71.625	0.1646953571	0.0988413929
35	2012-06-05	0.0953570286	29.292	0.2711932286	0.2114793714
22	2012-06-07	0.2873090000	46.636	0.0595898636	0.0460882727
35	2012-06-09	0.1217313714	24.750	0.2766925429	0.2240146000
25	2012-06-10	0.1665230000	36.583	0.0942517600	0.0628522000
17	2012-06-12	0.3693060000	61.125	0.0644701176	0.0302416471
24	2012-06-17	0.5162866667	51.750	0.0179082083	-0.0163248333
22	2012-06-18	0.2608945455	39.917	0.0674421364	0.0603160000
12	2012-06-19	0.2253115833	25.333	0.0406956667	0.0156591667
32	2012-06-21	0.4930799688	56.857	0.0403618438	0.0077432500
40	2012-06-22	0.4456202250	54.542	0.0599224750	0.0217932250
25	2012-06-23	0.0967768800	21.000	0.1946223200	0.1631223600
47	2012-06-24	0.1431493830	20.583	0.1098574468	0.0444855957
26	2012-06-25	0.2278875769	29.542	0.0961415769	0.0186970769
20	2012-06-26	0.4941088500	56.083	0.1726862000	0.1262472000
24	2012-06-27	0.5211415417	67.667	0.0890012083	0.0556170417
30	2012-06-28	0.1752485333	35.208	0.1743716333	0.1128676667
39	2012-06-29	0.2100028718	30.792	0.1316308718	0.0668845385
14	2012-06-30	0.1711039286	30.833	0.1270411429	0.1060041429
12	2012-07-03	0.3255380000	60.333	0.0658664167	0.0592174167
15	2012-07-05	0.5474586000	63.042	0.0938440000	0.0633090000
43	2012-07-08	0.0471269070	12.208	0.2708686744	0.1050467674
30	2012-07-09	0.1862132667	39.667	0.1008384667	0.0588838000
19	2012-07-10	0.3797505789	69.417	0.0544279474	0.0004436842
14	2012-07-11	0.3647162143	45.417	0.0971552143	0.0685280714
13	2012-07-12	0.1319934615	21.417	0.2267232308	0.1793604615
21	2012-07-13	0.0527752857	13.125	0.0338786190	-0.2279449048
28	2012-07-16	0.4500082500	48.542	0.1381830000	0.1031375000
15	2012-07-17	0.2632808667	24.292	0.1851973333	0.1781850667
17	2012-07-23	0.3128811176	43.083	0.1895730000	0.1694147059
40	2012-07-24	0.3690484750	60.333	0.1143194000	0.0716471000
41	2012-07-25	0.3353435610	52.708	0.1637185122	0.1176601220
17	2012-07-26	0.3070975882	50.208	0.1731615294	0.1438580000
33	2012-07-27	0.1487849091	34.875	0.2059685455	0.1405022424
24	2012-08-01	0.4140731250	34.708	0.1154346250	0.0824649167
19	2012-08-02	0.2857838947	32.125	0.1447618421	0.0975128947
15	2012-09-06	0.2866475333	44.875	0.2181252667	0.1615328000
51	2012-09-07	0.2489450784	47.500	0.2841593529	0.2495464510
42	2012-09-08	0.2055012857	42.708	0.1192497381	0.0454917381
23	2012-09-09	0.0956817826	18.875	0.2490086522	0.1246403043
16	2012-09-10	0.0720448750	19.958	0.2807618125	0.2372083750
22	2012-09-13	0.0560087273	13.333	0.7574335000	0.5250399545
41	2012-09-14	0.0325915854	13.833	0.9271977561	-1.0083331951
44	2012-09-15	0.0280740227	12.542	0.1456085682	-0.2653921591
14	2012-09-16	0.0841194286	13.917	0.3818580000	0.3856492857
15	2012-09-19	0.0757010000	11.375	1.0951760667	0.8914023333
27	2012-09-20	0.1644941852	35.083	0.2724004815	0.1976964444
31	2012-09-21	0.1749617742	47.417	0.1028679032	0.0204861935
23	2012-09-22	0.2681861304	45.458	0.2708532174	0.2229033478
24	2012-09-27	0.0906636250	17.783	0.5684596667	0.3156152500
23	2012-09-28	0.0744338261	14.792	0.8338501739	0.7305025217
38	2012-09-29	0.1032444211	14.792	0.9788343947	0.8377924211
22	2012-09-30	0.0397925000	13.583	0.1511198636	-0.0636565455
15	2012-10-01	0.0560389333	18.500	0.1637219333	0.1268533333
22	2012-10-07	0.1971373636	19.125	0.3802613182	0.3561588182
18	2012-10-20	0.0435979444	26.333	0.1783861667	0.0875376667
42	2012-10-21	0.0178438095	19.042	-0.2809077381	-0.7169964286
34	2012-10-22	0.0195607353	18.708	-0.0264163235	-0.4556004706
24	2012-10-23	0.0356499583	17.391	0.5648922917	0.3114703333
37	2012-10-24	0.0281960811	13.750	0.1664428919	-0.0774017297
39	2012-10-25	0.0419833333	15.708	0.1726128718	0.1079994615
22	2012-10-27	0.0890810909	13.125	0.0995017727	0.0853888636
37	2012-10-29	0.0564565135	17.583	1.1523991081	0.9850627027
35	2012-10-30	0.0705162571	16.500	0.3224756857	0.2120286000
35	2012-10-31	0.1014299429	15.667	1.2592129143	1.2667296571
40	2012-11-01	0.1506571750	18.333	0.0884002500	0.1042041750
33	2012-11-02	0.1105481818	18.083	0.3339516364	0.3597045758
20	2012-11-04	0.0288182000	11.227	0.3164199000	0.2400329500
41	2012-11-05	0.0343546829	9.435	0.3057561220	0.1962038537
27	2012-11-06	0.0342195926	11.667	0.0793862593	-0.0407809259
17	2012-11-07	0.0360478824	14.083	0.0795125294	0.0581647059
41	2012-11-08	0.0394362927	14.042	0.3813016098	0.3614780244
34	2012-11-09	0.0736813824	14.500	0.8198429118	0.8707079118
21	2012-11-10	0.0694534286	17.792	0.9979760476	1.0317731429
33	2012-11-15	0.0506346364	16.917	0.2625519697	0.2493022121
22	2012-11-16	0.0215806364	11.500	0.0007762273	-0.2655426818
18	2012-11-18	0.0633242778	15.208	-0.0848322222	-0.1817794444
28	2012-11-19	0.0607660357	15.684	0.3582387143	0.3447521071
33	2012-11-20	0.0453257273	14.400	0.0759610303	-0.0280790909
45	2012-11-22	0.0402400889	51.227	0.5279933778	0.4892176667
16	2012-11-23	0.0473040625	31.042	0.5630665625	0.5552752500
40	2012-11-24	0.0299506500	39.208	0.1976544250	0.0124858250
39	2012-11-25	0.0559569744	42.458	0.1808462821	0.1243407436
27	2012-11-27	0.0515565185	54.375	-0.0941216296	-0.1249051852
27	2012-11-28	0.0395621481	60.542	0.0205365926	-0.0002788889
27	2012-11-29	0.0560892963	49.833	0.5602607778	0.5961654815
21	2012-11-30	0.1078066190	63.083	0.1546540476	0.2120270000
21	2012-12-02	0.0841732381	11.750	0.3360738571	0.4516696190
17	2012-12-03	0.0539585294	13.000	1.0203333529	0.9634772353
18	2012-12-09	0.0760784444	14.727	0.0944911111	0.1197515000
15	2012-12-10	0.0847638667	24.250	0.0713217333	0.1105565333
24	2012-12-11	0.0864324583	49.375	-0.0149447083	-0.0005090000
24	2012-12-12	0.1029354583	62.750	-0.0695068750	-0.0806181667
29	2012-12-14	0.0889005517	108.556	-0.0081646552	-0.0140058966
23	2013-02-23	0.0384784348	11.142	0.1693142174	0.2118794348
40	2013-02-24	0.0718777250	15.159	0.6755108000	0.7664234750
38	2013-02-25	0.0786392368	16.250	0.3910245789	0.4895120000
45	2013-02-26	0.0588589111	14.833	0.0921542222	0.0983905778
41	2013-02-27	0.0790011951	13.771	0.3620567073	0.4090435854
43	2013-02-28	0.0795591395	15.563	0.3848576977	0.4341230698
41	2013-03-01	0.0583651220	15.083	0.6046233171	0.6704002683
42	2013-03-03	0.0795673810	14.821	0.4512473810	0.4988714048
32	2013-03-04	0.0522813125	17.004	0.3616179063	0.3943989375
14	2013-03-05	0.1168865000	21.925	0.6329346429	0.7102459286
36	2013-03-06	0.1290164444	19.625	0.8085892778	0.8637362222
17	2013-03-07	0.1371923529	22.788	0.6141932941	0.6386252941
19	2013-03-08	0.2234954737	27.113	1.2272870000	1.2364877368
31	2013-03-09	0.0990756129	18.663	0.8530011935	0.9046495806
45	2013-03-15	0.0476486444	19.100	0.4317882444	0.4830584000
19	2013-03-19	0.0631543684	12.365	0.2280091053	0.2882262105
14	2013-03-20	0.0493219286	14.713	0.3630216429	0.4409126429
28	2013-03-23	0.0798540357	28.617	0.2436312857	0.2688502143
15	2013-03-24	0.0704340000	20.033	0.6680648000	0.8299924667
32	2013-03-26	0.0347177188	15.137	0.0695908438	0.0386852500
24	2013-03-27	0.0718901667	17.175	0.0593470833	0.0824823750
36	2013-03-28	0.0583706944	18.438	0.1218887500	0.1480979444
17	2013-03-29	0.1048834706	17.117	0.4479330000	0.5435888235
13	2013-03-31	0.1243741538	14.796	0.5575706923	0.5904580769
20	2013-04-02	0.1030511000	25.758	0.0067782500	0.0032121500
20	2013-04-03	0.1113725500	20.904	0.2444720500	0.2886399000
12	2013-04-05	0.0756629167	14.010	0.1033477500	0.1881350833
21	2013-04-06	0.0497915238	12.746	-0.0137688571	0.0042772381
13	2013-04-08	0.0526624615	15.896	-0.1359466154	-0.1766981538
17	2013-04-09	0.0585029412	13.908	-0.0381958235	-0.0733696471
27	2013-04-10	0.0639556667	15.708	0.2651231111	0.3533920741
25	2013-04-11	0.0487908400	13.533	0.2186500400	0.2790915200
33	2013-04-12	0.0341020606	11.375	0.1508054545	0.1102463030
12	2013-04-13	0.0636148333	16.058	0.0812328333	0.1121775833
33	2013-04-14	0.0563686970	13.800	0.0690881515	0.0891544545
33	2013-04-15	0.0660541212	20.382	0.1420990909	0.1674484545
12	2013-04-22	0.2087071667	20.735	0.3470235000	0.3915675833
13	2013-04-23	0.1337478462	15.950	0.3671021538	0.4336148462
17	2013-04-26	0.0974645882	9.935	0.6094368824	0.7512704706
29	2013-04-27	0.0356424138	11.492	0.6249683793	0.5994106897
24	2013-04-29	0.0696280417	14.071	0.4982508333	0.5551135000
22	2013-05-04	0.2592628182	22.571	0.1881833636	0.2270678636
33	2013-05-06	0.2407137879	38.746	0.5165584242	0.5404982727
40	2013-05-07	0.1787391000	38.607	0.4944047250	0.5024007750
17	2013-05-11	0.1977767647	18.771	0.1962947647	0.2189825882
18	2013-05-12	0.1891363889	12.867	0.2943413889	0.2889513889
16	2013-05-13	0.1540445000	12.379	0.2570380000	0.2867738750
42	2013-05-16	0.1440744762	19.354	0.3104681905	0.3136280952
15	2013-05-17	0.1480890667	14.200	0.4146038667	0.4672997333
16	2013-05-23	0.1292968125	18.608	0.2832433125	0.3713511250
14	2013-05-26	0.1310035000	16.586	0.2896961429	0.3656860000
18	2013-05-29	0.2805656667	37.538	0.1909717778	0.1797313333
20	2013-05-30	0.3783057500	46.196	0.0969061000	0.0998772000
21	2013-05-31	0.3813623333	32.688	0.1096596190	0.0868083810
29	2013-06-01	0.2912736207	28.971	0.1432433793	0.1292320000
30	2013-06-02	0.2874916000	30.367	0.1381849333	0.1223554000
24	2013-06-04	0.7649556667	44.008	0.0649950417	0.0386711250
31	2013-06-06	0.1937340645	22.042	0.1985023548	0.1974425161
14	2013-06-15	0.6754598571	54.500	0.0537067143	0.0292355000
13	2013-06-16	0.6464968462	43.167	0.0877046154	0.0666775385
20	2013-06-20	0.4617183500	41.746	0.1181958500	0.1031153500
21	2013-06-21	0.1012673810	14.271	0.3773237619	0.4586128095
25	2013-06-22	0.1373722000	21.396	0.2021275200	0.2214576000
16	2013-06-23	0.2392828750	38.858	0.1137594375	0.1075693750
22	2013-06-24	0.1918264545	32.483	0.1399436364	0.1362301364
20	2013-06-27	0.3893632000	41.421	0.0948169500	0.0897023000
21	2013-06-28	0.3497958095	44.025	0.1488877143	0.1387560952
12	2013-07-02	0.1205088333	17.871	0.3283739167	0.4133382500
25	2013-07-03	0.1108397600	18.971	0.2469730400	0.3014341200
23	2013-07-04	0.4083523913	49.800	0.1659667826	0.1758177391
13	2013-07-05	0.3062229231	36.875	0.2243923077	0.2506109231
40	2013-07-06	0.1542874250	21.483	0.2602638500	0.2891228750
13	2013-07-08	0.3413442308	23.288	0.1248010000	0.1209948462
16	2013-07-10	0.5742135000	43.858	0.1250631250	0.1034822500
30	2013-07-11	0.4786106000	51.329	0.1719884667	0.1560399333
20	2013-07-12	0.3551513500	29.846	0.2675399500	0.2685043000
22	2013-07-13	0.1947492273	20.904	0.3100439545	0.2900645000
25	2013-07-14	0.1098358800	12.321	0.2901597200	0.2863713600
20	2013-07-18	0.3977146500	42.035	0.1055523000	0.1108817000
22	2013-07-19	0.3224055455	58.504	0.1106720455	0.1142822727
18	2013-07-20	0.1967698333	35.583	0.1793048889	0.1992567778
13	2013-07-23	0.4574896154	53.025	0.1979479231	0.2047196154
23	2013-07-24	0.4271945652	60.263	0.2199164348	0.2270297826
13	2013-09-07	0.4045694615	21.867	0.2290566923	0.2060450769
15	2013-09-08	0.5619813333	61.388	0.0854539333	0.0839652000
28	2013-09-09	0.2970703214	48.963	0.2503095714	0.2593495357
18	2013-09-10	0.0772317222	11.771	0.4790118333	0.5710022222
34	2013-09-14	0.0812960294	14.463	0.3843761176	0.4177692353
21	2013-09-15	0.1454218571	13.846	0.1039712857	0.1349777143
33	2013-09-20	0.1509092424	53.908	0.2431547273	0.2067740303
22	2013-09-30	0.3458520909	65.704	0.1868276818	0.1576626818
18	2013-10-01	0.2351162222	42.488	0.2062865556	0.1744316111
30	2013-10-02	0.0533403000	12.325	0.3663437667	0.3165864333
17	2013-10-03	0.1046975882	15.800	0.1463744706	0.0748082353
38	2013-10-04	0.0473883684	11.088	0.2793423421	0.1560777368
28	2013-10-11	0.0334106786	14.033	0.3482803929	0.2399648571
30	2013-10-12	0.0378820667	12.900	0.2611772000	0.1635091333
21	2013-10-13	0.2336016190	51.921	0.0482774762	0.0023396667
27	2013-10-14	0.1144307037	36.179	0.0905957778	0.0512232222
35	2013-10-15	0.0563434571	16.033	0.1719438286	0.1160296000
22	2013-10-16	0.0595259091	16.333	0.2034189091	0.1507107727
32	2013-10-17	0.0376475625	14.750	0.3792735938	0.2568271875
24	2013-10-18	0.0636869167	16.275	0.5826603750	0.5624220417
12	2013-10-19	0.0539320833	11.165	0.3315838333	0.3250877500
12	2013-10-24	0.1837306667	29.579	0.0810653333	0.0557011667
22	2013-10-25	0.2121285455	38.804	0.0943969091	0.0643970000
20	2013-10-27	0.0887567000	20.158	0.0751065000	0.0374303000
38	2013-10-29	0.1736346579	44.792	0.0933176053	0.0709024211
33	2013-11-05	0.0417273636	16.008	0.1207690000	-0.0071336061
23	2013-11-06	0.0334495217	18.761	0.2566696522	0.0645510000
53	2013-11-08	0.0351478113	20.392	0.5278125094	0.4143488302
36	2013-11-09	0.0454566111	17.746	0.2275367500	0.1669580833
28	2013-11-10	0.1548340357	39.175	0.2359695000	0.2156795357
16	2013-11-12	0.1088935625	26.054	-0.0146312500	-0.0749837500
27	2013-11-13	0.0692635556	23.625	-0.0056530000	-0.0604145556
22	2013-11-14	0.0551920455	19.700	0.0569567273	-0.0182226364
31	2013-11-15	0.0374630323	18.475	0.2219683871	0.1527415806
28	2013-11-17	0.0550745357	19.054	0.9693604286	0.8087173214
21	2013-11-18	0.0565216190	23.021	1.0030898095	0.9121631429
41	2013-11-19	0.1126264878	22.896	1.4541997805	1.3932143171
24	2013-11-20	0.0691672083	18.708	1.2989123333	1.2771020417
14	2013-11-21	0.0591607143	18.396	0.8514851429	0.8928936429
31	2013-11-22	0.0483279032	24.354	0.6795460000	0.6543885161
23	2013-11-23	0.0513424783	25.629	0.7825680435	0.7669394783
24	2013-11-24	0.0397811250	20.117	0.2678167917	0.2222668750
14	2013-11-25	0.0503438571	24.221	0.1245167857	0.0517346429
16	2013-11-26	0.0759939375	23.746	0.1717520625	0.1236796875
38	2013-11-27	0.0631048947	25.871	0.0777816842	0.0005308947
22	2013-11-28	0.0584305000	27.158	0.0919898636	0.0397318636
22	2013-11-29	0.0649131364	30.175	0.1488988182	0.0705870000
26	2013-11-30	0.0422663462	22.508	0.3345081538	0.2168421538
21	2013-12-02	0.0428978571	20.986	0.3244348095	0.2368780952
20	2013-12-04	0.0405993000	19.158	0.4514081000	0.3827900000
13	2013-12-05	0.0414574615	22.646	0.4701915385	0.3830800000
14	2013-12-06	0.0360114286	21.738	0.2533220000	0.1184549286
22	2013-12-09	0.0925872727	30.309	0.0023798182	-0.0514616818
25	2013-12-10	0.0986328800	30.454	0.0086753600	-0.0514486400
18	2013-12-12	0.1045404444	31.513	0.0142022222	-0.0111521667
17	2013-12-13	0.0865931176	28.021	-0.0267489412	-0.0886538235
28	2013-12-14	0.0955033929	28.671	-0.0249596071	-0.0980590357
24	2013-12-15	0.1244405833	29.133	-0.0493193333	-0.0946155833
21	2013-12-17	0.0924362381	32.179	-0.0884421905	-0.1531385714
19	2013-12-19	0.0905715263	27.513	-0.0193274211	-0.0516557368
17	2013-12-21	0.1022010000	30.504	-0.0369457059	-0.0806311176
18	2013-12-23	0.0706242222	27.225	0.0628520000	-0.0061663333
15	2013-12-27	0.1118370667	29.788	0.2393846667	0.2570943333
25	2013-12-28	0.0957010800	28.267	0.1505400400	0.1460316400
14	2013-12-29	0.0762937143	24.058	0.0789970714	0.0296545000
17	2013-12-30	0.0965108235	26.763	0.1744862353	0.1496157647
16	2014-01-01	0.0616288750	21.963	0.1280076250	0.0673971875
30	2014-01-02	0.0700954333	25.600	0.0064389333	-0.0770981333
28	2014-01-03	0.0600300000	23.442	0.0441727143	-0.0422827857
12	2014-01-05	0.0850013333	33.854	-0.0336192500	-0.0824091667
20	2014-01-06	0.0578157500	26.904	-0.0186694000	-0.1074273500
19	2014-01-07	0.0997218421	30.038	0.1359097895	0.0893583158
18	2014-01-09	0.0909839444	27.442	-0.0424453889	-0.0881671667
17	2014-01-10	0.0929700000	30.575	0.0090925294	-0.0315261176
19	2014-01-11	0.0749917895	25.413	0.0042154737	-0.0665936316
33	2014-01-12	0.0577280606	23.542	0.0125337273	-0.0773777576
13	2014-01-13	0.0541608462	22.721	0.0802732308	-0.1024376154
42	2014-01-14	0.0507404286	22.483	0.1567780476	0.0687365714
21	2014-01-15	0.0534930476	20.454	0.2319119048	0.1228145714
30	2014-01-16	0.0493961000	22.642	0.1076925667	-0.0296844000
38	2014-01-17	0.0426066316	20.613	0.1628566579	0.0508618421
32	2014-01-18	0.2416327500	43.413	0.3373198438	0.3200305625
16	2014-01-19	0.2870425000	49.650	0.3949515625	0.4000979375
31	2014-01-20	0.1862977742	34.433	0.4167104194	0.4080086129
23	2014-01-21	0.0595539130	27.917	0.1005973478	0.0538323913
24	2014-01-22	0.0777625833	24.767	0.0361274167	-0.0148929167
27	2014-01-23	0.0385075185	15.778	0.2009588148	0.1031660370
22	2014-01-25	0.0901361818	16.708	-0.0033082273	-0.0418093182
21	2014-01-27	0.0845862381	20.088	-0.0634668571	-0.1308451905
21	2014-01-28	0.0863983333	20.096	-0.0861219048	-0.1606915714
21	2014-01-30	0.0816619048	17.204	-0.0816104286	-0.1836018095
18	2014-01-31	0.0881640556	17.683	0.0178992222	-0.0409367222
29	2014-02-01	0.0602073103	16.658	0.0479327931	-0.0138375172
40	2014-02-02	0.0757883250	19.167	0.0110652500	-0.0500801750
20	2014-02-03	0.0761756500	19.908	-0.0237606000	-0.0739152500
13	2014-02-06	0.0695680769	15.354	0.1378975385	0.0488972308
12	2014-02-07	0.0971070000	17.417	0.1829476667	0.1604867500
19	2014-02-08	0.0881169474	17.888	0.0471139474	0.0339755789
28	2014-02-10	0.0910478929	20.325	0.0308055000	-0.0287099643
18	2014-02-11	0.0989907222	17.795	0.0288452778	0.0115731667
13	2014-02-12	0.1452186923	21.929	0.0999585385	0.0888071538
14	2014-02-13	0.2786764286	23.496	0.5514438571	0.5484414286
20	2014-02-14	0.1404989000	23.554	0.2037115000	0.1838928000
32	2014-02-15	0.1419749063	23.104	0.0984899375	0.0551252500
26	2014-02-16	0.1476338077	20.792	0.1122992308	0.0697171923
16	2014-02-17	0.0570711250	16.367	0.0118175000	-0.1175498750
15	2014-02-18	0.0633429333	16.520	0.0732337333	0.0445120000
14	2014-12-12	0.0673779286	30.138	0.1490576429	0.2178181429
19	2014-12-13	0.0686861053	24.470	0.2014061053	0.2584734211
30	2014-12-14	0.0620509000	21.544	0.4619882333	0.5569125000
41	2014-12-15	0.0591913415	19.727	0.6162443659	0.7218834390
21	2015-01-05	0.1143360952	28.200	0.0574733333	0.0558993333
19	2015-01-07	0.1183960000	25.504	0.0363699474	0.0270783158
25	2015-01-08	0.0779990400	23.009	0.0758268400	0.0893104800
38	2015-01-09	0.0645690789	20.346	0.1801805263	0.2045320526
18	2015-01-10	0.1126424444	34.776	0.0508272778	0.0649588333
29	2015-01-11	0.0897211724	16.574	0.0271019310	0.0522408966
16	2015-01-12	0.1045890000	13.558	0.0077777500	0.0100921875
17	2015-01-15	0.1007308824	7.114	0.0620364706	0.0972788824
14	2015-01-19	0.0796665000	19.227	0.2072915714	0.2818552857
29	2015-01-20	0.0647227241	19.471	0.2616564483	0.3480159310
40	2015-01-21	0.0371013500	14.495	0.5771607250	0.7272205250
38	2015-01-22	0.0761428158	18.465	0.1884659737	0.2310433947
15	2015-01-23	0.0834968000	18.867	0.2423677333	0.2919571333
29	2015-01-25	0.0518022414	21.913	0.6464943448	0.7564618276
23	2015-01-26	0.0664761739	24.354	0.1779033913	0.2463527826
33	2015-01-27	0.0635907879	26.296	0.2075457273	0.2724642424
42	2015-01-28	0.0595293333	17.158	0.3338945714	0.4309234762
56	2015-01-31	0.0594232143	21.850	0.3510414643	0.4434560357
14	2015-02-01	0.0534211429	20.025	0.5071637143	0.6310020714
29	2015-02-02	0.0513845862	13.729	0.4234481034	0.5049110345
20	2015-02-03	0.1317037500	28.250	0.1523109000	0.1505510000
19	2015-02-25	0.0619224211	20.742	0.3621169474	0.4455501053
13	2015-02-26	0.0706349231	20.300	0.1431443846	0.1744706154
26	2015-02-27	0.0630067692	22.538	0.0876170000	0.0967572692
19	2015-03-01	0.0951356842	23.221	0.0340191053	0.0429470526
16	2015-03-04	0.0997799375	28.329	0.0665095000	0.0646205000
18	2015-03-06	0.1009923333	25.650	0.2646294444	0.3427025556
15	2015-03-07	0.0771159333	22.483	0.1586222667	0.2202548000
24	2015-03-10	0.1361053333	24.875	0.1865775000	0.2421939167
53	2015-03-16	0.1560889811	48.779	0.2743958113	0.3269705660
24	2015-03-22	0.0539632083	22.617	0.6083024167	0.7604700833
29	2015-03-23	0.0442946207	24.500	0.4979308276	0.6572965862
21	2015-03-24	0.0560321429	27.238	0.4079171429	0.5615783333
31	2015-03-26	0.0705200000	25.346	0.4383870645	0.5831839032
18	2015-03-27	0.0648472222	28.371	0.2458943333	0.3587877222
27	2015-03-28	0.0735006667	29.054	0.2877968889	0.3963520370
22	2015-03-29	0.0835506364	27.829	0.2796122727	0.3745181364
35	2015-03-30	0.0669232000	26.004	0.3652554857	0.4872799714
15	2015-04-01	0.0723906000	22.733	0.4050442000	0.5443909333
12	2015-04-07	0.0660155000	30.979	0.4007147500	0.5225427500
19	2015-04-12	0.1116555789	40.954	0.1238023158	0.2125356842
19	2015-04-20	0.1137376842	25.182	0.3387876316	0.4249631053
17	2015-05-17	0.3377785882	58.446	0.1580680000	0.1584871176
21	2015-05-20	0.3775469048	58.233	0.1681265714	0.1860347143
25	2015-05-21	0.4531258800	86.021	0.1433971200	0.1373086000
28	2015-05-22	0.4317800357	87.879	0.0979111786	0.0966471786
20	2015-05-23	0.3718589000	76.963	0.1385858500	0.1351237000
38	2015-06-03	0.1463917632	29.908	0.3370053947	0.4118227895
21	2015-06-04	0.1851229048	40.900	0.2607439524	0.3121303810
27	2015-06-07	0.3977044444	53.621	0.1264305185	0.1242418148
12	2015-06-09	0.2176324167	24.842	0.1795693333	0.2051939167
26	2015-06-14	0.3413888077	45.736	0.1208967692	0.1287444231
28	2015-06-15	0.4118380714	49.567	0.1448248929	0.1504349286
13	2015-06-18	1.0949248462	68.458	0.0566541538	0.0363232308
27	2015-06-19	0.7272398148	45.238	0.0802139630	0.0660925185
45	2015-06-20	0.1852341111	35.971	0.2208935778	0.2619211111
38	2015-06-24	0.5286207368	83.033	0.1134566316	0.0952932895
15	2015-06-25	0.1040118000	33.892	0.2485298000	0.3399737333
12	2015-06-28	0.5475605833	62.878	0.0917915000	0.0853425833
14	2015-07-03	0.3181642143	68.073	0.0835763571	0.1082423571
19	2015-07-06	0.3469492632	51.906	0.0890641579	0.0827201579
19	2015-07-10	0.1572857895	23.250	0.2240196842	0.2588106316
14	2015-07-15	0.3363058571	50.010	0.2006595714	0.2261840000
34	2015-07-24	0.1511787353	39.207	0.3337316471	0.4275206471
14	2015-07-25	0.2282207143	61.145	0.1776966429	0.2038759286
13	2015-07-26	0.3806405385	54.823	0.1069771538	0.1230367692
16	2015-07-27	0.3834290000	46.432	0.1578003750	0.1659643750
13	2015-08-04	0.1245665385	21.598	0.2127159231	0.2767314615
37	2015-08-05	0.0871626486	17.260	0.3329012162	0.4278047027
30	2015-08-06	0.0950932000	15.458	0.3036784333	0.3773111000
14	2015-08-10	0.0722595000	11.950	0.3266789286	0.4524410000
14	2015-08-12	0.0672102143	18.278	0.2312248571	0.3440770714
22	2015-08-13	0.0968155909	24.177	0.2230828182	0.3156839091
14	2015-08-14	0.1069502143	22.844	0.1787190714	0.2649935714
19	2015-08-16	0.0886547368	24.510	0.2549408947	0.3450366842
33	2015-08-17	0.0596761212	16.917	0.3314217273	0.4473193939
18	2015-08-22	0.0710028333	26.833	0.3537010556	0.4701558333
18	2015-08-30	0.3021430000	39.365	0.2185251111	0.2538484444
27	2015-09-01	0.1201529259	27.427	0.2752172593	0.3317484074
40	2015-09-02	0.3233629250	50.969	0.2025245750	0.2321619500
24	2015-09-03	0.2274907917	48.458	0.2698985833	0.3140092500
28	2015-09-05	0.1299090714	28.000	0.3253312500	0.4010902857
31	2015-09-07	0.1256414194	40.969	0.1449248065	0.2001167097
21	2015-09-08	0.0908123810	31.677	0.2993168571	0.4072299524
16	2015-09-09	0.2918418125	53.698	0.1025969375	0.1372504375
15	2015-09-13	0.2027752667	52.990	0.1322390667	0.1614728000
12	2015-09-14	0.2184787500	38.333	0.0950850833	0.1210490833
17	2015-09-16	0.3107432941	66.375	0.1489937059	0.1700128824
24	2015-09-18	0.1474917917	42.438	0.3320328750	0.4176964583
34	2015-09-19	0.0616136176	34.652	0.6600636765	0.8490320000
29	2015-09-20	0.0396250690	45.518	0.9600306897	1.2197849655
32	2015-09-22	0.0385351250	18.694	1.2855675313	1.6436356563
21	2015-09-23	0.0869055714	14.656	0.9195798571	1.0880532381
12	2015-09-27	0.0843725000	13.281	0.9006870000	1.0383992500
40	2015-09-28	0.0841411750	20.333	1.3160876000	1.5042329500
52	2015-09-29	0.0512055769	15.604	1.4523522308	1.7150606154
19	2015-09-30	0.0540012105	13.208	1.4147282632	1.6751123158
28	2015-10-01	0.0476895714	13.042	1.0153840000	1.2827598571
15	2015-10-07	0.0696316000	14.260	0.3512456667	0.5316983333
12	2015-10-09	0.3516426667	65.156	0.0979835833	0.1031451667
24	2015-10-10	0.2687489167	34.802	0.1285224167	0.1442173750
31	2015-10-12	0.1060120968	16.219	0.1519838387	0.2534315806
22	2015-10-13	0.1142914545	22.865	0.1687376818	0.2494966364
27	2015-10-14	0.0475987778	14.938	0.4196391111	0.6248082593
24	2015-10-15	0.0540498750	20.333	0.4602533750	0.6699607500
23	2015-10-16	0.0760260000	20.781	0.3121128261	0.4501227826
43	2015-10-20	0.0422830930	22.198	0.7922595581	1.0362552791
22	2015-10-21	0.0519638182	18.438	0.3955054091	0.5754100000
28	2015-10-22	0.0588301786	19.292	0.4167642143	0.6031614286
35	2015-10-23	0.0366143429	18.656	0.5889100857	0.8679289714
41	2015-10-28	0.0962228537	23.958	0.0757910488	0.1845388293
27	2015-11-01	0.0595836296	23.469	0.1936181111	0.3272181852
27	2015-11-03	0.0660303704	18.365	0.1769845556	0.3105248519
17	2015-11-04	0.0608808824	18.385	0.2684381765	0.4233841176
21	2015-11-12	0.0905526667	19.962	0.2981005238	0.3926000952
42	2015-11-13	0.0493853571	15.417	0.5686786905	0.8012247857
39	2015-11-14	0.0440502051	14.552	0.3914725128	0.6017182564
17	2015-11-15	0.0519027059	14.146	0.2981164118	0.4768863529
26	2015-11-18	0.1089353462	37.792	0.1644605385	0.2362910769
29	2015-11-21	0.0577793793	18.573	0.6040222759	0.7578934138
43	2015-11-23	0.0477216977	18.792	0.5091390000	0.7322303488
26	2015-11-24	0.1206920000	25.792	0.3012097308	0.3920478846
22	2015-11-25	0.1534569545	38.656	0.1132278636	0.1581472273
14	2015-11-26	0.0919235000	29.865	0.1494548571	0.2499307857
12	2015-11-27	0.0730491667	17.983	0.2219381667	0.3539693333
23	2015-11-28	0.1053132174	20.271	0.0867647391	0.1846213043
16	2015-12-03	0.0666384375	20.094	0.1113584375	0.2259648750
23	2015-12-05	0.0954916087	19.313	0.0851449130	0.1800239565
18	2015-12-06	0.0667277222	14.688	0.0933610556	0.2052654444
27	2015-12-07	0.0708405556	17.073	0.1529876667	0.2779232963
25	2015-12-08	0.0623482000	16.281	0.2062177200	0.3602247200
37	2015-12-09	0.0439437027	14.848	0.2910859189	0.4882880811
17	2015-12-10	0.0809318824	19.865	0.1399195882	0.2640045294
46	2015-12-11	0.0978777391	34.292	0.0669468478	0.1311411957
28	2015-12-12	0.1014538929	30.385	0.0535633571	0.1243054286
33	2015-12-13	0.0739818182	19.156	0.1175178788	0.2267768182
31	2015-12-16	0.0416834194	20.167	0.3743367742	0.5987993871
23	2015-12-18	0.0600536522	18.271	0.2408603478	0.3727910870
18	2015-12-19	0.1894555556	28.240	0.1837647222	0.2329473333
44	2015-12-20	0.1138083636	25.490	0.2099940455	0.2835215909
12	2015-12-22	0.1079840000	21.844	0.0517665833	0.1211341667
12	2015-12-27	0.0797518333	14.021	0.1468324167	0.2383808333
17	2015-12-29	0.0634212941	13.272	0.1992162353	0.3305999412
27	2015-12-31	0.0900145926	15.240	0.1169468148	0.2015281111
34	2016-01-01	0.1125687941	21.600	0.0907108235	0.1586633529
26	2016-01-02	0.0627903462	20.100	0.1238123462	0.2397068077
12	2016-01-03	0.0984081667	18.600	0.1621878333	0.2635505833
19	2016-01-04	0.1677993158	22.800	0.5023558421	0.6083478947
12	2016-01-08	0.1152661667	20.500	0.3150973333	0.4262292500
19	2016-01-09	0.0799157368	20.200	0.2903614211	0.4357318947
47	2016-01-10	0.0450251489	16.500	0.5074456809	0.7330332340
37	2016-01-11	0.0638056486	18.800	0.7742011892	0.9914218378
28	2016-01-16	0.0289703571	12.900	0.6796861786	1.0976112143
24	2016-01-17	0.0429858750	13.400	0.6978242500	1.0257396250
14	2016-01-18	0.0477429286	13.600	0.4946982857	0.7792552857
50	2016-01-20	0.0698817000	17.000	0.3175360200	0.5036831200
23	2016-01-21	0.1668689130	28.800	0.1993422174	0.2694083478
35	2016-01-22	0.1294000000	28.900	0.2838780286	0.3829349714
27	2016-01-23	0.1182147407	26.800	0.3141690741	0.4125615926
21	2016-01-26	0.2314400000	34.000	0.2529969524	0.3015514762
22	2016-01-27	0.2072156364	34.300	0.3132171364	0.3716628636
18	2016-01-28	0.0931262778	18.300	0.0865711111	0.1928322778
18	2016-01-29	0.0641797778	14.300	0.1541630000	0.3019636667
31	2016-02-01	0.1519636774	32.600	0.1862057742	0.2359790968
31	2016-02-02	0.1923464516	38.000	0.2748815161	0.3201076774
17	2016-02-03	0.2087981176	34.600	0.3580802941	0.4142469412
26	2016-02-05	0.1036519231	20.200	0.7801778462	0.8940023846
38	2016-02-06	0.2295146316	43.200	0.4519340526	0.5095677895
27	2016-02-07	0.2382489259	42.500	0.2029818519	0.2407341481
29	2016-02-08	0.1420629310	31.700	0.1454614138	0.2165728276
14	2016-02-09	0.0921497857	18.400	0.1227805714	0.2252357857
40	2016-02-10	0.0609874250	17.300	0.1550749500	0.2953250750
25	2016-02-11	0.1237388400	26.600	0.1537490400	0.2317220400
36	2016-02-13	0.2167408611	45.300	0.1031051111	0.1308285278
19	2016-02-16	0.1816585263	30.100	0.1856281053	0.2504393684
13	2016-02-17	0.1522164615	25.600	0.2136966154	0.2939068462
40	2016-02-19	0.1210062500	25.200	0.1360976000	0.2390500500
35	2016-02-21	0.0491536571	18.000	0.3160872857	0.5435154286
42	2016-02-22	0.0695216190	22.000	0.1690866429	0.3199454048
18	2016-02-23	0.0601941111	20.500	0.1689797222	0.3372954444
39	2016-02-24	0.0505741538	19.600	0.1951895128	0.4186876154
26	2016-02-25	0.0634131923	17.100	0.0931908077	0.2428368077
33	2016-02-26	0.0580486970	17.900	0.1670363333	0.3532914848
20	2016-02-27	0.0553448000	17.100	0.2304450000	0.4283201000
23	2016-02-28	0.1470806957	30.000	0.1471013913	0.2336255652
12	2016-03-01	0.1444390000	31.500	0.2343173333	0.3075816667
24	2016-03-05	0.0666564167	16.800	0.4187051250	0.6481735833
19	2016-03-06	0.0652444737	15.300	0.9171295263	1.1687340526
39	2016-03-07	0.1035260256	36.200	0.3985590769	0.5363415385
12	2016-03-08	0.1094165000	26.500	0.5394419167	0.6766485000
36	2016-03-10	0.1149976667	22.200	0.2440011944	0.3570743333
24	2016-03-11	0.1063209167	18.400	0.2413841667	0.3163863750
16	2016-03-12	0.0714000625	19.700	0.1609785000	0.2466056250
17	2016-03-13	0.0584884118	13.900	0.2958379412	0.5161064118
12	2016-03-14	0.0905074167	13.100	0.8320768333	1.0630490833
35	2016-03-17	0.0673175143	17.800	0.7088207429	0.9782980571
20	2016-03-18	0.0464653500	19.400	0.7720056000	1.0972582500
23	2016-04-03	0.0906385217	21.600	0.2820573913	0.4384879130
42	2016-04-04	0.0813041190	20.700	0.2230710476	0.3787325238
21	2016-04-08	0.0704351429	16.900	0.3260720952	0.5454471905
14	2016-04-11	0.0674832857	15.000	0.2659526429	0.4860829286
43	2016-04-24	0.2937434651	85.700	0.2030826047	0.2578926977
39	2016-04-25	0.2969016410	52.100	0.2775711538	0.3412424103
21	2016-04-26	0.2793144762	53.100	0.3033439048	0.3746635238
14	2016-04-27	0.2067271429	51.900	0.2749153571	0.3685219286
14	2016-05-04	0.0965725714	18.500	0.5379582143	0.7166222857
21	2016-05-05	0.0558772857	13.600	0.6485763810	0.9657603810
45	2016-05-06	0.1247735556	26.200	0.3848246222	0.5254781778
25	2016-05-07	0.2229106800	49.000	0.2794554800	0.3727351200
16	2016-05-08	0.2143083125	28.800	0.1465498125	0.2594006250
34	2016-01-01	0.1125687941	21.600	0.0907108235	0.1586633529
26	2016-01-02	0.0627903462	20.100	0.1238123462	0.2397068077
12	2016-01-03	0.0984081667	18.600	0.1621878333	0.2635505833
19	2016-01-04	0.1677993158	22.800	0.5023558421	0.6083478947
12	2016-01-08	0.1152661667	20.500	0.3150973333	0.4262292500
19	2016-01-09	0.0799157368	20.200	0.2903614211	0.4357318947
47	2016-01-10	0.0450251489	16.500	0.5074456809	0.7330332340
37	2016-01-11	0.0638056486	18.800	0.7742011892	0.9914218378
28	2016-01-16	0.0289703571	12.900	0.6796861786	1.0976112143
24	2016-01-17	0.0429858750	13.400	0.6978242500	1.0257396250
14	2016-01-18	0.0477429286	13.600	0.4946982857	0.7792552857
50	2016-01-20	0.0698817000	17.000	0.3175360200	0.5036831200
23	2016-01-21	0.1668689130	28.800	0.1993422174	0.2694083478
35	2016-01-22	0.1294000000	28.900	0.2838780286	0.3829349714
27	2016-01-23	0.1182147407	26.800	0.3141690741	0.4125615926
21	2016-01-26	0.2314400000	34.000	0.2529969524	0.3015514762
22	2016-01-27	0.2072156364	34.300	0.3132171364	0.3716628636
18	2016-01-28	0.0931262778	18.300	0.0865711111	0.1928322778
18	2016-01-29	0.0641797778	14.300	0.1541630000	0.3019636667
31	2016-02-01	0.1519636774	32.600	0.1862057742	0.2359790968
31	2016-02-02	0.1923464516	38.000	0.2748815161	0.3201076774
17	2016-02-03	0.2087981176	34.600	0.3580802941	0.4142469412
26	2016-02-05	0.1036519231	20.200	0.7801778462	0.8940023846
38	2016-02-06	0.2295146316	43.200	0.4519340526	0.5095677895
27	2016-02-07	0.2382489259	42.500	0.2029818519	0.2407341481
29	2016-02-08	0.1420629310	31.700	0.1454614138	0.2165728276
14	2016-02-09	0.0921497857	18.400	0.1227805714	0.2252357857
40	2016-02-10	0.0609874250	17.300	0.1550749500	0.2953250750
25	2016-02-11	0.1237388400	26.600	0.1537490400	0.2317220400
36	2016-02-13	0.2167408611	45.300	0.1031051111	0.1308285278
19	2016-02-16	0.1816585263	30.100	0.1856281053	0.2504393684
13	2016-02-17	0.1522164615	25.600	0.2136966154	0.2939068462
40	2016-02-19	0.1210062500	25.200	0.1360976000	0.2390500500
35	2016-02-21	0.0491536571	18.000	0.3160872857	0.5435154286
42	2016-02-22	0.0695216190	22.000	0.1690866429	0.3199454048
18	2016-02-23	0.0601941111	20.500	0.1689797222	0.3372954444
39	2016-02-24	0.0505741538	19.600	0.1951895128	0.4186876154
26	2016-02-25	0.0634131923	17.100	0.0931908077	0.2428368077
33	2016-02-26	0.0580486970	17.900	0.1670363333	0.3532914848
20	2016-02-27	0.0553448000	17.100	0.2304450000	0.4283201000
23	2016-02-28	0.1470806957	30.000	0.1471013913	0.2336255652
12	2016-03-01	0.1444390000	31.500	0.2343173333	0.3075816667
24	2016-03-05	0.0666564167	16.800	0.4187051250	0.6481735833
19	2016-03-06	0.0652444737	15.300	0.9171295263	1.1687340526
39	2016-03-07	0.1035260256	36.200	0.3985590769	0.5363415385
12	2016-03-08	0.1094165000	26.500	0.5394419167	0.6766485000
36	2016-03-10	0.1149976667	22.200	0.2440011944	0.3570743333
24	2016-03-11	0.1063209167	18.400	0.2413841667	0.3163863750
16	2016-03-12	0.0714000625	19.700	0.1609785000	0.2466056250
17	2016-03-13	0.0584884118	13.900	0.2958379412	0.5161064118
12	2016-03-14	0.0905074167	13.100	0.8320768333	1.0630490833
35	2016-03-17	0.0673175143	17.800	0.7088207429	0.9782980571
20	2016-03-18	0.0464653500	19.400	0.7720056000	1.0972582500
23	2016-04-03	0.0906385217	21.600	0.2820573913	0.4384879130
42	2016-04-04	0.0813041190	20.700	0.2230710476	0.3787325238
21	2016-04-08	0.0704351429	16.900	0.3260720952	0.5454471905
14	2016-04-11	0.0674832857	15.000	0.2659526429	0.4860829286
43	2016-04-24	0.2937434651	85.700	0.2030826047	0.2578926977
39	2016-04-25	0.2969016410	52.100	0.2775711538	0.3412424103
21	2016-04-26	0.2793144762	53.100	0.3033439048	0.3746635238
14	2016-04-27	0.2067271429	51.900	0.2749153571	0.3685219286
14	2016-05-04	0.0965725714	18.500	0.5379582143	0.7166222857
21	2016-05-05	0.0558772857	13.600	0.6485763810	0.9657603810
45	2016-05-06	0.1247735556	26.200	0.3848246222	0.5254781778
25	2016-05-07	0.2229106800	49.000	0.2794554800	0.3727351200
16	2016-05-08	0.2143083125	28.800	0.1465498125	0.2594006250
