nbdates	date	aot_440_daily	pm10	angstrom440_870	angstrom440_675
23	2006-09-14	0.0669897391	16.60000	0.4126412609	-9.9999990000
18	2006-09-15	0.3686441111	84.00000	0.1067477222	-9.9999990000
38	2006-09-18	0.0986827105	31.20000	0.5119494737	-9.9999990000
31	2006-09-19	0.1092899355	50.80000	0.5006129032	-9.9999990000
16	2006-09-20	0.1253341250	21.60000	0.7988840000	-9.9999990000
36	2006-09-21	0.1409820000	21.30000	1.2060269444	-9.9999990000
40	2006-09-22	0.0862501250	20.00000	0.4254455250	-9.9999990000
27	2006-09-23	0.0599207407	20.70000	0.1963055556	-9.9999990000
33	2006-09-27	0.0804375152	23.10000	0.5536073030	-9.9999990000
29	2006-09-29	0.1821583103	43.80000	0.2567582759	-9.9999990000
22	2006-09-30	0.1178005909	30.80000	0.2940325455	-9.9999990000
20	2007-01-10	0.0640051500	33.20000	0.3857279500	-9.9999990000
16	2007-01-11	0.1181853750	31.70000	0.1133872500	-9.9999990000
12	2007-03-27	0.0607832500	17.50000	0.4511193333	-9.9999990000
14	2007-03-28	0.0584129286	15.20000	0.5152745714	-9.9999990000
12	2007-04-04	0.1029749167	12.00000	1.0130505833	-9.9999990000
33	2007-04-09	0.0561926061	13.00000	0.7961602727	-9.9999990000
19	2007-04-10	0.0693192105	12.40000	0.5980872632	-9.9999990000
31	2007-04-12	0.0643805806	19.70000	0.5481125161	-9.9999990000
25	2007-04-13	0.0382408400	14.10000	0.6810404400	-9.9999990000
17	2007-04-15	0.0879122941	13.30000	0.3526451765	-9.9999990000
22	2007-04-16	0.1240582273	18.40000	0.4716678636	-9.9999990000
23	2007-04-17	0.1524329565	33.30000	0.5976597826	-9.9999990000
29	2007-04-18	0.1821826897	39.90000	0.4977400000	-9.9999990000
28	2007-04-19	0.1438564643	53.70000	0.3925524643	-9.9999990000
20	2007-04-20	0.3292825000	42.00000	0.3160507000	-9.9999990000
26	2007-04-21	0.2084515769	48.40000	0.2573208462	-9.9999990000
21	2007-04-22	0.0982428571	42.60000	0.3797799524	-9.9999990000
24	2007-04-23	0.1428067500	27.00000	0.3710538750	-9.9999990000
15	2007-04-24	0.1382905333	28.50000	0.3820039333	-9.9999990000
16	2007-04-25	0.0410981250	28.40000	0.4107600000	-9.9999990000
18	2007-04-27	0.0842100556	20.60000	0.2881051111	-9.9999990000
22	2007-05-13	0.1899596364	46.90000	0.1806875909	-9.9999990000
12	2007-05-14	0.4605271667	59.30000	0.1327671667	-9.9999990000
12	2007-05-16	0.3428793333	60.00000	0.1382576667	-9.9999990000
17	2007-05-17	0.3977695294	74.50000	0.1392473529	-9.9999990000
12	2007-05-23	0.0762232500	15.50000	0.1168359167	-9.9999990000
17	2007-06-21	0.4692321176	49.00000	0.0394258235	-9.9999990000
31	2007-06-23	0.2348974839	20.10000	0.1213985484	-9.9999990000
21	2007-06-24	0.2321268571	29.60000	0.0813939048	-9.9999990000
15	2007-06-28	0.1135849333	18.50000	0.2934268000	-9.9999990000
14	2007-07-01	0.4726410714	63.90000	0.0720860000	-9.9999990000
30	2007-07-02	0.3824577333	83.10000	0.0838030000	-9.9999990000
36	2007-07-03	0.0523881667	16.80000	0.7944679167	-9.9999990000
29	2007-07-11	0.2273364483	22.00000	0.1508132759	-9.9999990000
28	2007-07-12	0.4710045714	60.50000	0.0868984643	-9.9999990000
13	2007-07-13	0.5692946923	72.50000	0.1000841538	-9.9999990000
16	2007-07-14	0.0699559375	21.70000	0.1658487500	-9.9999990000
21	2008-01-14	0.1417306190	36.30000	0.1033201905	-9.9999990000
16	2008-02-15	0.0774223125	27.90000	0.0389743750	-9.9999990000
15	2008-02-16	0.0438427333	17.20000	0.2526056667	-9.9999990000
17	2008-02-17	0.0827806471	17.10000	0.2851061176	-9.9999990000
16	2008-02-19	0.0934686875	28.40000	0.1530068125	-9.9999990000
17	2008-02-20	0.0778580588	20.90000	-0.0210985882	-9.9999990000
49	2008-02-22	0.0559001837	22.80000	0.1432424898	-9.9999990000
22	2008-02-23	0.0588260000	17.20000	0.0793265000	-9.9999990000
34	2008-02-24	0.0484172353	15.20000	0.0924289118	-9.9999990000
15	2008-02-25	0.0653948000	17.70000	0.1322218667	-9.9999990000
17	2008-03-04	0.0642632941	16.50000	0.2808634706	-9.9999990000
37	2008-03-08	0.1029080270	21.80000	0.4736686757	-9.9999990000
27	2008-03-09	0.0862092222	14.80000	0.4552176667	-9.9999990000
21	2008-03-10	0.0684328571	25.80000	0.1680738095	-9.9999990000
15	2008-03-11	0.0761646667	22.00000	0.2916132667	-9.9999990000
22	2008-03-12	0.0582402273	16.20000	0.4241028182	-9.9999990000
37	2008-03-13	0.0750911892	20.00000	0.4651834324	-9.9999990000
14	2008-03-15	0.0945483571	12.00000	0.5104645000	-9.9999990000
34	2008-03-16	0.0787962353	10.10000	0.9357881471	-9.9999990000
29	2008-03-17	0.0431073448	15.80000	0.7565546897	-9.9999990000
15	2008-03-18	0.0610255333	12.50000	1.1400837333	-9.9999990000
19	2008-03-22	0.0820318421	17.50000	0.7131711053	-9.9999990000
15	2008-03-23	0.0817660000	19.10000	0.4514182667	-9.9999990000
57	2008-04-07	0.0665617193	21.80000	0.3469891228	-9.9999990000
25	2008-04-08	0.0835260400	18.90000	0.2178148000	-9.9999990000
16	2008-04-09	0.0703654375	22.44444	0.2138843125	-9.9999990000
44	2008-04-10	0.0509027500	19.10000	0.6475345000	-9.9999990000
14	2008-04-15	0.0974517143	16.40000	0.3590609286	-9.9999990000
19	2008-04-16	0.0913606316	24.70000	0.1110613158	-9.9999990000
29	2008-04-18	0.0835428966	16.90000	0.2999606552	-9.9999990000
36	2008-04-19	0.0797271667	17.80000	0.2389981111	-9.9999990000
33	2008-04-21	0.2431851515	36.40000	0.2728052727	-9.9999990000
48	2008-04-22	0.2191036875	55.00000	0.2368037708	-9.9999990000
20	2008-04-23	0.1866840500	51.80000	0.2265731000	-9.9999990000
13	2008-04-24	0.1753695385	49.50000	0.2038267692	-9.9999990000
13	2008-04-28	0.1656126154	28.00000	0.3102834615	-9.9999990000
35	2008-04-29	0.1710449429	30.80000	0.2800323714	-9.9999990000
23	2008-04-30	0.1581215217	25.00000	0.3795577391	-9.9999990000
12	2008-05-05	0.1035735833	23.20000	0.4488117500	-9.9999990000
16	2008-05-07	0.3763748125	119.60000	0.0778081250	-9.9999990000
12	2008-05-08	0.5796454167	122.80000	0.1110532500	-9.9999990000
16	2008-05-11	0.2366549375	31.90000	0.2334801250	-9.9999990000
33	2008-05-12	0.1172874242	23.00000	0.4317545152	-9.9999990000
32	2008-05-13	0.1082954375	41.40000	0.2510264063	-9.9999990000
41	2008-05-14	0.1418604390	22.80000	0.2654498537	-9.9999990000
37	2008-05-15	0.1496020000	20.00000	0.5422876486	-9.9999990000
57	2008-05-16	0.0913519649	17.70000	0.4232083684	-9.9999990000
53	2008-05-17	0.0976740377	18.50000	0.3873603774	-9.9999990000
13	2008-05-18	0.1400040769	26.50000	0.3217373846	-9.9999990000
13	2008-05-19	0.1373431538	26.50000	0.2682273077	-9.9999990000
26	2008-05-20	0.0870566154	15.80000	0.5118942308	-9.9999990000
31	2008-05-21	0.1132681290	20.10000	0.3827479355	-9.9999990000
19	2008-05-22	0.0901896316	18.70000	0.4053924737	-9.9999990000
20	2008-05-23	0.1048429500	20.90000	0.4138551500	-9.9999990000
35	2008-05-24	0.0878947143	16.40000	0.3109272857	-9.9999990000
34	2008-05-25	0.0924345000	13.40000	0.4865248235	-9.9999990000
25	2008-05-26	0.1333695600	21.00000	0.3685746000	-9.9999990000
12	2008-05-28	0.3030660000	43.60000	0.1222875000	-9.9999990000
33	2008-05-31	0.1043069091	17.20000	0.4112137879	-9.9999990000
15	2008-06-02	0.1258072000	22.10000	0.1864677333	-9.9999990000
22	2008-06-03	0.0838457727	21.50000	0.2427416818	-9.9999990000
16	2008-06-09	0.1878141875	38.50000	0.1065505625	-9.9999990000
26	2008-06-10	0.1322465769	32.60000	0.2181718846	-9.9999990000
38	2008-06-11	0.1607787895	26.90000	0.1773144474	-9.9999990000
24	2008-06-14	0.2511301250	43.30000	0.1108675000	-9.9999990000
42	2008-06-15	0.2266714048	59.30000	0.1365026905	-9.9999990000
18	2008-06-16	0.2450493333	64.90000	0.1353916667	-9.9999990000
26	2008-06-17	0.1557323077	41.30000	0.1024326538	-9.9999990000
32	2008-06-18	0.3549232813	36.30000	0.0977901875	-9.9999990000
12	2008-06-26	0.3378470000	29.40000	0.0579953333	-9.9999990000
19	2008-07-01	0.3201575263	31.10000	0.1283044737	-9.9999990000
24	2008-07-04	0.1471903333	20.10000	0.1893901667	-9.9999990000
12	2008-07-05	0.1576340000	19.60000	0.1093840000	-9.9999990000
15	2008-07-06	0.2855515333	51.10000	0.0203553333	-9.9999990000
12	2008-07-08	0.1108977500	23.40000	0.1140025000	-9.9999990000
14	2008-07-09	0.1510732143	18.30000	0.2571343571	-9.9999990000
25	2008-07-10	0.3594348800	49.40000	0.0713625600	-9.9999990000
16	2008-07-11	0.4313146250	55.66667	0.1335558750	-9.9999990000
14	2008-07-12	0.2201763571	24.57143	0.1779505000	-9.9999990000
14	2008-07-17	0.1766709286	19.80000	0.0956222857	-9.9999990000
27	2008-07-18	0.3066782593	30.40000	0.1374684815	-9.9999990000
38	2008-07-19	0.2694846316	42.70000	0.1238763421	-9.9999990000
45	2008-07-20	0.4326363556	32.90000	0.1117742889	-9.9999990000
18	2008-07-21	0.5381773889	38.80000	0.1086982222	-9.9999990000
20	2008-07-22	0.3246501000	38.90000	0.1349705000	-9.9999990000
35	2008-07-23	0.1470369143	18.30000	0.1957454571	-9.9999990000
36	2008-07-24	0.0904904444	16.90000	0.1572725556	-9.9999990000
21	2008-07-25	0.1995417143	27.30000	0.1047890000	-9.9999990000
27	2008-07-26	0.2283751481	32.00000	0.0566544444	-9.9999990000
54	2008-07-27	0.1238699074	22.50000	0.1208817963	-9.9999990000
42	2008-07-28	0.1135977857	22.10000	0.0843684524	-9.9999990000
23	2008-08-02	0.2810239130	33.60000	0.0451360000	-9.9999990000
37	2008-08-03	0.2753842973	54.40000	0.0741210811	-9.9999990000
40	2008-08-04	0.1981735000	40.00000	0.1068419500	-9.9999990000
33	2008-08-06	0.6926456667	77.30000	0.0389573636	-9.9999990000
30	2008-08-07	0.1503710667	23.80000	0.1982035333	-9.9999990000
40	2008-08-08	0.0920061000	19.00000	0.1841488250	-9.9999990000
40	2008-08-09	0.2401902500	38.30000	0.0931113000	-9.9999990000
33	2008-08-10	0.3604025758	64.20000	0.0843572424	-9.9999990000
14	2008-08-11	0.3054706429	55.90000	0.1255243571	-9.9999990000
16	2009-03-14	0.0996793125	23.60000	0.2797858750	0.3451500625
32	2009-03-16	0.0528915313	16.80000	0.5440127813	0.6333070313
32	2009-03-17	0.1035425313	23.00000	0.3965952813	0.4536430938
27	2009-03-18	0.0780676667	20.00000	0.4111822963	0.4611007778
24	2009-03-19	0.0666732083	15.30000	0.4617756250	0.5656041667
41	2009-03-20	0.0726131220	18.70000	0.4950363171	0.6110068049
15	2009-03-23	0.0778058000	16.90000	0.6680784667	0.8461554000
12	2009-03-27	0.1367723333	28.30000	0.3893582500	0.5015844167
13	2009-03-28	0.1365297692	23.50000	0.2464503846	0.3430375385
12	2009-04-01	0.0826271667	28.83333	0.4716513333	0.6022195000
14	2009-04-02	0.0609265714	13.30000	0.5850252857	0.7432809286
15	2009-04-03	0.0571146000	12.20000	0.5301102667	0.7027508000
32	2009-04-05	0.0783315000	9.80000	0.9618923125	1.0268820625
13	2009-04-06	0.0715329231	12.80000	0.9471513077	1.0303833077
22	2009-04-07	0.0704360909	13.70000	0.9619909091	1.0423289091
28	2009-04-08	0.1088177143	18.70000	0.8691160357	0.9618738571
15	2009-04-10	0.1139286000	13.80000	0.4231434667	0.5208328000
15	2009-04-11	0.0827868000	15.90000	0.5646896000	0.6627025333
19	2009-04-12	0.0911735789	16.30000	0.3807697895	0.4899281053
13	2009-04-13	0.1004356923	14.60000	0.3489776154	0.4794580769
42	2009-04-14	0.0951735476	16.40000	0.5580890238	0.6395348333
23	2009-04-15	0.0813606957	18.90000	0.4339136522	0.5333080435
22	2009-04-16	0.0943638182	19.10000	0.3599988636	0.4671817273
23	2009-04-17	0.0783977391	18.60000	0.4634542174	0.5938452609
17	2009-04-18	0.1054131176	14.40000	0.5305991765	0.6530368824
12	2009-04-27	0.0751024167	15.40000	0.4333310833	0.5619971667
13	2009-04-29	0.1209203077	19.80000	0.1590841538	0.2363957692
13	2009-05-11	0.0832310769	19.10000	0.3635268462	0.4745736923
18	2009-05-15	0.1213972222	27.40000	0.2270766111	0.3144263333
14	2009-05-21	0.1349717857	21.30000	0.3479852857	0.4426187857
24	2009-05-24	0.1489759167	20.70000	0.3535154167	0.4143008333
14	2009-05-25	0.1625989286	32.80000	0.3135609286	0.3701045000
14	2009-05-26	0.3331757857	45.40000	0.2241560000	0.2513827857
15	2009-05-27	0.4286304000	47.90000	0.1907714667	0.1964306667
22	2009-05-28	0.3899756818	50.50000	0.1749455000	0.1716660455
30	2009-05-31	0.0786455333	17.55556	0.5353004333	0.6728489333
14	2009-06-01	0.1431335000	34.11111	0.2624636429	0.3436772857
12	2009-06-03	0.1470930000	29.10000	0.3720941667	0.4387075833
23	2009-06-05	0.0840228696	17.50000	0.4336888696	0.5796528696
31	2009-06-08	0.4380548065	76.70000	0.1340972581	0.1374760323
13	2009-06-09	0.3565944615	31.90000	0.1947972308	0.2054402308
42	2009-06-10	0.1931892143	20.40000	0.2334595714	0.2777198810
25	2009-06-12	0.1263626800	25.40000	0.2610000800	0.3556491200
12	2009-06-13	0.2114929167	41.40000	0.0633181667	0.1141050000
32	2009-06-14	0.1840258125	26.20000	0.1652060938	0.2197910313
15	2009-06-15	0.1514004000	16.33333	0.2928740667	0.3830354667
18	2009-06-19	0.1275055000	20.00000	0.1923322778	0.2809643333
18	2009-06-22	0.0933145000	14.66667	0.3823584444	0.5043465556
18	2009-06-26	0.6973175000	112.70000	0.0682815000	0.0370612778
33	2009-06-27	0.4486172424	76.80000	0.1036424848	0.0804943030
42	2009-06-28	0.4372205714	90.10000	0.1220537381	0.1036572381
21	2009-06-29	0.2152731905	46.60000	0.2009784762	0.2386766190
20	2009-06-30	0.0977373000	14.80000	0.5533250500	0.6838105000
24	2009-07-01	0.1687584583	54.50000	0.2018280833	0.2385005417
14	2009-07-06	0.5655870714	52.10000	0.0763127143	0.0615858571
24	2009-07-07	0.1805470000	21.30000	0.4471987917	0.5102745833
39	2009-07-08	0.1352562051	16.80000	0.5335312564	0.6125804615
32	2009-07-09	0.2202751563	35.90000	0.1952296875	0.2170444688
20	2009-07-11	0.3329047000	31.00000	0.1336806500	0.1502009500
25	2009-07-12	0.0976861600	15.50000	0.6037660000	0.7369655200
14	2009-07-13	0.2851916429	43.40000	0.1057095714	0.1158188571
15	2009-07-22	0.5965968667	40.70000	0.1100476000	0.0912296667
12	2009-07-23	0.5047851667	52.00000	0.0835730000	0.0616620833
15	2009-07-24	0.4372901333	39.50000	0.1434654667	0.1324570000
13	2009-07-25	0.2935296923	24.60000	0.1785186154	0.1725212308
16	2009-07-28	0.4017258750	68.90000	0.1241991250	0.1374231875
18	2009-07-29	0.2594205556	29.80000	0.1764790556	0.2191161111
17	2009-07-31	0.3048607059	34.50000	0.1791799412	0.2047251176
16	2009-08-01	0.2511081250	35.50000	0.1826514375	0.2041621250
13	2009-08-02	0.1185497692	24.80000	0.2094191538	0.2769251538
26	2009-08-03	0.1889584615	49.90000	0.1915193077	0.2177750385
30	2009-08-04	0.3416028333	56.10000	0.1699362000	0.1910174333
34	2009-08-05	0.2877029118	54.80000	0.1664404412	0.1950980588
16	2009-09-24	0.0482428750	12.40000	0.5371695625	0.6905465000
35	2010-04-28	0.5325299429	101.90000	0.1124373143	0.0907462286
26	2010-04-29	0.1851645000	47.80000	0.4648103846	0.5161639231
27	2010-05-02	0.0967813704	17.20000	0.8550462593	0.9613113333
12	2010-05-04	0.1393907500	20.20000	0.6417585833	0.7570701667
22	2010-05-05	0.1412555000	19.80000	0.7320242273	0.8663135909
12	2010-05-06	0.0632578333	14.00000	1.3388951667	1.4151846667
24	2010-05-08	0.0830537083	19.44444	0.7024003333	0.7753740833
24	2010-05-09	0.0848048750	23.60000	0.7019100000	0.7648030833
15	2010-05-10	0.0716894667	23.75000	0.6474826000	0.7871108000
18	2010-05-18	0.1532180556	25.60000	0.6244644444	0.7186797222
12	2010-05-19	0.1549084167	26.10000	0.4888327500	0.5811197500
13	2010-05-21	0.1288109231	30.70000	0.3712315385	0.4540877692
21	2010-05-23	0.1944447143	35.60000	0.3197319048	0.3543018571
18	2010-05-25	0.3746784444	71.80000	0.1805361111	0.1827183889
23	2010-05-30	0.1291708696	31.40000	0.5219686087	0.5993451304
33	2010-05-31	0.6289675758	88.70000	0.1022346667	0.0781819394
12	2010-06-01	0.8173007500	115.40000	0.1210299167	0.0833150833
39	2010-06-02	0.8827860513	99.70000	0.1514933333	0.1071037949
35	2010-06-03	0.7722583429	134.60000	0.1322472286	0.0951001429
25	2010-06-05	0.1015221600	20.10000	0.7552384000	0.7648792000
24	2010-06-06	0.0928984583	27.50000	0.8434555417	0.8295034583
35	2010-06-07	0.1315206857	34.80000	0.4542399143	0.4911375429
21	2010-06-08	0.2853264762	59.40000	0.1449743810	0.1615293333
19	2010-06-12	0.1098192632	19.80000	0.5911155789	0.6546445789
53	2010-06-13	0.1118223585	33.60000	0.5885197925	0.6393222830
24	2010-06-14	0.0835360417	12.50000	1.2292111250	1.3196185833
23	2010-06-15	0.0860593043	19.50000	0.8137416522	0.9234123913
12	2010-06-20	0.1262622500	24.80000	0.4380063333	0.5371503333
16	2010-06-22	0.1940391250	37.90000	0.2124432500	0.2654645625
15	2010-06-27	0.2070190000	24.80000	0.3049135333	0.3222952000
36	2010-07-07	0.5182489722	80.40000	0.1398263889	0.1275389722
17	2010-07-08	0.1794224706	41.20000	0.4261243529	0.4737278824
31	2010-07-09	0.2061919032	35.20000	0.2958408065	0.3213472258
14	2010-07-13	0.3235347857	44.70000	0.0806725714	0.0915015000
19	2010-07-14	0.4007911579	55.20000	0.1388853158	0.1406573684
14	2010-07-15	0.2642594286	46.80000	0.3040342143	0.3541187143
28	2010-07-24	0.2845381071	32.80000	0.2979543571	0.3217457500
30	2010-07-25	0.3000370000	56.60000	0.2920467333	0.3151349000
17	2010-07-26	0.2198611765	40.50000	0.3706587059	0.4126618235
27	2010-07-27	0.0739590741	21.00000	0.9899378889	1.1026656667
16	2010-07-29	0.3392486875	46.00000	0.1561673750	0.1711049375
13	2010-07-31	0.2342120000	27.20000	0.3895181538	0.4496286923
22	2010-08-01	0.1040868636	26.22222	0.6591095909	0.7738285455
33	2010-08-05	0.2730720303	20.70000	0.3357564545	0.3421473939
30	2010-08-06	0.4299506000	44.90000	0.2524862000	0.2531244333
18	2010-08-07	0.1211071667	31.28571	0.4674343333	0.5153158333
16	2010-08-10	0.1226998750	10.90000	1.2905315000	1.2615731875
26	2010-08-12	0.1917355385	17.90000	0.5283395385	0.5908018462
19	2010-08-13	0.1058597895	23.80000	0.8850377895	0.9726917895
37	2010-08-14	0.0889708108	14.40000	1.1287226486	1.2069252973
25	2010-08-17	0.3824038800	38.00000	0.2489996000	0.2510663200
30	2010-08-18	0.5289409667	91.80000	0.1442649333	0.1445323000
20	2010-08-19	0.4084787000	65.10000	0.1607012000	0.1788068500
14	2010-08-20	0.1852495000	30.70000	0.4320142857	0.4792168571
33	2010-09-02	0.3250937273	72.40000	0.3103530909	0.3310418182
31	2010-09-03	0.5415392258	51.40000	0.2942128387	0.2941785161
19	2010-09-04	0.1251665263	23.00000	1.1262013158	1.2065265263
12	2010-09-05	0.1142650000	23.20000	1.0088502500	1.1002691667
14	2010-09-06	0.1099173571	22.30000	1.2808920714	1.3488252857
16	2010-09-12	0.0940648750	17.80000	0.8449806875	0.9981990625
19	2010-09-14	0.0450150526	25.30000	1.6730152105	1.7740440000
17	2010-09-18	0.3382842353	21.60000	0.7299772941	0.8381580000
13	2010-09-19	0.1059452308	16.70000	1.3713146154	1.4589821538
16	2010-09-21	0.5969241875	104.50000	0.0802286250	0.0638113125
26	2010-09-24	0.1050078462	23.50000	0.6779966154	0.8052725000
27	2010-09-27	0.0663145185	11.10000	2.5408598889	2.4144079630
19	2010-10-10	0.2212400000	15.40000	0.7602040000	0.8457711579
50	2010-10-11	0.2315994000	22.20000	1.1568029400	1.2063362400
30	2010-10-12	0.1002272667	26.80000	0.6802650667	0.8027402333
44	2010-10-13	0.0816590000	22.40000	0.9075440909	1.0253464318
28	2010-10-14	0.0744500000	19.10000	0.9485048571	1.0985093929
17	2010-10-15	0.1000533529	17.50000	0.8443002353	0.9712640588
44	2010-10-16	0.0890607727	11.00000	0.8207752955	0.9778747273
51	2010-10-19	0.0686273725	11.80000	1.0443204314	1.2315767255
49	2010-10-20	0.0593370816	11.30000	1.3129579796	1.4979007143
32	2010-10-21	0.0676074688	17.00000	2.2176101875	2.0832672500
34	2010-10-22	0.0647702941	24.83333	1.2727962059	1.4060116471
13	2010-10-25	0.1025907692	12.16667	0.7280153077	0.8545842308
17	2010-10-26	0.0913365882	14.30000	0.6214934118	0.7764557647
17	2010-10-28	0.0585712941	12.00000	2.9093702941	2.6873509412
15	2010-11-05	0.1339483333	29.20000	0.4270993333	0.5323920667
20	2010-11-07	0.0821921500	12.40000	1.1495230500	1.3163911500
20	2010-11-20	0.0934891000	15.60000	0.9660291000	1.0660894000
25	2010-11-24	0.0984384000	22.00000	0.4641390800	0.5784365600
31	2010-11-26	0.0569610000	17.50000	1.5369210968	1.4418449032
38	2010-11-29	0.0723692105	16.40000	0.9035108421	0.9973751842
14	2010-11-30	0.0583377857	19.30000	0.8372301429	0.9986828571
36	2010-12-01	0.0506231389	28.80000	1.9099284722	1.8909079722
27	2010-12-03	0.0734732593	16.70000	1.4061618519	1.5324862222
12	2010-12-04	0.0623998333	16.30000	1.8252308333	1.8598754167
15	2010-12-09	0.1180592667	22.60000	0.4784748667	0.5715930667
27	2010-12-10	0.1009820370	23.90000	0.5017863704	0.6036158519
34	2010-12-13	0.0488625882	27.00000	2.1629156471	2.2110160000
16	2010-12-14	0.0674953125	12.70000	0.9427825625	1.1058930000
20	2010-12-17	0.1021743500	18.20000	0.9395678000	1.0673380000
31	2010-12-19	0.0802146129	18.20000	0.7257899032	0.8712550968
22	2010-12-20	0.0780572727	14.90000	1.0125601364	1.1557389545
15	2010-12-21	0.0742282000	16.70000	1.3867212667	1.5062777333
15	2010-12-24	0.1371493333	34.50000	1.0849386000	1.1749709333
23	2010-12-27	0.1792627826	15.30000	0.8980410435	0.9377919565
17	2010-12-28	0.1124149412	11.30000	1.2987529412	1.2658965294
17	2010-12-29	0.0728670588	12.80000	1.1390896471	1.2889645882
16	2011-01-07	0.2168769375	31.90000	0.6061754375	0.6215382500
13	2011-01-11	0.1211872308	22.90000	0.2638474615	0.3076433077
33	2011-01-14	0.1497580606	25.90000	0.9319127879	0.9631331212
34	2011-01-15	0.0756968529	16.00000	0.8032569706	0.9133206471
31	2011-01-16	0.0608230000	16.50000	1.2934929677	1.3613961290
16	2011-01-17	0.0721868125	22.30000	0.4414873750	0.5884843750
26	2011-01-18	0.0836267308	24.10000	0.5800923462	0.6978068077
13	2011-01-19	0.0454852308	17.50000	0.9680846923	1.1532737692
35	2011-01-21	0.0775467429	20.70000	0.7042239714	0.8402793143
25	2011-01-22	0.0886932800	18.10000	0.5249403200	0.6917465600
21	2011-01-23	0.0833680952	16.40000	0.6554331429	0.8110865714
37	2011-01-27	0.0619052432	17.90000	0.8204943784	0.9674974054
46	2011-01-28	0.0682953043	20.00000	0.9752288261	1.0788000435
36	2011-01-29	0.0575530556	19.10000	1.0265412222	1.1725128611
35	2011-01-30	0.0529304000	11.20000	1.2018136857	1.3353689714
19	2011-01-31	0.0463627368	13.70000	1.0297996316	1.1860899474
27	2011-02-01	0.0557589259	15.00000	1.8120764815	1.8270461852
18	2011-02-05	0.0631956111	15.37500	0.9833653333	1.0630881111
28	2011-02-07	0.1027823929	19.10000	0.3840193571	0.4822050000
16	2011-02-08	0.0666154375	18.60000	0.9534510625	1.0957298750
18	2011-02-09	0.0945285556	16.00000	0.3950429444	0.4862628889
12	2011-02-10	0.0677521667	23.10000	0.3989540833	0.5179683333
12	2011-11-03	0.4011381667	116.40000	0.1688145000	0.1395690833
23	2011-11-04	0.2013688696	62.30000	0.1781346087	0.1841274783
20	2011-11-05	0.1182564500	9.70000	0.1942482500	0.2494666500
38	2011-11-08	0.1393540789	45.80000	0.3232439474	0.3616734211
27	2011-11-11	0.1126378148	22.40000	0.3284040741	0.3632709630
28	2011-11-12	0.1221662500	28.50000	0.3358087143	0.3593105714
30	2011-11-13	0.1247364667	19.40000	0.4070562000	0.4426777667
44	2011-11-14	0.0902681364	22.42857	0.7583148636	0.8047719318
52	2011-11-16	0.0627398269	14.20000	0.7401892115	0.7436210000
22	2011-11-17	0.0802743636	17.10000	0.5665100909	0.5828154545
39	2011-11-20	0.0531741795	12.10000	1.1085635897	1.0766343590
44	2011-11-21	0.0634677273	29.40000	1.3615332500	1.3567548864
41	2011-11-22	0.0646017317	23.40000	1.2676446341	1.3237597805
37	2011-11-23	0.0513984865	11.80000	1.0235005946	1.0968673243
22	2011-11-24	0.0578852273	17.30000	0.4483483182	0.5265662273
21	2011-11-26	0.1038001905	22.30000	0.2698009524	0.3214660000
22	2011-11-30	0.1113395909	20.25000	1.6325830000	1.7004782273
24	2011-12-01	0.1426851667	18.90000	1.4664553750	1.3961947917
12	2011-12-10	0.0566551667	18.10000	1.2155320833	1.3035629167
30	2011-12-11	0.0821415667	13.40000	1.5403847000	1.5414343000
31	2011-12-12	0.0971141935	24.44444	1.0171269355	1.1125533871
21	2011-12-13	0.0792564286	14.20000	0.7062648571	0.7820284286
12	2011-12-14	0.1558695833	27.80000	1.0518206667	1.1037752500
53	2011-12-15	0.0501784906	16.50000	1.1959896792	1.2597575094
13	2011-12-16	0.0828663077	21.30000	0.4372462308	0.4617196923
25	2011-12-17	0.0560570400	16.40000	0.6305687200	0.6664466800
14	2011-12-19	0.0928599286	24.20000	0.7565582143	0.8220692143
18	2011-12-21	0.0920173889	20.80000	0.4405535000	0.5130897778
31	2011-12-23	0.0795309355	21.10000	0.2895990645	0.3337240968
24	2011-12-24	0.1071165417	21.20000	0.3840698333	0.4442791250
23	2011-12-25	0.1143056087	12.00000	0.5924210870	0.6558662174
24	2011-12-26	0.0750833333	15.60000	0.4975501250	0.5563010417
38	2011-12-27	0.0528093947	16.50000	0.6456586316	0.7028898684
26	2011-12-28	0.0639117308	18.30000	0.4997430000	0.5396691923
21	2011-12-29	0.0874188571	19.00000	0.3002053810	0.3422267619
15	2011-12-31	0.1084699333	20.50000	0.1277773333	0.1567582667
20	2012-01-03	0.1308140500	25.70000	0.0965852000	0.1188744000
37	2012-01-04	0.0917022162	19.80000	0.2036077838	0.2487715946
24	2012-01-05	0.0748106667	19.60000	0.3121152500	0.3608160417
51	2012-01-06	0.0711423137	18.80000	0.3059945098	0.3458114314
19	2012-01-07	0.0674606842	15.30000	0.3627020526	0.4131171053
12	2012-01-09	0.0761080000	17.50000	0.2685283333	0.3158633333
27	2012-01-10	0.0664106296	16.75000	0.4640631852	0.5192308148
18	2012-01-11	0.0959241667	23.00000	1.1861030000	1.2408346111
26	2012-01-12	0.0670818846	19.90000	0.6482271923	0.7251153077
13	2012-01-13	0.1041533846	21.50000	0.3440406154	0.4100257692
14	2012-01-15	0.0737859286	19.40000	0.2512763571	0.2902719286
23	2012-01-16	0.0787022609	19.40000	0.2343360000	0.2779648261
43	2012-01-18	0.0659930233	19.30000	0.5492602791	0.5855439302
45	2012-01-19	0.0787816444	31.70000	0.4372168000	0.5137864444
40	2012-01-20	0.0870244250	24.20000	0.2756783250	0.3256279000
32	2012-01-21	0.0738163750	16.30000	0.4000338750	0.4488842500
19	2012-01-22	0.0655825263	13.20000	0.3788866842	0.4121192632
37	2012-01-23	0.0531156757	17.00000	0.6365054324	0.6794065135
47	2012-01-25	0.0474755957	16.20000	0.8268732766	0.8834808936
29	2012-01-26	0.0637054828	14.60000	0.5825350345	0.6462937241
16	2012-01-27	0.0715651875	13.90000	0.4168530000	0.4715765625
33	2012-02-02	0.0978809091	22.80000	0.2416818182	0.2877790909
24	2012-02-04	0.0903667917	18.70000	0.3276947083	0.3907942083
16	2012-02-05	0.0868122500	18.20000	0.3544850000	0.4126560000
43	2012-02-06	0.0848467907	21.50000	0.2677319535	0.3299330233
27	2012-02-09	0.0904625556	17.30000	0.3925180000	0.4646411481
33	2012-02-12	0.0720370000	18.00000	0.2424635758	0.3096151818
35	2012-02-13	0.0503191429	16.10000	0.4822843714	0.5886719714
52	2012-02-14	0.0546263462	15.00000	0.4686787500	0.5563113846
14	2012-02-15	0.0962652857	25.90000	0.3610816429	0.4589355714
31	2012-02-16	0.0887478710	23.70000	0.3698670968	0.4584384516
19	2012-02-17	0.0813912632	19.90000	0.5008426842	0.5931453158
43	2012-02-18	0.0462462093	15.10000	0.7433071628	0.8190550233
43	2012-02-19	0.0535190000	13.50000	0.6410383023	0.7052046512
18	2012-02-21	0.0631097778	11.30000	0.4652442778	0.5792108333
37	2012-02-23	0.0779402162	16.90000	0.2920812703	0.3684351081
13	2012-02-25	0.1170314615	20.30000	0.3790768462	0.4720393846
31	2012-02-26	0.1124279032	22.90000	0.1552248387	0.1955664516
15	2012-03-05	0.1004768000	21.80000	0.1984500000	0.2469692000
17	2012-03-06	0.1599690588	28.20000	0.0940605882	0.1246051765
17	2012-03-07	0.1729202941	67.10000	0.1552698824	0.1608913529
30	2012-03-08	0.1036389667	26.10000	0.2263401667	0.2883941000
35	2012-03-13	0.1013563429	16.10000	0.7317996286	0.8478997714
13	2012-03-14	0.0902045385	17.80000	0.4089886923	0.4915989231
22	2012-04-10	0.0857833636	17.40000	0.6070218182	0.7929157727
12	2012-04-11	0.1021618333	18.60000	0.4384453333	0.5845695000
15	2012-04-12	0.1217634667	19.30000	0.3802946667	0.5355936000
20	2012-04-13	0.1204777500	20.50000	0.5568481500	0.7206976000
19	2012-04-22	0.0963667895	12.00000	0.5780987895	0.7707507368
30	2012-04-23	0.1180715333	20.70000	0.4312574667	0.5986425000
13	2012-04-27	0.0806386154	18.40000	0.6446393077	0.8338138462
21	2012-04-28	0.0864518571	16.80000	0.3694271429	0.5141368095
18	2012-04-30	0.1196756111	22.20000	0.3774115556	0.5343745000
24	2012-05-15	0.1398699167	17.80000	0.5175785417	0.6480789583
15	2012-05-18	0.2324870667	44.90000	0.3187170000	0.4116603333
13	2012-05-20	0.1866546923	31.90000	0.3229548462	0.4137751538
25	2012-05-21	0.2377381600	36.50000	0.2268286000	0.2969775600
25	2012-05-22	0.2103266400	47.50000	0.2166760800	0.2877574000
14	2012-05-23	0.2287218571	51.20000	0.2291257143	0.3015796429
29	2012-05-24	0.1332188276	27.30000	0.3049984138	0.4235360345
29	2012-05-25	0.1534676207	23.40000	0.3449275862	0.4807378276
34	2012-05-27	0.1065330000	14.40000	0.6417984706	0.8358040294
33	2012-05-28	0.1873906364	30.90000	0.3323218182	0.4191749394
38	2012-05-29	0.2324328158	33.30000	0.1383046316	0.2046754211
13	2012-05-30	0.3116354615	86.40000	0.1397329231	0.1614142308
13	2012-06-01	0.4409334615	67.10000	0.0842831538	0.0279750769
20	2012-06-02	0.4130533500	86.20000	0.1123802500	0.0769233500
44	2012-06-03	0.4584889318	66.90000	0.1567374318	0.1123188409
56	2012-06-04	0.3276988214	77.30000	0.1646953571	0.0988413929
35	2012-06-05	0.0953570286	22.30000	0.2711932286	0.2114793714
22	2012-06-07	0.2873090000	50.00000	0.0595898636	0.0460882727
35	2012-06-09	0.1217313714	24.10000	0.2766925429	0.2240146000
25	2012-06-10	0.1665230000	47.60000	0.0942517600	0.0628522000
17	2012-06-12	0.3693060000	66.30000	0.0644701176	0.0302416471
24	2012-06-17	0.5162866667	56.40000	0.0179082083	-0.0163248333
22	2012-06-18	0.2608945455	42.10000	0.0674421364	0.0603160000
12	2012-06-19	0.2253115833	32.00000	0.0406956667	0.0156591667
32	2012-06-21	0.4930799688	54.85714	0.0403618438	0.0077432500
40	2012-06-22	0.4456202250	66.20000	0.0599224750	0.0217932250
25	2012-06-23	0.0967768800	21.20000	0.1946223200	0.1631223600
47	2012-06-24	0.1431493830	21.80000	0.1098574468	0.0444855957
26	2012-06-25	0.2278875769	36.80000	0.0961415769	0.0186970769
20	2012-06-26	0.4941088500	64.20000	0.1726862000	0.1262472000
24	2012-06-27	0.5211415417	78.90000	0.0890012083	0.0556170417
30	2012-06-28	0.1752485333	33.70000	0.1743716333	0.1128676667
39	2012-06-29	0.2100028718	30.50000	0.1316308718	0.0668845385
14	2012-06-30	0.1711039286	37.50000	0.1270411429	0.1060041429
12	2012-07-03	0.3255380000	65.90000	0.0658664167	0.0592174167
15	2012-07-05	0.5474586000	75.40000	0.0938440000	0.0633090000
43	2012-07-08	0.0471269070	12.50000	0.2708686744	0.1050467674
30	2012-07-09	0.1862132667	36.30000	0.1008384667	0.0588838000
19	2012-07-10	0.3797505789	74.90000	0.0544279474	0.0004436842
14	2012-07-11	0.3647162143	49.90000	0.0971552143	0.0685280714
13	2012-07-12	0.1319934615	21.60000	0.2267232308	0.1793604615
21	2012-07-13	0.0527752857	14.50000	0.0338786190	-0.2279449048
28	2012-07-16	0.4500082500	49.40000	0.1381830000	0.1031375000
15	2012-07-17	0.2632808667	25.90000	0.1851973333	0.1781850667
17	2012-07-23	0.3128811176	40.60000	0.1895730000	0.1694147059
40	2012-07-24	0.3690484750	65.10000	0.1143194000	0.0716471000
41	2012-07-25	0.3353435610	53.20000	0.1637185122	0.1176601220
17	2012-07-26	0.3070975882	58.00000	0.1731615294	0.1438580000
33	2012-07-27	0.1487849091	33.90000	0.2059685455	0.1405022424
24	2012-08-01	0.4140731250	33.80000	0.1154346250	0.0824649167
19	2012-08-02	0.2857838947	34.20000	0.1447618421	0.0975128947
15	2012-09-06	0.2866475333	52.40000	0.2181252667	0.1615328000
51	2012-09-07	0.2489450784	48.40000	0.2841593529	0.2495464510
42	2012-09-08	0.2055012857	47.30000	0.1192497381	0.0454917381
23	2012-09-09	0.0956817826	17.20000	0.2490086522	0.1246403043
16	2012-09-10	0.0720448750	23.30000	0.2807618125	0.2372083750
22	2012-09-13	0.0560087273	11.80000	0.7574335000	0.5250399545
41	2012-09-14	0.0325915854	14.50000	0.9271977561	-1.0083331951
44	2012-09-15	0.0280740227	9.30000	0.1456085682	-0.2653921591
14	2012-09-16	0.0841194286	15.20000	0.3818580000	0.3856492857
15	2012-09-19	0.0757010000	9.60000	1.0951760667	0.8914023333
27	2012-09-20	0.1644941852	33.10000	0.2724004815	0.1976964444
31	2012-09-21	0.1749617742	57.10000	0.1028679032	0.0204861935
23	2012-09-22	0.2681861304	48.00000	0.2708532174	0.2229033478
24	2012-09-27	0.0906636250	9.77778	0.5684596667	0.3156152500
23	2012-09-28	0.0744338261	13.40000	0.8338501739	0.7305025217
38	2012-09-29	0.1032444211	15.10000	0.9788343947	0.8377924211
22	2012-09-30	0.0397925000	11.50000	0.1511198636	-0.0636565455
15	2012-10-01	0.0560389333	20.70000	0.1637219333	0.1268533333
22	2012-10-07	0.1971373636	20.40000	0.3802613182	0.3561588182
18	2012-10-20	0.0435979444	29.80000	0.1783861667	0.0875376667
42	2012-10-21	0.0178438095	11.90000	-0.2809077381	-0.7169964286
34	2012-10-22	0.0195607353	19.30000	-0.0264163235	-0.4556004706
24	2012-10-23	0.0356499583	19.33333	0.5648922917	0.3114703333
37	2012-10-24	0.0281960811	12.90000	0.1664428919	-0.0774017297
39	2012-10-25	0.0419833333	15.80000	0.1726128718	0.1079994615
22	2012-10-27	0.0890810909	12.60000	0.0995017727	0.0853888636
37	2012-10-29	0.0564565135	20.50000	1.1523991081	0.9850627027
35	2012-10-30	0.0705162571	11.50000	0.3224756857	0.2120286000
35	2012-10-31	0.1014299429	15.20000	1.2592129143	1.2667296571
40	2012-11-01	0.1506571750	13.50000	0.0884002500	0.1042041750
33	2012-11-02	0.1105481818	16.60000	0.3339516364	0.3597045758
20	2012-11-04	0.0288182000	10.75000	0.3164199000	0.2400329500
41	2012-11-05	0.0343546829	8.22222	0.3057561220	0.1962038537
27	2012-11-06	0.0342195926	12.60000	0.0793862593	-0.0407809259
17	2012-11-07	0.0360478824	13.50000	0.0795125294	0.0581647059
41	2012-11-08	0.0394362927	12.90000	0.3813016098	0.3614780244
34	2012-11-09	0.0736813824	12.90000	0.8198429118	0.8707079118
21	2012-11-10	0.0694534286	14.90000	0.9979760476	1.0317731429
33	2012-11-15	0.0506346364	16.70000	0.2625519697	0.2493022121
22	2012-11-16	0.0215806364	11.30000	0.0007762273	-0.2655426818
18	2012-11-18	0.0633242778	15.70000	-0.0848322222	-0.1817794444
28	2012-11-19	0.0607660357	14.00000	0.3582387143	0.3447521071
33	2012-11-20	0.0453257273	15.25000	0.0759610303	-0.0280790909
45	2012-11-22	0.0402400889	57.75000	0.5279933778	0.4892176667
16	2012-11-23	0.0473040625	29.90000	0.5630665625	0.5552752500
40	2012-11-24	0.0299506500	35.50000	0.1976544250	0.0124858250
39	2012-11-25	0.0559569744	39.50000	0.1808462821	0.1243407436
27	2012-11-27	0.0515565185	50.00000	-0.0941216296	-0.1249051852
27	2012-11-28	0.0395621481	56.40000	0.0205365926	-0.0002788889
27	2012-11-29	0.0560892963	40.30000	0.5602607778	0.5961654815
21	2012-11-30	0.1078066190	63.00000	0.1546540476	0.2120270000
21	2012-12-02	0.0841732381	11.50000	0.3360738571	0.4516696190
18	2012-12-09	0.0760784444	16.66667	0.0944911111	0.1197515000
15	2012-12-10	0.0847638667	24.66667	0.0713217333	0.1105565333
24	2012-12-11	0.0864324583	48.20000	-0.0149447083	-0.0005090000
24	2012-12-12	0.1029354583	62.00000	-0.0695068750	-0.0806181667
29	2012-12-14	0.0889005517	128.50000	-0.0081646552	-0.0140058966
23	2013-02-23	0.0384784348	9.63000	0.1693142174	0.2118794348
40	2013-02-24	0.0718777250	12.76250	0.6755108000	0.7664234750
38	2013-02-25	0.0786392368	17.20000	0.3910245789	0.4895120000
45	2013-02-26	0.0588589111	15.85000	0.0921542222	0.0983905778
41	2013-02-27	0.0790011951	14.79000	0.3620567073	0.4090435854
43	2013-02-28	0.0795591395	16.18000	0.3848576977	0.4341230698
41	2013-03-01	0.0583651220	15.58000	0.6046233171	0.6704002683
42	2013-03-03	0.0795673810	16.41000	0.4512473810	0.4988714048
32	2013-03-04	0.0522813125	17.91000	0.3616179063	0.3943989375
14	2013-03-05	0.1168865000	23.57000	0.6329346429	0.7102459286
36	2013-03-06	0.1290164444	19.59000	0.8085892778	0.8637362222
17	2013-03-07	0.1371923529	19.52000	0.6141932941	0.6386252941
19	2013-03-08	0.2234954737	23.23000	1.2272870000	1.2364877368
31	2013-03-09	0.0990756129	16.58000	0.8530011935	0.9046495806
45	2013-03-15	0.0476486444	23.29000	0.4317882444	0.4830584000
19	2013-03-19	0.0631543684	12.73000	0.2280091053	0.2882262105
14	2013-03-20	0.0493219286	15.33000	0.3630216429	0.4409126429
28	2013-03-23	0.0798540357	28.43000	0.2436312857	0.2688502143
15	2013-03-24	0.0704340000	16.75000	0.6680648000	0.8299924667
32	2013-03-26	0.0347177188	16.77500	0.0695908438	0.0386852500
24	2013-03-27	0.0718901667	25.50000	0.0593470833	0.0824823750
36	2013-03-28	0.0583706944	19.23000	0.1218887500	0.1480979444
17	2013-03-29	0.1048834706	16.30000	0.4479330000	0.5435888235
13	2013-03-31	0.1243741538	13.11000	0.5575706923	0.5904580769
20	2013-04-02	0.1030511000	28.91000	0.0067782500	0.0032121500
20	2013-04-03	0.1113725500	23.25000	0.2444720500	0.2886399000
12	2013-04-05	0.0756629167	8.64286	0.1033477500	0.1881350833
21	2013-04-06	0.0497915238	11.27000	-0.0137688571	0.0042772381
13	2013-04-08	0.0526624615	18.06000	-0.1359466154	-0.1766981538
17	2013-04-09	0.0585029412	14.52000	-0.0381958235	-0.0733696471
27	2013-04-10	0.0639556667	15.88000	0.2651231111	0.3533920741
25	2013-04-11	0.0487908400	14.57000	0.2186500400	0.2790915200
33	2013-04-12	0.0341020606	12.17000	0.1508054545	0.1102463030
12	2013-04-13	0.0636148333	16.40000	0.0812328333	0.1121775833
33	2013-04-15	0.0660541212	21.72500	0.1420990909	0.1674484545
12	2013-04-22	0.2087071667	22.43333	0.3470235000	0.3915675833
13	2013-04-23	0.1337478462	13.05000	0.3671021538	0.4336148462
17	2013-04-26	0.0974645882	12.11111	0.6094368824	0.7512704706
29	2013-04-27	0.0356424138	10.26000	0.6249683793	0.5994106897
24	2013-04-29	0.0696280417	15.60000	0.4982508333	0.5551135000
22	2013-05-04	0.2592628182	24.93000	0.1881833636	0.2270678636
33	2013-05-06	0.2407137879	44.83000	0.5165584242	0.5404982727
40	2013-05-07	0.1787391000	43.80000	0.4944047250	0.5024007750
17	2013-05-11	0.1977767647	18.81000	0.1962947647	0.2189825882
18	2013-05-12	0.1891363889	12.90000	0.2943413889	0.2889513889
16	2013-05-13	0.1540445000	13.63000	0.2570380000	0.2867738750
42	2013-05-16	0.1440744762	20.41000	0.3104681905	0.3136280952
15	2013-05-17	0.1480890667	15.35000	0.4146038667	0.4672997333
16	2013-05-23	0.1292968125	21.12000	0.2832433125	0.3713511250
14	2013-05-26	0.1310035000	16.37000	0.2896961429	0.3656860000
18	2013-05-29	0.2805656667	36.85000	0.1909717778	0.1797313333
20	2013-05-30	0.3783057500	50.79000	0.0969061000	0.0998772000
21	2013-05-31	0.3813623333	35.67000	0.1096596190	0.0868083810
29	2013-06-01	0.2912736207	29.63000	0.1432433793	0.1292320000
30	2013-06-02	0.2874916000	34.48000	0.1381849333	0.1223554000
24	2013-06-04	0.7649556667	45.99000	0.0649950417	0.0386711250
31	2013-06-06	0.1937340645	24.29000	0.1985023548	0.1974425161
14	2013-06-15	0.6754598571	49.03000	0.0537067143	0.0292355000
13	2013-06-16	0.6464968462	48.87000	0.0877046154	0.0666775385
20	2013-06-20	0.4617183500	43.35000	0.1181958500	0.1031153500
21	2013-06-21	0.1012673810	15.18000	0.3773237619	0.4586128095
25	2013-06-22	0.1373722000	16.25000	0.2021275200	0.2214576000
16	2013-06-23	0.2392828750	34.67000	0.1137594375	0.1075693750
22	2013-06-24	0.1918264545	32.55000	0.1399436364	0.1362301364
20	2013-06-27	0.3893632000	41.22000	0.0948169500	0.0897023000
21	2013-06-28	0.3497958095	46.72000	0.1488877143	0.1387560952
12	2013-07-02	0.1205088333	15.82000	0.3283739167	0.4133382500
25	2013-07-03	0.1108397600	18.32000	0.2469730400	0.3014341200
23	2013-07-04	0.4083523913	58.15000	0.1659667826	0.1758177391
13	2013-07-05	0.3062229231	36.89000	0.2243923077	0.2506109231
40	2013-07-06	0.1542874250	24.99000	0.2602638500	0.2891228750
13	2013-07-08	0.3413442308	26.20000	0.1248010000	0.1209948462
16	2013-07-10	0.5742135000	50.88000	0.1250631250	0.1034822500
30	2013-07-11	0.4786106000	55.08000	0.1719884667	0.1560399333
20	2013-07-12	0.3551513500	30.99000	0.2675399500	0.2685043000
22	2013-07-13	0.1947492273	21.95000	0.3100439545	0.2900645000
25	2013-07-14	0.1098358800	11.88000	0.2901597200	0.2863713600
20	2013-07-18	0.3977146500	49.52222	0.1055523000	0.1108817000
22	2013-07-19	0.3224055455	64.36000	0.1106720455	0.1142822727
18	2013-07-20	0.1967698333	35.04000	0.1793048889	0.1992567778
13	2013-07-23	0.4574896154	57.15000	0.1979479231	0.2047196154
23	2013-07-24	0.4271945652	63.26000	0.2199164348	0.2270297826
13	2013-09-07	0.4045694615	14.31000	0.2290566923	0.2060450769
15	2013-09-08	0.5619813333	67.22000	0.0854539333	0.0839652000
28	2013-09-09	0.2970703214	54.42000	0.2503095714	0.2593495357
18	2013-09-10	0.0772317222	10.41000	0.4790118333	0.5710022222
34	2013-09-14	0.0812960294	10.48000	0.3843761176	0.4177692353
21	2013-09-15	0.1454218571	14.70000	0.1039712857	0.1349777143
33	2013-09-20	0.1509092424	58.08000	0.2431547273	0.2067740303
22	2013-09-30	0.3458520909	80.81000	0.1868276818	0.1576626818
18	2013-10-01	0.2351162222	45.01000	0.2062865556	0.1744316111
30	2013-10-02	0.0533403000	13.77000	0.3663437667	0.3165864333
17	2013-10-03	0.1046975882	21.53000	0.1463744706	0.0748082353
38	2013-10-04	0.0473883684	14.70000	0.2793423421	0.1560777368
28	2013-10-11	0.0334106786	14.44000	0.3482803929	0.2399648571
30	2013-10-12	0.0378820667	12.20000	0.2611772000	0.1635091333
21	2013-10-13	0.2336016190	56.23000	0.0482774762	0.0023396667
27	2013-10-14	0.1144307037	35.96000	0.0905957778	0.0512232222
35	2013-10-15	0.0563434571	14.62000	0.1719438286	0.1160296000
22	2013-10-16	0.0595259091	16.96000	0.2034189091	0.1507107727
32	2013-10-17	0.0376475625	15.60000	0.3792735938	0.2568271875
24	2013-10-18	0.0636869167	15.97000	0.5826603750	0.5624220417
12	2013-10-19	0.0539320833	9.00000	0.3315838333	0.3250877500
12	2013-10-24	0.1837306667	23.43000	0.0810653333	0.0557011667
22	2013-10-25	0.2121285455	41.57000	0.0943969091	0.0643970000
20	2013-10-27	0.0887567000	21.34000	0.0751065000	0.0374303000
38	2013-10-29	0.1736346579	46.18000	0.0933176053	0.0709024211
33	2013-11-05	0.0417273636	13.62000	0.1207690000	-0.0071336061
23	2013-11-06	0.0334495217	21.54444	0.2566696522	0.0645510000
53	2013-11-08	0.0351478113	21.99000	0.5278125094	0.4143488302
36	2013-11-09	0.0454566111	15.51000	0.2275367500	0.1669580833
28	2013-11-10	0.1548340357	39.16000	0.2359695000	0.2156795357
16	2013-11-12	0.1088935625	27.00000	-0.0146312500	-0.0749837500
27	2013-11-13	0.0692635556	26.15000	-0.0056530000	-0.0604145556
22	2013-11-14	0.0551920455	19.55000	0.0569567273	-0.0182226364
31	2013-11-15	0.0374630323	19.30000	0.2219683871	0.1527415806
28	2013-11-17	0.0550745357	15.75000	0.9693604286	0.8087173214
21	2013-11-18	0.0565216190	24.71111	1.0030898095	0.9121631429
41	2013-11-19	0.1126264878	23.13000	1.4541997805	1.3932143171
24	2013-11-20	0.0691672083	16.85000	1.2989123333	1.2771020417
14	2013-11-21	0.0591607143	15.95000	0.8514851429	0.8928936429
31	2013-11-22	0.0483279032	20.48000	0.6795460000	0.6543885161
23	2013-11-23	0.0513424783	21.97000	0.7825680435	0.7669394783
24	2013-11-24	0.0397811250	19.22000	0.2678167917	0.2222668750
14	2013-11-25	0.0503438571	25.49000	0.1245167857	0.0517346429
16	2013-11-26	0.0759939375	24.75000	0.1717520625	0.1236796875
38	2013-11-27	0.0631048947	28.90000	0.0777816842	0.0005308947
22	2013-11-28	0.0584305000	25.82000	0.0919898636	0.0397318636
22	2013-11-29	0.0649131364	28.65000	0.1488988182	0.0705870000
26	2013-11-30	0.0422663462	20.21000	0.3345081538	0.2168421538
21	2013-12-02	0.0428978571	20.84286	0.3244348095	0.2368780952
20	2013-12-04	0.0405993000	16.17000	0.4514081000	0.3827900000
13	2013-12-05	0.0414574615	23.62000	0.4701915385	0.3830800000
14	2013-12-06	0.0360114286	19.97000	0.2533220000	0.1184549286
22	2013-12-09	0.0925872727	31.32500	0.0023798182	-0.0514616818
25	2013-12-10	0.0986328800	32.65000	0.0086753600	-0.0514486400
18	2013-12-12	0.1045404444	32.51000	0.0142022222	-0.0111521667
17	2013-12-13	0.0865931176	30.13000	-0.0267489412	-0.0886538235
28	2013-12-14	0.0955033929	31.19000	-0.0249596071	-0.0980590357
24	2013-12-15	0.1244405833	30.50000	-0.0493193333	-0.0946155833
21	2013-12-17	0.0924362381	36.85000	-0.0884421905	-0.1531385714
19	2013-12-19	0.0905715263	30.35000	-0.0193274211	-0.0516557368
17	2013-12-21	0.1022010000	34.05000	-0.0369457059	-0.0806311176
18	2013-12-23	0.0706242222	26.73000	0.0628520000	-0.0061663333
15	2013-12-27	0.1118370667	28.96000	0.2393846667	0.2570943333
25	2013-12-28	0.0957010800	25.68000	0.1505400400	0.1460316400
14	2013-12-29	0.0762937143	25.44000	0.0789970714	0.0296545000
17	2013-12-30	0.0965108235	27.57000	0.1744862353	0.1496157647
16	2014-01-01	0.0616288750	21.75000	0.1280076250	0.0673971875
30	2014-01-02	0.0700954333	24.11000	0.0064389333	-0.0770981333
28	2014-01-03	0.0600300000	24.10000	0.0441727143	-0.0422827857
12	2014-01-05	0.0850013333	31.17000	-0.0336192500	-0.0824091667
20	2014-01-06	0.0578157500	25.07000	-0.0186694000	-0.1074273500
19	2014-01-07	0.0997218421	30.00000	0.1359097895	0.0893583158
18	2014-01-09	0.0909839444	31.96000	-0.0424453889	-0.0881671667
17	2014-01-10	0.0929700000	31.44000	0.0090925294	-0.0315261176
19	2014-01-11	0.0749917895	27.05000	0.0042154737	-0.0665936316
33	2014-01-12	0.0577280606	22.77000	0.0125337273	-0.0773777576
13	2014-01-13	0.0541608462	24.70000	0.0802732308	-0.1024376154
42	2014-01-14	0.0507404286	24.69000	0.1567780476	0.0687365714
21	2014-01-15	0.0534930476	19.12000	0.2319119048	0.1228145714
30	2014-01-16	0.0493961000	22.78000	0.1076925667	-0.0296844000
38	2014-01-17	0.0426066316	21.11000	0.1628566579	0.0508618421
32	2014-01-18	0.2416327500	50.57000	0.3373198438	0.3200305625
16	2014-01-19	0.2870425000	49.82000	0.3949515625	0.4000979375
31	2014-01-20	0.1862977742	35.60000	0.4167104194	0.4080086129
23	2014-01-21	0.0595539130	28.88000	0.1005973478	0.0538323913
24	2014-01-22	0.0777625833	26.30000	0.0361274167	-0.0148929167
27	2014-01-23	0.0385075185	16.67000	0.2009588148	0.1031660370
22	2014-01-25	0.0901361818	19.50000	-0.0033082273	-0.0418093182
21	2014-01-27	0.0845862381	17.55000	-0.0634668571	-0.1308451905
21	2014-01-28	0.0863983333	21.19000	-0.0861219048	-0.1606915714
28	2014-01-29	0.0671440714	14.99000	-0.0307651429	-0.1325267500
21	2014-01-30	0.0816619048	18.95000	-0.0816104286	-0.1836018095
18	2014-01-31	0.0881640556	20.01000	0.0178992222	-0.0409367222
29	2014-02-01	0.0602073103	15.14000	0.0479327931	-0.0138375172
40	2014-02-02	0.0757883250	20.22000	0.0110652500	-0.0500801750
20	2014-02-03	0.0761756500	21.73000	-0.0237606000	-0.0739152500
15	2014-02-04	0.0666129333	14.12000	0.1312226667	0.0563592667
30	2014-02-05	0.0535666333	14.35000	0.0747483667	-0.0085604333
13	2014-02-06	0.0695680769	16.25000	0.1378975385	0.0488972308
12	2014-02-07	0.0971070000	18.34000	0.1829476667	0.1604867500
19	2014-02-08	0.0881169474	18.21000	0.0471139474	0.0339755789
28	2014-02-10	0.0910478929	21.30000	0.0308055000	-0.0287099643
18	2014-02-11	0.0989907222	16.12000	0.0288452778	0.0115731667
13	2014-02-12	0.1452186923	22.95000	0.0999585385	0.0888071538
14	2014-02-13	0.2786764286	23.46000	0.5514438571	0.5484414286
20	2014-02-14	0.1404989000	22.87000	0.2037115000	0.1838928000
32	2014-02-15	0.1419749063	21.49000	0.0984899375	0.0551252500
26	2014-02-16	0.1476338077	21.89000	0.1122992308	0.0697171923
16	2014-02-17	0.0570711250	16.72000	0.0118175000	-0.1175498750
15	2014-02-18	0.0633429333	15.63750	0.0732337333	0.0445120000
21	2015-01-05	0.1143360952	20.66000	0.0574733333	0.0558993333
19	2015-01-07	0.1183960000	25.22000	0.0363699474	0.0270783158
25	2015-01-08	0.0779990400	26.02000	0.0758268400	0.0893104800
38	2015-01-09	0.0645690789	23.19000	0.1801805263	0.2045320526
18	2015-01-10	0.1126424444	29.20000	0.0508272778	0.0649588333
29	2015-01-11	0.0897211724	15.56667	0.0271019310	0.0522408966
16	2015-01-12	0.1045890000	15.62000	0.0077777500	0.0100921875
17	2015-01-15	0.1007308824	10.08000	0.0620364706	0.0972788824
14	2015-01-19	0.0796665000	17.46000	0.2072915714	0.2818552857
29	2015-01-20	0.0647227241	25.62000	0.2616564483	0.3480159310
40	2015-01-21	0.0371013500	16.81000	0.5771607250	0.7272205250
38	2015-01-22	0.0761428158	19.22000	0.1884659737	0.2310433947
15	2015-01-23	0.0834968000	19.99000	0.2423677333	0.2919571333
29	2015-01-25	0.0518022414	26.13000	0.6464943448	0.7564618276
23	2015-01-26	0.0664761739	29.36000	0.1779033913	0.2463527826
33	2015-01-27	0.0635907879	30.96000	0.2075457273	0.2724642424
42	2015-01-28	0.0595293333	21.35000	0.3338945714	0.4309234762
14	2015-02-01	0.0534211429	19.52000	0.5071637143	0.6310020714
29	2015-02-02	0.0513845862	12.77500	0.4234481034	0.5049110345
20	2015-02-03	0.1317037500	41.55000	0.1523109000	0.1505510000
19	2015-02-25	0.0619224211	26.99000	0.3621169474	0.4455501053
13	2015-02-26	0.0706349231	20.37000	0.1431443846	0.1744706154
26	2015-02-27	0.0630067692	30.60000	0.0876170000	0.0967572692
19	2015-03-01	0.0951356842	22.07000	0.0340191053	0.0429470526
16	2015-03-04	0.0997799375	29.30000	0.0665095000	0.0646205000
18	2015-03-06	0.1009923333	30.40000	0.2646294444	0.3427025556
15	2015-03-07	0.0771159333	23.71000	0.1586222667	0.2202548000
24	2015-03-10	0.1361053333	28.19000	0.1865775000	0.2421939167
53	2015-03-16	0.1560889811	56.41000	0.2743958113	0.3269705660
24	2015-03-22	0.0539632083	22.65000	0.6083024167	0.7604700833
29	2015-03-23	0.0442946207	30.27000	0.4979308276	0.6572965862
21	2015-03-24	0.0560321429	30.64000	0.4079171429	0.5615783333
31	2015-03-26	0.0705200000	32.75000	0.4383870645	0.5831839032
18	2015-03-27	0.0648472222	35.87000	0.2458943333	0.3587877222
27	2015-03-28	0.0735006667	39.08000	0.2877968889	0.3963520370
22	2015-03-29	0.0835506364	35.58000	0.2796122727	0.3745181364
35	2015-03-30	0.0669232000	33.20000	0.3652554857	0.4872799714
15	2015-04-01	0.0723906000	30.22000	0.4050442000	0.5443909333
12	2015-04-07	0.0660155000	45.04000	0.4007147500	0.5225427500
19	2015-04-12	0.1116555789	50.42000	0.1238023158	0.2125356842
19	2015-04-20	0.1137376842	28.82000	0.3387876316	0.4249631053
17	2015-05-17	0.3377785882	52.22000	0.1580680000	0.1584871176
21	2015-05-20	0.3775469048	64.22000	0.1681265714	0.1860347143
25	2015-05-21	0.4531258800	103.18000	0.1433971200	0.1373086000
28	2015-05-22	0.4317800357	96.69000	0.0979111786	0.0966471786
20	2015-05-23	0.3718589000	89.55000	0.1385858500	0.1351237000
38	2015-06-03	0.1463917632	33.45000	0.3370053947	0.4118227895
21	2015-06-04	0.1851229048	53.12000	0.2607439524	0.3121303810
27	2015-06-07	0.3977044444	62.78000	0.1264305185	0.1242418148
12	2015-06-09	0.2176324167	25.25000	0.1795693333	0.2051939167
26	2015-06-14	0.3413888077	55.07500	0.1208967692	0.1287444231
28	2015-06-15	0.4118380714	64.07000	0.1448248929	0.1504349286
13	2015-06-18	1.0949248462	84.09000	0.0566541538	0.0363232308
27	2015-06-19	0.7272398148	51.69000	0.0802139630	0.0660925185
45	2015-06-20	0.1852341111	42.47000	0.2208935778	0.2619211111
38	2015-06-24	0.5286207368	85.62000	0.1134566316	0.0952932895
15	2015-06-25	0.1040118000	36.59000	0.2485298000	0.3399737333
12	2015-06-28	0.5475605833	74.65000	0.0917915000	0.0853425833
14	2015-07-03	0.3181642143	79.38000	0.0835763571	0.1082423571
19	2015-07-06	0.3469492632	75.30000	0.0890641579	0.0827201579
19	2015-07-10	0.1572857895	29.45000	0.2240196842	0.2588106316
14	2015-07-15	0.3363058571	75.15000	0.2006595714	0.2261840000
34	2015-07-24	0.1511787353	50.13000	0.3337316471	0.4275206471
14	2015-07-25	0.2282207143	66.05000	0.1776966429	0.2038759286
13	2015-07-26	0.3806405385	59.90000	0.1069771538	0.1230367692
16	2015-07-27	0.3834290000	51.00000	0.1578003750	0.1659643750
13	2015-08-04	0.1245665385	26.21111	0.2127159231	0.2767314615
37	2015-08-05	0.0871626486	22.00000	0.3329012162	0.4278047027
30	2015-08-06	0.0950932000	18.21000	0.3036784333	0.3773111000
14	2015-08-10	0.0722595000	8.95000	0.3266789286	0.4524410000
14	2015-08-12	0.0672102143	22.77000	0.2312248571	0.3440770714
22	2015-08-13	0.0968155909	27.08000	0.2230828182	0.3156839091
14	2015-08-14	0.1069502143	29.59000	0.1787190714	0.2649935714
19	2015-08-16	0.0886547368	23.23000	0.2549408947	0.3450366842
33	2015-08-17	0.0596761212	21.17000	0.3314217273	0.4473193939
18	2015-08-22	0.0710028333	28.93000	0.3537010556	0.4701558333
18	2015-08-30	0.3021430000	51.09000	0.2185251111	0.2538484444
27	2015-09-01	0.1201529259	33.57000	0.2752172593	0.3317484074
40	2015-09-02	0.3233629250	66.53000	0.2025245750	0.2321619500
24	2015-09-03	0.2274907917	57.57000	0.2698985833	0.3140092500
31	2015-09-07	0.1256414194	53.22000	0.1449248065	0.2001167097
21	2015-09-08	0.0908123810	31.02000	0.2993168571	0.4072299524
16	2015-09-09	0.2918418125	69.16000	0.1025969375	0.1372504375
15	2015-09-13	0.2027752667	69.62000	0.1322390667	0.1614728000
12	2015-09-14	0.2184787500	46.57000	0.0950850833	0.1210490833
17	2015-09-16	0.3107432941	78.88000	0.1489937059	0.1700128824
24	2015-09-18	0.1474917917	52.05000	0.3320328750	0.4176964583
34	2015-09-19	0.0616136176	41.69000	0.6600636765	0.8490320000
29	2015-09-20	0.0396250690	55.06667	0.9600306897	1.2197849655
21	2015-09-23	0.0869055714	15.48000	0.9195798571	1.0880532381
12	2015-09-27	0.0843725000	8.48000	0.9006870000	1.0383992500
40	2015-09-28	0.0841411750	18.63000	1.3160876000	1.5042329500
52	2015-09-29	0.0512055769	18.56000	1.4523522308	1.7150606154
19	2015-09-30	0.0540012105	13.90000	1.4147282632	1.6751123158
28	2015-10-01	0.0476895714	13.45000	1.0153840000	1.2827598571
15	2015-10-07	0.0696316000	16.28000	0.3512456667	0.5316983333
12	2015-10-09	0.3516426667	73.70000	0.0979835833	0.1031451667
24	2015-10-10	0.2687489167	31.34000	0.1285224167	0.1442173750
31	2015-10-12	0.1060120968	19.65000	0.1519838387	0.2534315806
22	2015-10-13	0.1142914545	33.04000	0.1687376818	0.2494966364
27	2015-10-14	0.0475987778	17.79000	0.4196391111	0.6248082593
24	2015-10-15	0.0540498750	19.01000	0.4602533750	0.6699607500
23	2015-10-16	0.0760260000	25.72000	0.3121128261	0.4501227826
43	2015-10-20	0.0422830930	18.39000	0.7922595581	1.0362552791
22	2015-10-21	0.0519638182	19.64000	0.3955054091	0.5754100000
28	2015-10-22	0.0588301786	22.19000	0.4167642143	0.6031614286
35	2015-10-23	0.0366143429	23.63000	0.5889100857	0.8679289714
41	2015-10-28	0.0962228537	24.40000	0.0757910488	0.1845388293
27	2015-11-01	0.0595836296	30.69000	0.1936181111	0.3272181852
27	2015-11-03	0.0660303704	20.57000	0.1769845556	0.3105248519
17	2015-11-04	0.0608808824	19.85000	0.2684381765	0.4233841176
21	2015-11-12	0.0905526667	25.26667	0.2981005238	0.3926000952
42	2015-11-13	0.0493853571	15.11000	0.5686786905	0.8012247857
39	2015-11-14	0.0440502051	16.06000	0.3914725128	0.6017182564
17	2015-11-15	0.0519027059	14.08000	0.2981164118	0.4768863529
26	2015-11-18	0.1089353462	39.50000	0.1644605385	0.2362910769
29	2015-11-21	0.0577793793	14.14000	0.6040222759	0.7578934138
43	2015-11-23	0.0477216977	21.25000	0.5091390000	0.7322303488
26	2015-11-24	0.1206920000	26.74000	0.3012097308	0.3920478846
22	2015-11-25	0.1534569545	41.56000	0.1132278636	0.1581472273
14	2015-11-26	0.0919235000	26.65000	0.1494548571	0.2499307857
12	2015-11-27	0.0730491667	19.35000	0.2219381667	0.3539693333
23	2015-11-28	0.1053132174	23.02000	0.0867647391	0.1846213043
16	2015-12-03	0.0666384375	20.92000	0.1113584375	0.2259648750
23	2015-12-05	0.0954916087	20.27000	0.0851449130	0.1800239565
18	2015-12-06	0.0667277222	15.79000	0.0933610556	0.2052654444
27	2015-12-07	0.0708405556	22.99000	0.1529876667	0.2779232963
25	2015-12-08	0.0623482000	19.78000	0.2062177200	0.3602247200
37	2015-12-09	0.0439437027	17.24444	0.2910859189	0.4882880811
17	2015-12-10	0.0809318824	23.26000	0.1399195882	0.2640045294
46	2015-12-11	0.0978777391	34.14000	0.0669468478	0.1311411957
28	2015-12-12	0.1014538929	30.97000	0.0535633571	0.1243054286
33	2015-12-13	0.0739818182	21.60000	0.1175178788	0.2267768182
31	2015-12-16	0.0416834194	26.70000	0.3743367742	0.5987993871
23	2015-12-18	0.0600536522	24.47000	0.2408603478	0.3727910870
18	2015-12-19	0.1894555556	33.68000	0.1837647222	0.2329473333
44	2015-12-20	0.1138083636	28.70000	0.2099940455	0.2835215909
12	2015-12-22	0.1079840000	25.23000	0.0517665833	0.1211341667
12	2015-12-27	0.0797518333	14.48000	0.1468324167	0.2383808333
17	2015-12-29	0.0634212941	15.85556	0.1992162353	0.3305999412
27	2015-12-31	0.0900145926	17.95000	0.1169468148	0.2015281111
34	2016-01-01	0.1125687941	21.60000	0.0907108235	0.1586633529
26	2016-01-02	0.0627903462	20.10000	0.1238123462	0.2397068077
12	2016-01-03	0.0984081667	18.60000	0.1621878333	0.2635505833
19	2016-01-04	0.1677993158	22.80000	0.5023558421	0.6083478947
12	2016-01-08	0.1152661667	20.50000	0.3150973333	0.4262292500
19	2016-01-09	0.0799157368	20.20000	0.2903614211	0.4357318947
47	2016-01-10	0.0450251489	16.50000	0.5074456809	0.7330332340
37	2016-01-11	0.0638056486	18.80000	0.7742011892	0.9914218378
28	2016-01-16	0.0289703571	12.90000	0.6796861786	1.0976112143
24	2016-01-17	0.0429858750	13.40000	0.6978242500	1.0257396250
14	2016-01-18	0.0477429286	13.60000	0.4946982857	0.7792552857
50	2016-01-20	0.0698817000	17.00000	0.3175360200	0.5036831200
23	2016-01-21	0.1668689130	28.80000	0.1993422174	0.2694083478
35	2016-01-22	0.1294000000	28.90000	0.2838780286	0.3829349714
27	2016-01-23	0.1182147407	26.80000	0.3141690741	0.4125615926
21	2016-01-26	0.2314400000	34.00000	0.2529969524	0.3015514762
22	2016-01-27	0.2072156364	34.30000	0.3132171364	0.3716628636
18	2016-01-28	0.0931262778	18.30000	0.0865711111	0.1928322778
18	2016-01-29	0.0641797778	14.30000	0.1541630000	0.3019636667
31	2016-02-01	0.1519636774	32.60000	0.1862057742	0.2359790968
31	2016-02-02	0.1923464516	38.00000	0.2748815161	0.3201076774
17	2016-02-03	0.2087981176	34.60000	0.3580802941	0.4142469412
26	2016-02-05	0.1036519231	20.20000	0.7801778462	0.8940023846
38	2016-02-06	0.2295146316	43.20000	0.4519340526	0.5095677895
27	2016-02-07	0.2382489259	42.50000	0.2029818519	0.2407341481
29	2016-02-08	0.1420629310	31.70000	0.1454614138	0.2165728276
14	2016-02-09	0.0921497857	18.40000	0.1227805714	0.2252357857
40	2016-02-10	0.0609874250	17.30000	0.1550749500	0.2953250750
25	2016-02-11	0.1237388400	26.60000	0.1537490400	0.2317220400
36	2016-02-13	0.2167408611	45.30000	0.1031051111	0.1308285278
19	2016-02-16	0.1816585263	30.10000	0.1856281053	0.2504393684
13	2016-02-17	0.1522164615	25.60000	0.2136966154	0.2939068462
40	2016-02-19	0.1210062500	25.20000	0.1360976000	0.2390500500
35	2016-02-21	0.0491536571	18.00000	0.3160872857	0.5435154286
42	2016-02-22	0.0695216190	22.00000	0.1690866429	0.3199454048
18	2016-02-23	0.0601941111	20.50000	0.1689797222	0.3372954444
39	2016-02-24	0.0505741538	19.60000	0.1951895128	0.4186876154
26	2016-02-25	0.0634131923	17.10000	0.0931908077	0.2428368077
33	2016-02-26	0.0580486970	17.90000	0.1670363333	0.3532914848
20	2016-02-27	0.0553448000	17.10000	0.2304450000	0.4283201000
23	2016-02-28	0.1470806957	30.00000	0.1471013913	0.2336255652
12	2016-03-01	0.1444390000	31.50000	0.2343173333	0.3075816667
24	2016-03-05	0.0666564167	16.80000	0.4187051250	0.6481735833
19	2016-03-06	0.0652444737	15.30000	0.9171295263	1.1687340526
39	2016-03-07	0.1035260256	36.20000	0.3985590769	0.5363415385
12	2016-03-08	0.1094165000	26.50000	0.5394419167	0.6766485000
36	2016-03-10	0.1149976667	22.20000	0.2440011944	0.3570743333
24	2016-03-11	0.1063209167	18.40000	0.2413841667	0.3163863750
16	2016-03-12	0.0714000625	19.70000	0.1609785000	0.2466056250
17	2016-03-13	0.0584884118	13.90000	0.2958379412	0.5161064118
12	2016-03-14	0.0905074167	13.10000	0.8320768333	1.0630490833
35	2016-03-17	0.0673175143	17.80000	0.7088207429	0.9782980571
20	2016-03-18	0.0464653500	19.40000	0.7720056000	1.0972582500
23	2016-04-03	0.0906385217	21.60000	0.2820573913	0.4384879130
42	2016-04-04	0.0813041190	20.70000	0.2230710476	0.3787325238
21	2016-04-08	0.0704351429	16.90000	0.3260720952	0.5454471905
14	2016-04-11	0.0674832857	15.00000	0.2659526429	0.4860829286
43	2016-04-24	0.2937434651	85.70000	0.2030826047	0.2578926977
39	2016-04-25	0.2969016410	52.10000	0.2775711538	0.3412424103
21	2016-04-26	0.2793144762	53.10000	0.3033439048	0.3746635238
14	2016-04-27	0.2067271429	51.90000	0.2749153571	0.3685219286
14	2016-05-04	0.0965725714	18.50000	0.5379582143	0.7166222857
21	2016-05-05	0.0558772857	13.60000	0.6485763810	0.9657603810
45	2016-05-06	0.1247735556	26.20000	0.3848246222	0.5254781778
25	2016-05-07	0.2229106800	49.00000	0.2794554800	0.3727351200
16	2016-05-08	0.2143083125	28.80000	0.1465498125	0.2594006250
