nbdates	date	aot_440_daily	pm25	angstrom440_870	angstrom440_675
16	2005-03-27	0.0960553750	3.7000000	0.9262371250	0.9289720625
12	2005-03-31	0.0928773333	2.4000000	0.8910995000	0.8776735000
15	2005-04-02	0.2269614000	9.1000000	0.6147078000	0.6005804667
15	2005-04-03	0.2358136667	10.0000000	0.6295012000	0.6347258000
16	2005-04-04	0.1624370625	8.5000000	0.5169150000	0.5055311250
14	2005-04-05	0.1859281429	8.5000000	0.4484532143	0.4460050714
17	2005-04-13	0.2042943529	8.6000000	0.7653336471	0.7946796471
19	2005-04-14	0.1485715263	8.3000000	0.4221041053	0.4268000000
14	2005-08-02	0.1303417143	4.1000000	0.2016518571	0.1830409286
25	2005-08-03	0.5336790000	4.6000000	0.3991538400	0.4132460400
15	2005-08-07	0.1305299333	4.3000000	0.2568829333	0.2824884000
17	2005-08-09	0.0855677059	2.2000000	0.5187737059	0.5218588235
15	2005-08-10	0.1089874667	4.1000000	0.4016587333	0.4103428667
13	2005-08-11	0.0832318462	4.1000000	0.5235760769	0.5172073077
22	2005-08-13	0.1039046364	3.7000000	0.3268487727	0.3570430909
15	2005-08-15	0.1642703333	5.7000000	0.2818571333	0.2708239333
21	2005-08-16	0.0983827619	4.9000000	0.4384657619	0.4634341905
15	2005-08-18	0.1508647333	6.1000000	0.9400758667	0.9776664000
26	2005-08-21	0.1113481923	4.4000000	0.5247286154	0.5428852692
14	2005-08-31	0.3718184286	10.1000000	1.7479185000	1.6237142143
15	2005-09-02	0.4039166000	7.3000000	0.1187844000	0.1091007333
21	2005-09-06	0.1247552381	3.0000000	0.3281863333	0.3795488571
13	2005-09-08	0.2282001538	5.6000000	0.8206333846	0.8646966923
16	2005-09-10	0.2050291875	12.7000000	0.1189512500	0.1516417500
14	2005-09-15	0.5201748571	5.1000000	0.8598245714	0.8424598571
22	2005-09-24	0.1541948182	6.3000000	0.6647494091	0.7767482727
16	2005-09-27	0.2070421250	15.1000000	0.4352387500	0.4779266875
15	2005-09-29	0.1932841333	11.5000000	0.8461156000	0.9198493333
19	2005-10-01	0.0568325789	2.1000000	0.4748551579	0.5992882105
12	2005-10-18	0.0950300833	3.3000000	0.2053036667	0.2615061667
18	2005-10-19	0.0789807778	2.4000000	0.4448748889	0.5136256667
18	2005-10-20	0.1470555556	2.7000000	0.0504177778	0.0966353889
19	2005-10-25	0.0682688421	4.1000000	0.4892069474	0.5042657895
21	2005-10-26	0.0592021905	3.2000000	0.4376430476	0.4896968095
26	2005-10-28	0.1300329615	6.0000000	0.1203490769	0.1433747692
36	2005-10-29	0.0684024722	2.5000000	0.2900626944	0.3295806667
22	2005-10-30	0.0789365909	2.9000000	0.5437599091	0.6100678636
19	2005-11-01	0.1610362105	3.1000000	0.0610007895	0.1032990526
35	2005-11-02	0.1383220000	5.4000000	0.1797404571	0.2022406000
20	2005-11-03	0.1470220000	5.2000000	0.5358076500	0.5914466500
20	2005-11-04	0.0633560000	2.7000000	0.5162968500	0.5978521500
28	2005-11-06	0.1220942500	4.6000000	0.2579868929	0.2904947143
19	2005-11-07	0.0783246316	3.3000000	0.1983561579	0.2245335789
29	2005-11-08	0.1008088621	4.1000000	0.3293402069	0.3922100690
21	2005-11-09	0.0966789048	2.5000000	0.2507183333	0.3175199524
16	2005-11-22	0.0717029375	2.0000000	1.1286842500	1.1274736875
32	2005-11-27	0.0964754375	3.2000000	0.2459099375	0.3024294063
19	2005-11-28	0.0836820526	3.2000000	0.2551225263	0.3019854211
19	2005-11-29	0.0756829474	3.0000000	0.1381794211	0.1681127368
18	2005-11-30	0.0772819444	3.9000000	0.1330544444	0.1561571111
16	2005-12-01	0.0633193750	3.4000000	0.5310903750	0.6473707500
13	2005-12-04	0.0449367692	2.2000000	0.4319073077	0.6010893077
28	2005-12-05	0.0592721786	3.3000000	0.3169273571	0.3951323929
24	2005-12-07	0.0800357917	3.4000000	0.1899822917	0.2542188750
40	2005-12-08	0.0881388250	3.9000000	0.0958397750	0.1370228250
15	2005-12-09	0.0855726000	3.5000000	0.0771056000	0.1128683333
15	2005-12-10	0.0507518000	2.4000000	0.2732028667	0.3188709333
30	2005-12-12	0.0719259000	3.4000000	0.3804329333	0.4397484333
25	2005-12-16	0.0611447200	2.5000000	0.5032473600	0.6188703200
26	2005-12-17	0.0788279615	2.6000000	0.1847396538	0.2660051923
21	2005-12-18	0.0697097619	2.6000000	0.2380995714	0.3331980952
34	2005-12-19	0.0863719412	2.7000000	0.2363261471	0.3722884412
21	2005-12-20	0.0619661429	1.8000000	0.2375697143	0.3879924286
20	2005-12-22	0.0597351500	2.5000000	0.2141571500	0.2473538500
32	2005-12-23	0.0475483125	2.3000000	0.2994437813	0.4058034375
25	2005-12-28	0.0479243200	1.8000000	0.6175810800	0.8719358800
15	2005-12-29	0.0796141333	2.1000000	0.3454002667	0.5411056000
26	2005-12-31	0.0531911538	2.6000000	0.1455478846	0.3161195769
13	2006-01-01	0.0935119231	3.1000000	0.0462927692	0.1705787692
20	2006-01-02	0.1356222500	3.7000000	0.0589392000	0.1351672500
13	2006-01-04	0.0947323846	3.4000000	0.2459022308	0.3756844615
31	2006-01-08	0.0428191613	2.1000000	0.4775352903	0.6911662581
14	2006-01-10	0.1137052857	4.2000000	0.0424697143	0.0883672857
26	2006-01-11	0.1042283846	3.8000000	0.0113004615	0.0627544615
24	2006-01-12	0.0883042917	3.8000000	0.0219776250	0.0951697500
27	2006-01-13	0.0846270370	2.9000000	0.0351251111	0.1037684074
12	2006-01-18	0.0863277500	3.7000000	0.4147058333	0.5562160833
16	2006-01-19	0.0722299375	3.4000000	0.1584530625	0.2651411875
22	2006-01-23	0.0924949545	4.4000000	0.0487516364	0.1158405455
23	2006-01-24	0.1011751304	4.0000000	0.0515879130	0.0957174783
27	2006-01-25	0.0842010000	3.5000000	0.0542977778	0.1370205926
12	2006-01-27	0.0889473333	2.8000000	0.3485927500	0.4918664167
13	2006-01-31	0.1270913077	3.6000000	0.2242456923	0.3049866923
12	2006-02-01	0.0662795833	3.1000000	0.2916889167	0.3677415833
13	2006-02-08	0.0819213846	2.2000000	0.6202393077	0.7247873846
32	2006-02-09	0.0685984688	2.7000000	0.3925510625	0.5310141250
33	2006-02-10	0.0675796061	2.8000000	0.4800558788	0.6302332727
25	2006-02-12	0.0793056000	3.6000000	0.0779585200	0.1780324400
23	2006-02-13	0.1129666087	4.5000000	0.4907764783	0.6192803043
29	2006-02-14	0.0812146552	2.1000000	0.2357702069	0.3362783103
36	2006-11-17	0.0568123889	2.7000000	0.8548580000	1.1101315278
41	2006-11-18	0.0565752683	4.7000000	1.1952844878	1.4514776098
42	2006-11-19	0.2137861190	6.7000000	1.6525726667	1.6994836667
18	2006-11-20	0.2852703333	7.1000000	1.5200030000	1.5404689444
26	2006-11-21	0.1389950000	5.3000000	0.5789748462	0.6943006923
26	2006-11-22	0.1413330769	4.9000000	0.2198278462	0.2988333077
37	2006-11-23	0.0670359189	3.0000000	0.1364987568	0.2566597568
25	2006-11-24	0.0593264800	4.2000000	0.1399062000	0.2547760400
24	2006-11-25	0.0963066667	5.5000000	0.7112377500	0.8565215417
28	2006-11-26	0.1693053571	6.6000000	1.4524146429	1.5308049286
19	2006-11-27	0.0641928947	1.8000000	0.6884514211	0.9352195789
24	2006-12-02	0.0993174583	4.9000000	-0.0783076667	-0.0466303333
25	2007-02-28	0.1200350000	5.0000000	0.5351032800	0.6691246400
35	2007-03-01	0.0685577143	4.3000000	0.3047724286	0.4345643143
22	2007-03-03	0.0833661818	3.5000000	0.0499343182	0.1247236364
17	2007-03-04	0.1194036471	5.0000000	0.0528232941	0.1184291176
20	2007-03-05	0.0600861000	3.6000000	-0.0052084000	0.0975064000
32	2007-03-06	0.1266619688	4.5000000	0.3105848438	0.4084832500
14	2007-03-07	0.1759321429	7.8000000	0.2974429286	0.3771258571
20	2007-03-08	0.3747306500	10.8000000	0.3368474000	0.3784369000
16	2007-03-09	0.6253548750	9.9000000	0.3519248125	0.3642229375
33	2007-03-10	0.3164444242	8.9000000	0.3402122121	0.3612055152
27	2007-03-11	0.2731783704	9.8000000	0.2208896667	0.2388895926
32	2007-03-12	0.1907363125	6.7000000	0.3769418750	0.4655534375
15	2007-03-21	0.1066946667	5.0000000	-0.0649855333	-0.0107698000
13	2007-03-22	0.0358208462	2.4000000	-0.1281350000	-0.0778754615
14	2007-03-23	0.0674203571	3.6000000	-0.1476779286	-0.0522973571
32	2007-03-24	0.0884551250	2.7000000	0.2660790000	0.3650621875
18	2007-04-27	0.0811266667	2.5000000	0.4309510556	0.6944502222
26	2007-05-16	0.5809673462	40.7000000	0.0595931923	0.0627162308
43	2007-05-17	0.1677569302	12.3000000	0.1829997209	0.3013981860
34	2007-05-18	0.6633095000	26.5000000	0.1807433824	0.1880960588
29	2007-05-19	0.5273391379	22.3000000	0.3177362414	0.3478580000
48	2007-05-20	0.2879258750	11.3000000	0.1503668542	0.1867396458
33	2007-05-21	0.1363821818	5.3000000	0.2669104848	0.4789356667
30	2007-05-22	0.0787475667	2.6000000	0.2316718667	0.5734011333
36	2007-05-23	0.0822508333	3.2000000	0.3375945833	0.6789888889
31	2007-05-25	0.1281347097	7.0000000	0.5191000323	0.7612250323
16	2007-05-26	0.2116455000	10.4000000	0.8037191250	1.0385232500
16	2007-05-29	0.0715141250	4.2000000	0.2346861250	0.6502784375
20	2007-06-13	0.1502247500	5.5000000	0.0925080500	0.2428799500
48	2007-06-15	0.5832351667	10.3000000	0.0984068125	0.1005220000
54	2007-06-16	0.4972248333	10.1000000	0.0947118889	0.1076869444
14	2007-06-17	0.2707142143	7.5000000	0.1133031429	0.1993687143
26	2007-06-18	0.1169619615	4.1000000	0.2087210000	0.3945632308
31	2007-06-23	0.2031750000	9.3000000	0.1364252581	0.2337511613
24	2007-06-25	0.1982552083	4.6000000	0.0585715417	0.1485070833
17	2007-06-27	0.1793049412	4.4000000	0.2270170588	0.4010511176
41	2007-06-28	0.1021708049	2.6000000	0.3344079756	0.5762647805
44	2007-06-29	0.2145397273	7.2000000	0.2221085455	0.3288641364
26	2007-06-30	0.2592780385	10.8000000	0.1819111538	0.2731913077
19	2007-07-01	0.6361828947	12.5000000	0.2291092632	0.2580746316
40	2007-07-02	0.4612377750	14.2000000	0.0776879500	0.1022820500
50	2007-07-03	0.2414677200	14.2000000	0.0694149000	0.1329334600
46	2007-07-04	0.0898588696	3.0000000	0.4581536957	0.7457336739
30	2007-07-05	0.1536250333	7.0000000	0.1245725000	0.2561414667
31	2007-07-06	0.2150626129	8.2000000	0.0797643871	0.1714500323
23	2007-07-07	0.1013626957	5.0000000	0.2334951304	0.4681366522
46	2007-07-08	0.1505318478	5.7000000	0.2565928261	0.4013141304
14	2007-07-09	0.3147790714	7.8000000	0.0944675714	0.1533783571
30	2007-07-10	0.3158406000	8.8000000	0.0977930333	0.1695197333
24	2007-07-12	0.5210862500	6.1000000	0.0931834583	0.1093584583
20	2007-07-13	0.5266188500	7.0000000	0.0934938500	0.1016289500
27	2007-07-14	0.1116202222	4.0000000	0.3340700000	0.6282727407
29	2007-07-15	0.2149559310	3.8000000	0.1603892414	0.2434446552
34	2007-07-18	0.4563541471	6.4000000	0.1187549118	0.1617564706
12	2007-07-25	0.4256873333	6.9000000	0.1614515833	0.2072100833
30	2007-07-26	0.3885533333	14.0000000	0.1031691333	0.1334221667
34	2007-07-27	0.4178858529	13.0000000	0.0783337647	0.0976205000
38	2007-07-28	0.4229017895	12.1000000	0.1033061053	0.1234651579
27	2007-07-29	0.2624258148	6.9000000	0.1479238889	0.2153396667
27	2007-07-30	0.1012447778	3.3000000	0.3700801111	0.6381737778
14	2007-07-31	0.1686836429	4.2000000	0.2315734286	0.3829317857
34	2007-08-01	0.1761545294	4.4000000	0.1329940588	0.2653652941
12	2007-08-03	0.4870004167	7.8000000	0.2919319167	0.3727660000
16	2007-08-05	0.2795087500	7.9000000	0.2839003125	0.4083831875
15	2007-08-06	0.0765114000	4.6000000	0.1940774667	0.4921254667
12	2007-08-09	0.2893755000	8.5000000	0.1675784167	0.2567612500
42	2007-08-12	0.5312781905	10.8000000	0.1554189762	0.1863599286
44	2007-08-13	0.2577294545	6.0000000	0.2328410682	0.3152548636
50	2007-08-14	0.1003015800	2.5000000	0.2885441200	0.5317250800
33	2007-08-15	0.0724227879	2.2000000	0.2893016970	0.6441255758
27	2007-08-16	0.2368096296	4.7000000	0.0979308889	0.2124678889
15	2007-08-17	0.3367366000	10.9000000	0.0699588000	0.1041241333
21	2007-08-19	0.1834685714	6.8000000	0.1549386667	0.3001274762
26	2007-08-20	0.2167620385	4.8000000	0.1733415769	0.3275409615
21	2007-08-21	0.2352046667	5.5000000	0.4330112381	0.5801633333
44	2007-08-22	0.0850339545	4.5000000	0.5202442273	0.9339225455
31	2007-08-23	0.0711065806	2.5000000	0.2151717419	0.5472813548
28	2007-08-25	0.0802883571	2.6000000	0.3697873571	0.7188423214
16	2007-08-27	0.2101081250	2.6000000	0.2131866250	0.3302937500
23	2007-08-30	0.1065565652	3.5000000	0.1669399130	0.4166684783
21	2007-09-01	0.1661495714	4.0000000	0.1744890952	0.3197431429
40	2007-09-02	0.1635223750	5.4000000	0.2013282750	0.3300413000
47	2007-09-03	0.0758657021	2.3000000	0.5357982340	0.9074347447
29	2007-09-04	0.1124761724	2.9000000	0.4858881379	0.7890385172
26	2007-09-05	0.0886239615	4.1000000	0.7113230769	1.0768735769
32	2007-09-06	0.2643357500	8.7000000	1.0852652188	1.2340853438
42	2007-09-07	0.1382464762	6.2000000	0.2584570000	0.4470242619
32	2007-09-08	0.1033959375	3.3000000	0.4443828750	0.7406666250
38	2007-09-09	0.1196835789	4.0000000	0.4720746842	0.7113528158
29	2007-09-10	0.1062677931	4.0000000	0.4375312069	0.7293398276
25	2007-09-11	0.3179792000	5.1000000	0.2896345600	0.3710400400
24	2007-09-12	0.2908009583	7.7000000	0.2935705000	0.3635830833
28	2007-09-13	0.1087760000	3.3000000	0.3649173571	0.6742028214
12	2007-09-14	0.0884858333	2.6000000	0.5335662500	0.8568548333
22	2007-09-15	0.0977073182	2.7000000	0.5384827727	0.8550778636
34	2007-09-19	0.0921968824	2.8000000	0.7135287353	1.1207947353
31	2007-09-22	0.1065007742	5.1000000	0.4509037097	0.7281955161
14	2007-09-23	0.0730903571	3.8000000	0.4082567857	0.8272285000
26	2007-09-24	0.0663548846	3.4000000	0.8441117308	1.2546810000
44	2007-09-29	0.1638801818	8.6000000	0.2320430000	0.3745617727
36	2007-10-02	0.1404776389	4.2000000	0.4086139167	0.6314920000
12	2007-10-09	0.1052270833	2.7000000	0.3733079167	0.6896531667
24	2007-10-10	0.1587969583	3.7000000	0.3054925417	0.5091125000
15	2007-10-12	0.4943938667	11.4000000	0.1225484000	0.1917716667
27	2007-10-13	0.1816315556	8.0000000	0.1515829630	0.2830015556
30	2007-10-14	0.0732213667	5.3000000	0.2972890333	0.5920229667
24	2007-10-15	0.1419905417	7.7000000	0.0829172917	0.2331546667
28	2007-10-17	0.0865915000	2.7000000	0.2159790357	0.5213629286
25	2007-10-18	0.0644179600	2.2000000	0.3357520400	0.8386991600
31	2007-10-19	0.0665728710	2.2000000	0.6981649032	1.1798785161
27	2007-10-20	0.0639303704	1.6000000	0.4799546296	0.9144003704
18	2007-10-21	0.0609519444	1.9000000	0.4673281667	0.8589811667
16	2007-10-22	0.0645221875	1.9000000	0.4228136875	0.9334081250
16	2007-10-23	0.0615390625	2.1000000	0.2143123125	0.6123081875
19	2007-10-24	0.0483597368	1.7000000	0.3089244737	0.8287267368
14	2007-10-31	0.2979188571	13.8000000	0.1315440000	0.2042065714
21	2007-11-01	0.2096065238	9.3000000	0.2202795238	0.3173682857
25	2007-11-10	0.0891355200	7.3000000	0.7299353200	1.1573274000
27	2007-11-11	0.0947078889	1.6000000	0.2555781481	0.5283905556
18	2007-11-12	0.0718626667	3.4000000	0.4703613333	0.7743673889
27	2007-11-14	0.1452463704	9.2000000	0.5339011111	0.6593125926
20	2007-11-16	0.1360138000	11.4000000	0.2841576500	0.4450603000
13	2007-11-17	0.2254171538	13.2000000	0.8682715385	0.9905015385
16	2007-11-18	0.1424691250	6.8000000	0.2548506875	0.3712288750
13	2007-11-22	0.1086359231	4.2000000	0.4265853846	0.6436751538
39	2007-11-23	0.0736183590	5.3000000	0.4500020000	0.7304520513
24	2007-11-25	0.1152195000	4.0000000	0.3047905417	0.4866204583
21	2007-11-26	0.1178932857	3.7000000	0.3651053333	0.5616070952
22	2007-11-27	0.1136877273	3.8000000	0.2830435000	0.4794664091
26	2007-11-28	0.1054542692	3.8000000	0.2116965385	0.4099148462
31	2007-11-29	0.0912573548	3.8000000	0.1133844194	0.2931522258
28	2007-11-30	0.1129988571	4.1000000	0.0271715714	0.1672215357
15	2007-12-01	0.0816075333	3.0000000	0.1193801333	0.3357327333
33	2007-12-03	0.0909327576	3.9000000	0.1574416061	0.3415190909
13	2007-12-06	0.0780389231	3.0000000	0.8484425385	1.2103355385
14	2007-12-07	0.0734929286	3.0000000	0.5076664286	0.7748425714
16	2007-12-08	0.1026231875	4.2000000	0.0023543125	0.1553418750
17	2007-12-09	0.1075963529	4.1000000	0.0497511176	0.1987969412
14	2007-12-12	0.1498669286	4.8000000	0.0269351429	0.1384024286
36	2008-09-27	0.0869445556	3.0000000	0.2994091667	0.2994091667
37	2008-09-28	0.0820114595	3.3000000	0.4930484054	0.4930484054
24	2008-09-29	0.0940497083	3.5000000	0.4347072500	0.4347072500
27	2008-09-30	0.0761166667	3.3000000	0.6780393333	0.6780393333
27	2008-10-03	0.0593136296	2.3000000	0.4945508519	0.4945508519
24	2008-10-06	0.0780550000	2.8000000	0.8201400833	0.8201400833
18	2008-10-09	0.0753825000	3.1000000	1.0525564444	1.0525564444
38	2008-10-18	0.1291811579	3.9000000	0.4532636579	0.4532636579
22	2008-11-14	0.0946957273	2.9000000	0.3986488182	0.3986488182
21	2008-11-20	0.0694270952	4.6000000	0.6197899524	0.6197899524
27	2008-11-26	0.0751911481	3.6000000	0.3977743704	0.3977743704
23	2008-11-29	0.0494073478	2.9000000	0.7403853043	0.7403853043
39	2008-12-08	0.0350018974	1.7000000	0.6354563590	0.6354563590
12	2008-12-11	0.1155140833	3.7000000	0.0131219167	0.0131219167
12	2008-12-14	0.0669145833	2.7000000	0.1997856667	0.1997856667
33	2008-12-17	0.0517004848	3.8000000	0.2356230909	0.2356230909
18	2008-12-20	0.0502900000	2.8000000	0.3659991667	0.3659991667
13	2008-12-23	0.0873470000	3.6000000	0.1704550000	0.1704550000
17	2008-12-26	0.1017320000	4.2000000	0.0364668235	0.0364668235
16	2009-01-04	0.1184799375	3.8000000	0.6556778125	0.6556778125
15	2009-01-07	0.0743518000	3.0000000	0.2168488667	0.2168488667
22	2009-01-13	0.0819111818	3.0000000	-0.0052613182	-0.0052613182
32	2009-02-03	0.0910345938	2.6000000	0.3668959688	0.3668959688
12	2009-02-06	0.0780800833	2.8000000	0.2455820000	0.2455820000
20	2009-02-09	0.0967726500	2.7000000	0.1463143500	0.1463143500
12	2009-03-02	0.0755618333	2.1000000	0.6274520833	0.6274520833
15	2009-03-08	0.1192310667	5.7000000	0.3726505333	0.3726505333
25	2009-03-11	0.0818069200	4.9000000	0.9429197200	0.9429197200
19	2009-03-14	0.1223611579	4.5000000	0.1785161053	0.1785161053
51	2009-04-01	0.0512336471	3.1000000	0.5890263922	0.5890263922
15	2009-04-04	0.0806970000	3.4000000	0.8574276000	0.8574276000
18	2009-04-07	0.0911343889	3.1000000	1.0126588333	1.0126588333
17	2009-04-10	0.1082439412	2.7000000	0.4524144706	0.4524144706
30	2009-04-13	0.0898367333	3.3000000	0.4949559333	0.4949559333
40	2009-04-16	0.0757979000	2.9000000	0.5723203750	0.5723203750
24	2009-04-19	0.0856613750	2.9000000	1.0459829583	1.0459829583
55	2009-04-22	0.0760225091	3.7000000	0.6740310182	0.6740310182
17	2009-05-10	0.1094658824	4.0000000	0.4376221765	0.4376221765
14	2009-05-19	0.3490675714	9.1000000	0.7499817857	0.7499817857
16	2009-06-15	0.1912546250	3.3000000	0.3434526875	0.3434526875
17	2009-06-18	0.0937660000	2.7000000	0.5088410588	0.5088410588
17	2009-10-16	0.0793602353	4.4000000	0.5283564706	0.5283564706
16	2009-10-19	0.0858428125	2.0000000	0.6685879375	0.6685879375
16	2009-10-25	0.0697833125	1.9000000	0.9668090000	0.9668090000
21	2009-10-31	0.0387191905	2.2000000	1.0877399048	1.0877399048
14	2009-11-03	0.0757865000	3.4000000	0.7494385714	0.7494385714
44	2010-05-05	0.1249006136	5.5000000	1.0564995455	1.0564995455
12	2010-05-23	0.2548275833	6.8000000	1.2476888333	1.2476888333
29	2010-06-04	1.1062871724	21.2000000	0.0717211379	0.0717211379
14	2010-06-07	0.1757836429	11.0000000	1.1755389286	1.1755389286
26	2010-07-01	0.6933411154	9.7000000	0.0631948462	0.0631948462
54	2010-07-04	0.3297294630	5.7000000	0.1707192963	0.1707192963
36	2010-07-07	0.5740522500	14.7000000	0.0532236111	0.0532236111
34	2010-07-10	0.3379605588	7.8000000	0.2090312059	0.2090312059
20	2010-07-13	0.3403578500	6.9000000	0.0547604500	0.0547604500
26	2010-07-25	0.3773232308	8.7000000	0.0998976154	0.0998976154
14	2010-07-28	0.1122422143	3.0000000	0.6672835714	0.6672835714
14	2010-08-09	0.1457492857	3.4000000	0.8780606429	0.8780606429
28	2010-08-15	0.1306085714	7.6000000	0.9263926429	0.9263926429
28	2010-08-18	0.4767163571	21.0000000	0.1277298929	0.1277298929
41	2010-08-24	0.3542740244	17.5000000	0.0800230976	0.0800230976
49	2010-08-27	0.1433952653	6.4000000	0.8266910204	0.8266910204
15	2010-12-31	0.0739402667	4.1000000	0.4394863333	0.4394863333
24	2011-01-06	0.0802260833	2.4000000	0.7713703750	0.7713703750
25	2011-01-09	0.0860601200	3.2000000	0.4492990400	0.4492990400
36	2011-01-15	0.1283600556	4.5000000	0.5098447778	0.5098447778
26	2011-01-18	0.0869753077	3.6000000	0.1724534231	0.1724534231
16	2011-01-21	0.0982875625	3.5000000	0.2325430000	0.2325430000
43	2011-01-24	0.0764183023	2.3000000	0.3450212326	0.3450212326
25	2011-01-27	0.0781657200	2.9000000	0.3797742400	0.3797742400
13	2011-01-30	0.0502130769	1.9000000	0.6462518462	0.6462518462
27	2011-02-02	0.0712871111	2.3000000	0.8323951481	0.8323951481
13	2011-02-17	0.1158877692	2.8000000	0.5815977692	0.5815977692
39	2011-02-20	0.0404098974	2.5000000	0.5613517436	0.5613517436
42	2011-02-23	0.0714195238	4.4000000	0.2707128810	0.2707128810
30	2011-03-04	0.1240192000	3.0000000	0.7416290000	0.7416290000
31	2011-03-07	0.1123032258	2.9000000	0.7571560323	0.7571560323
21	2011-03-10	0.1137709048	2.7000000	0.5572525714	0.5572525714
13	2011-03-13	0.0960406154	2.5000000	0.9357800769	0.9357800769
27	2011-03-16	0.1052241481	2.4000000	0.8152841111	0.8152841111
33	2011-03-28	0.1328329091	3.2000000	0.7057505455	0.7057505455
56	2011-04-06	0.1572257857	4.6000000	0.4712624286	0.4712624286
34	2011-07-14	0.3757740294	5.8000000	0.6709805294	0.6709805294
14	2011-07-17	0.2502108571	5.3000000	0.6143683571	0.6143683571
52	2011-07-20	0.1773951538	5.4000000	0.6934769615	0.6934769615
32	2011-07-26	0.1792892188	4.2000000	0.6641774375	0.6641774375
24	2011-08-10	0.2184257917	4.8000000	0.5423551667	0.5423551667
16	2011-08-13	0.1510463750	10.1000000	0.8393699375	0.8393699375
15	2011-08-16	0.4428231333	7.5000000	0.1921000667	0.1921000667
22	2011-08-19	0.1653676818	4.3000000	0.5679681364	0.5679681364
42	2011-09-03	0.0949058571	1.9000000	1.3135462381	1.3135462381
26	2011-09-21	0.1143930385	3.3000000	0.7330145000	0.7330145000
28	2011-10-06	0.2327624643	7.8000000	0.6163571786	0.6163571786
31	2011-10-09	0.0665647419	1.8000000	0.7374762581	0.7374762581
18	2011-10-12	0.1553728333	6.2000000	0.5987456111	0.5987456111
34	2011-10-15	0.0716962059	4.8000000	0.5908054118	0.5908054118
51	2011-10-18	0.1870094902	11.5000000	0.3913213725	0.3913213725
25	2011-10-30	0.0878306800	3.0000000	0.6021804800	0.6021804800
28	2011-11-08	0.0943021071	7.1000000	1.0825064286	1.0825064286
34	2011-11-11	0.1865208824	7.2000000	0.8016760588	0.8016760588
36	2011-11-17	0.0591894167	2.3000000	0.5201287500	0.5201287500
13	2011-11-20	0.0897932308	3.5000000	0.2656446923	0.2656446923
15	2011-11-23	0.0875880667	2.6000000	0.7460290667	0.7460290667
14	2011-11-29	0.0458350714	2.4000000	0.9368143571	0.9368143571
33	2011-12-02	0.0557196061	2.3000000	1.3153538485	1.3153538485
31	2011-12-08	0.0588642258	2.9000000	0.6583194839	0.6583194839
23	2012-05-21	0.1904431739	8.9000000	0.2468228261	0.2480511739
15	2012-05-24	0.1990867333	7.8000000	0.1627995333	0.2040951333
16	2012-05-30	0.2210181250	12.7000000	0.2368981875	0.2300797500
