
    78866 TNCM Juliana Airport Observations at 12Z 01 Mar 2009

-----------------------------------------------------------------------------
   PRES   HGHT   TEMP   DWPT   RELH   MIXR   DRCT   SKNT   THTA   THTE   THTV
    hPa     m      C      C      %    g/kg    deg   knot     K      K      K 
-----------------------------------------------------------------------------
 1015.0      4   23.2   19.6     80  14.36     80      7  295.1  336.4  297.6
 1014.0     13   24.2   20.6     80  15.31     80      7  296.2  340.4  298.9
 1000.0    138   23.4   19.9     81  14.86     80      7  296.6  339.6  299.2
  982.0    305   22.2   18.6     80  13.93     80      8  296.9  337.3  299.4
  950.0    610   20.0   16.2     79  12.35     80      9  297.5  333.5  299.7
  925.0    855   18.2   14.3     78  11.19     80      9  297.9  330.7  299.9
  918.8    914   17.8   14.0     78  11.05     80      9  298.1  330.5  300.1
  887.3   1219   15.8   12.5     80  10.35     80      9  299.0  329.5  300.9
  850.0   1594   13.4   10.6     83   9.53     80      9  300.2  328.4  301.9
  825.6   1829   11.9    9.4     85   9.07     80      9  301.1  328.2  302.8
  794.9   2134   10.1    7.9     87   8.50     80      9  302.4  327.9  303.9
  765.5   2438    8.2    6.4     89   7.95     70      9  303.6  327.7  305.1
  763.0   2464    8.0    6.3     89   7.91     70      9  303.7  327.7  305.2
  742.0   2686    6.6    3.1     78   6.49     66      9  304.6  324.5  305.8
  741.0   2697    6.4    2.6     77   6.27     66      9  304.6  323.8  305.7
  736.7   2743    6.4    0.4     66   5.38     65      9  305.1  321.7  306.1
  725.0   2870    6.4   -5.6     42   3.49     67      8  306.4  317.6  307.1
  715.0   2980    5.8   -3.2     52   4.24     69      7  307.0  320.4  307.8
  708.8   3048    5.8   -5.7     44   3.56     70      6  307.8  319.1  308.4
  700.0   3147    5.8   -9.2     33   2.73     70      6  308.9  317.8  309.4
  685.0   3324    5.2  -13.8     24   1.93     42      6  310.1  316.6  310.5
  683.0   3347    5.4  -12.6     26   2.14     39      6  310.6  317.7  311.0
  665.0   3564    4.0   -8.0     41   3.16      5      5  311.4  321.7  312.0
  657.3   3658    3.4   -9.2     39   2.91    350      5  311.8  321.3  312.3
  640.0   3874    2.0  -12.0     35   2.39    331      6  312.6  320.5  313.0
  631.0   3988    1.4   -8.6     47   3.18    320      6  313.1  323.6  313.8
  629.0   4013    1.6  -22.4     15   1.01    318      6  313.7  317.2  313.9
  620.0   4129    1.4  -12.6     34   2.35    308      7  314.7  322.6  315.2
  609.4   4267    1.2  -20.9     17   1.19    295      7  316.1  320.3  316.3
  607.0   4299    1.2  -22.8     15   1.01    293      7  316.4  320.0  316.6
  604.0   4339    0.8  -15.2     29   1.95    290      7  316.4  323.1  316.8
  586.5   4572   -0.2  -22.4     17   1.09    275      9  317.8  321.7  318.0
  564.5   4877   -1.6  -31.7      8   0.48    275     10  319.7  321.5  319.8
  554.0   5026   -2.3  -36.3      5   0.31    271     11  320.6  321.8  320.7
  536.0   5287   -4.5  -16.5     39   1.97    264     14  321.1  327.9  321.4
  530.0   5375   -4.9  -36.9      6   0.31    262     15  321.6  322.8  321.7
  516.0   5585   -5.7  -43.7      3   0.15    256     17  323.1  323.7  323.1
  500.0   5830   -6.9  -35.9      8   0.36    250     19  324.6  325.9  324.6
  483.1   6096   -8.3  -42.6      4   0.19    240     19  326.1  326.8  326.1
  478.0   6179   -8.7  -44.7      4   0.15    242     19  326.5  327.1  326.6
  428.4   7010  -14.6  -47.5      4   0.12    265     21  329.4  329.9  329.4
  400.0   7530  -18.3  -49.3      5   0.11    260     34  331.1  331.6  331.1
  395.1   7620  -18.9  -48.9      5   0.11    260     34  331.5  332.0  331.5
  349.0   8533  -25.1  -45.1     14   0.20    255     44  335.1  335.9  335.1
  348.9   8534  -25.1  -45.1     14   0.20    255     44  335.1  335.9  335.1
  320.3   9144  -30.2  -41.0     34   0.33    255     34  336.3  337.7  336.4
  300.0   9610  -34.1  -37.8     69   0.49    245     55  337.2  339.2  337.3
  296.0   9704  -34.3  -38.0     69   0.49    245     55  338.2  340.2  338.3
  293.9   9754  -34.7  -38.5     68   0.47    245     55  338.4  340.2  338.5
  253.0  10789  -42.5  -48.5     52   0.19    236     52  341.6  342.4  341.6
  250.0  10870  -43.5  -49.5     51   0.17    235     52  341.3  342.0  341.3
  200.0  12330  -54.5  -60.5     47   0.06    235     58  346.3  346.6  346.3
  194.7  12497  -55.7  -61.7     47   0.05    235     59  347.0  347.3  347.1
  194.0  12518  -55.9  -61.9     47   0.05    235     59  347.1  347.4  347.1
  150.0  14110  -67.5  -73.5     42   0.01    255     46  353.6  353.7  353.6
  148.0  14191  -67.9  -73.9     42   0.01    256     46  354.3  354.3  354.3
  124.0  15240  -71.4  -77.4     41   0.01    265     40  366.3  366.4  366.3
  117.8  15545  -72.4  -78.4     40   0.01    270     38  369.9  369.9  369.9
  108.0  16062  -74.1  -80.1     39   0.01    265     34  375.9  376.0  375.9
  100.0  16510  -75.9  -81.9     39   0.00    260     31  380.8  380.9  380.8
   87.1  17300  -79.1  -85.1     37   0.00    260     23  389.7  389.8  389.7
   86.8  17320  -79.1  -85.1     37   0.00    260     23  390.1  390.1  390.1
   83.3  17555  -76.5  -82.5     38   0.01    260     22  400.0  400.1  400.0
   73.3  18288  -78.1  -84.1     38   0.00    260     21  411.5  411.6  411.5
   70.0  18550  -78.7  -84.7     37   0.00    265     22  415.7  415.7  415.7
   66.3  18860  -78.1  -84.1     38   0.01    264     20  423.5  423.5  423.5
   56.7  19762  -74.9  -81.9     33   0.01    262     14  450.1  450.2  450.1
   50.7  20422  -71.3  -77.4     40   0.02    260     10  473.2  473.4  473.2
   50.0  20500  -70.9  -76.9     41   0.02    260      9  476.0  476.2  476.0
   43.5  21336  -67.0  -72.2     48   0.05    285      4  504.8  505.2  504.8
   41.4  21641  -65.6  -70.5     51   0.07    300      2  515.7  516.2  515.7
   39.5  21918  -64.3  -68.9     53   0.09    252      2  525.8  526.4  525.8
   38.6  22059  -64.1  -70.1     44   0.08    229      2  529.8  530.3  529.8
   36.6  22384  -64.1  -70.1     44   0.08    173      2  537.9  538.5  537.9
   35.6  22555  -63.2  -69.3     43   0.09    145      2  544.5  545.2  544.5
   30.0  23620  -57.5  -64.5     40   0.22    235      5  587.3  589.0  587.4
   26.6  24384  -53.1  -60.8     39   0.40    245     10  620.1  623.4  620.3
   25.1  24761  -50.9  -58.9     38   0.54    245      9  636.9  641.4  637.1
   24.2  24994  -51.1  -59.4     37   0.53    245      8  643.0  647.4  643.2
   22.2  25557  -51.5  -60.5     33   0.50    202      5  657.9  662.2  658.1
   20.0  26240  -47.1  -59.1     24   0.66    150      2  691.2  697.2  691.5
   18.0  26940  -45.3  -59.3     19   0.72    121      4  718.0  724.8  718.3
   16.7  27432  -45.4  -60.1     18   0.69    100      5  733.0  739.7  733.3
   16.0  27737  -45.5  -60.6     17   0.68     95      6  742.4  749.1  742.7
   13.9  28651  -45.7  -62.1     14   0.64    220      6  771.4  778.0  771.7
   12.1  29566  -45.9  -63.7     12   0.60    110      7  801.6  808.1  801.9
   11.9  29698  -45.9  -63.9     11   0.60                806.0  812.5  806.3


      Station information and sounding indices

                         Station identifier: TNCM
                             Station number: 78866
                           Observation time: 090301/1200
                           Station latitude: 18.03
                          Station longitude: -63.11
                          Station elevation: 4.0
                            Showalter index: 5.19
                               Lifted index: 0.90
    LIFT computed using virtual temperature: 0.27
                                SWEAT index: 164.19
                                    K index: 15.90
                         Cross totals index: 17.50
                      Vertical totals index: 20.30
                        Totals totals index: 37.80
      Convective Available Potential Energy: 140.45
             CAPE using virtual temperature: 237.49
                      Convective Inhibition: -10.97
             CINS using virtual temperature: -4.43
                           Equilibrum Level: 612.20
 Equilibrum Level using virtual temperature: 512.29
                   Level of Free Convection: 898.69
             LFCT using virtual temperature: 920.84
                     Bulk Richardson Number: 34.48
          Bulk Richardson Number using CAPV: 58.31
  Temp [K] of the Lifted Condensation Level: 291.27
Pres [hPa] of the Lifted Condensation Level: 937.08
   Equivalent potential temp [K] of the LCL: 337.79
     Mean mixed layer potential temperature: 296.74
              Mean mixed layer mixing ratio: 14.19
              1000 hPa to 500 hPa thickness: 5692.00
Precipitable water [mm] for entire sounding: 35.12

Description of the data columns
<http://weather.uwyo.edu/upperair/columns.html> or sounding indices
<http://weather.uwyo.edu/upperair/indices.html>.

------------------------------------------------------------------------
/Interested in graduate studies in atmospheric science? Check out our
program at the University of Wyoming
<http://www.uwyo.edu/atsc/howtoapply/>/
------------------------------------------------------------------------
Questions about the weather data provided by this site can be addressed
to Larry Oolman (ldoolman@uwyo.edu) <mailto:ldoolman@uwyo.edu>
------------------------------------------------------------------------
