
    78866 TNCM Juliana Airport Observations at 12Z 01 Dec 2006

-----------------------------------------------------------------------------
   PRES   HGHT   TEMP   DWPT   RELH   MIXR   DRCT   SKNT   THTA   THTE   THTV
    hPa     m      C      C      %    g/kg    deg   knot     K      K      K 
-----------------------------------------------------------------------------
 1016.0      4   25.8   18.8     65  13.63     90     18  297.6  337.3  300.0
 1011.0     32   27.0   21.0     70  15.75     87     16  299.2  345.4  302.0
 1000.0     95   25.8   19.8     69  14.76     80     11  298.9  342.2  301.6
  976.5    305   23.9   17.9     69  13.36     65     21  299.0  338.2  301.4
  971.0    354   23.4   17.4     69  13.04     66     22  299.1  337.3  301.4
  943.0    610   21.5   16.8     75  12.92     70     26  299.6  337.6  301.9
  925.0    778   20.2   16.4     79  12.84     70     23  300.0  337.8  302.3
  910.5    914   18.7   15.7     83  12.48     70     22  299.8  336.5  302.0
  904.0    976   18.0   15.4     85  12.32     71     23  299.7  335.9  301.9
  885.0   1158   16.8   11.9     73   9.98     74     26  300.2  329.8  302.1
  879.0   1216   16.8    8.8     59   8.15     75     27  300.8  325.2  302.3
  878.7   1219   16.8    8.8     59   8.15     75     27  300.9  325.2  302.3
  850.0   1502   15.4    8.4     63   8.20     75     24  302.3  326.9  303.8
  847.8   1524   15.3    8.2     63   8.14     75     24  302.4  326.9  303.9
  817.7   1829   13.8    6.2     60   7.30     75     21  303.9  326.1  305.2
  796.0   2056   12.6    4.6     58   6.72     71     20  305.0  325.6  306.2
  788.6   2134   12.2    4.5     59   6.74     70     20  305.4  326.1  306.6
  760.4   2438   10.6    4.2     64   6.82     75     18  306.9  327.9  308.1
  733.0   2743    9.0    3.8     70   6.90     70     13  308.4  329.8  309.6
  719.0   2904    8.2    3.6     73   6.94     67     14  309.2  330.8  310.4
  707.0   3043    7.6    0.6     61   5.69     65     15  310.0  327.9  311.1
  706.6   3048    7.5    0.6     61   5.69     65     15  310.0  327.9  311.1
  700.0   3125    6.8    0.8     66   5.83     65     15  310.0  328.3  311.1
  680.8   3353    5.2    1.4     76   6.28     55     15  310.7  330.4  311.9
  673.0   3447    4.6    1.7     81   6.47     53     16  311.0  331.4  312.2
  655.8   3658    3.8    1.0     82   6.31     50     18  312.4  332.4  313.6
  651.0   3718    3.6    0.8     82   6.27     48     18  312.9  332.7  314.0
  631.7   3962    2.6   -3.4     65   4.74     40     16  314.4  329.8  315.3
  608.3   4267    1.4   -8.6     47   3.30     30     13  316.4  327.3  317.0
  591.0   4500    0.4  -12.6     37   2.47     22     14  317.9  326.3  318.4
  585.7   4572    0.6  -14.5     31   2.13     20     14  319.0  326.3  319.4
  581.0   4637    0.8  -16.2     27   1.87     20     14  319.9  326.4  320.3
  563.9   4877    0.6  -17.3     25   1.75     20     13  322.4  328.6  322.8
  563.0   4889    0.6  -17.4     25   1.74     20     13  322.6  328.7  322.9
  542.6   5182   -1.5  -19.2     25   1.56     25     15  323.5  329.0  323.8
  522.2   5486   -3.6  -21.0     25   1.38     15     17  324.5  329.4  324.8
  502.5   5791   -5.8  -22.9     25   1.22      5     16  325.4  329.8  325.7
  500.0   5830   -6.1  -23.1     25   1.20      0     14  325.5  329.9  325.8
  483.2   6096   -8.0  -24.4     25   1.10      0     13  326.4  330.4  326.6
  472.0   6278   -9.3  -25.3     26   1.04      3     13  327.0  330.8  327.2
  446.4   6706  -11.6  -26.6     28   0.98     10     13  329.4  333.0  329.5
  422.0   7136  -13.9  -27.9     30   0.92    359     16  331.7  335.2  331.9
  412.1   7315  -15.3  -28.9     30   0.86    355     17  332.1  335.4  332.3
  400.0   7540  -17.1  -30.1     31   0.79    345     17  332.7  335.7  332.8
  379.4   7925  -20.1  -32.7     32   0.65    345     19  333.8  336.3  333.9
  348.9   8534  -24.8  -36.9     32   0.47    350     19  335.5  337.4  335.6
  320.8   9144  -29.5  -41.0     32   0.33      0     20  337.1  338.5  337.2
  300.0   9630  -33.3  -44.3     32   0.25    350     18  338.3  339.4  338.4
  294.7   9754  -34.3                         355     18  338.6         338.6
  269.9  10363  -39.5                         335     15  339.8         339.8
  258.3  10668  -42.0                         330     15  340.3         340.3
  257.0  10703  -42.3                         329     15  340.4         340.4
  250.0  10890  -43.3                         325     18  341.6         341.6
  225.1  11582  -47.4                         315     21  345.6         345.6
  205.2  12192  -51.1                         305     20  349.1         349.1
  200.0  12360  -52.1                         295     19  350.1         350.1
  161.2  13716  -60.9                         290     31  357.4         357.4
  150.0  14170  -63.9                         305     36  359.8         359.8
  146.1  14326  -64.9                         300     35  360.8         360.8
  125.4  15240  -70.8                         300     25  366.2         366.2
  117.0  15656  -73.5                         313     25  368.6         368.6
  107.4  16154  -74.0                         330     26  376.6         376.6
  100.0  16570  -74.5                         355     29  383.5         383.5
   96.7  16764  -74.3                         355     29  387.5         387.5
   96.1  16802  -74.3                         355     29  388.3         388.3
   85.4  17485  -78.5                         357     25  393.1         393.1
   81.1  17780  -79.1                         358     24  397.8         397.8
   75.0  18225  -80.3                         359     22  404.2         404.2
   70.3  18593  -76.6                           0     20  419.7         419.7
   70.0  18620  -76.3                          15     15  420.8         420.8
   57.3  19812  -68.4                          15     11  463.5         463.5
   51.0  20499  -63.9                          24      4  489.7         489.7
   50.0  20620  -63.9                          25      3  492.5         492.5
   46.8  21031  -62.9                           0      5  504.4         504.4
   40.4  21946  -60.6                         345     62  531.8         531.8
   34.9  22860  -58.3                         340     57  560.5         560.5
   33.6  23091  -57.7                                     568.1         568.1


      Station information and sounding indices

                         Station identifier: TNCM
                             Station number: 78866
                           Observation time: 061201/1200
                           Station latitude: 18.03
                          Station longitude: -63.11
                          Station elevation: 4.0
                            Showalter index: 6.73
                               Lifted index: 0.86
    LIFT computed using virtual temperature: 0.32
                                SWEAT index: 162.82
                                    K index: 23.90
                         Cross totals index: 14.50
                      Vertical totals index: 21.50
                        Totals totals index: 36.00
      Convective Available Potential Energy: 44.35
             CAPE using virtual temperature: 109.09
                      Convective Inhibition: -23.89
             CINS using virtual temperature: -8.42
                           Equilibrum Level: 590.25
 Equilibrum Level using virtual temperature: 469.35
                   Level of Free Convection: 782.93
             LFCT using virtual temperature: 893.92
                     Bulk Richardson Number: 21.99
          Bulk Richardson Number using CAPV: 54.09
  Temp [K] of the Lifted Condensation Level: 290.42
Pres [hPa] of the Lifted Condensation Level: 902.96
   Equivalent potential temp [K] of the LCL: 339.78
     Mean mixed layer potential temperature: 299.03
              Mean mixed layer mixing ratio: 13.97
              1000 hPa to 500 hPa thickness: 5735.00
Precipitable water [mm] for entire sounding: 39.80


    78866 TNCM Juliana Airport Observations at 12Z 02 Dec 2006

-----------------------------------------------------------------------------
   PRES   HGHT   TEMP   DWPT   RELH   MIXR   DRCT   SKNT   THTA   THTE   THTV
    hPa     m      C      C      %    g/kg    deg   knot     K      K      K 
-----------------------------------------------------------------------------
 1015.0      4   25.6   18.6     65  13.47     90     15  297.5  336.7  299.9
 1011.0     37   26.8   20.8     70  15.55     89     15  299.0  344.6  301.8
 1000.0    128   26.2   20.2     70  15.14     85     16  299.4  343.8  302.1
  979.4    305   24.5   19.4     74  14.75     75     18  299.4  342.7  302.1
  945.0    610   21.6   18.2     81  14.09     65     22  299.5  340.9  302.0
  925.0    792   19.8   17.4     86  13.70     55     25  299.6  339.8  302.0
  919.0    849   19.6   17.6     88  13.97     57     23  299.9  341.0  302.4
  912.2    914   19.0   15.7     81  12.41     60     21  299.9  336.5  302.1
  899.0   1042   17.8   11.8     68   9.76     62     20  299.9  328.9  301.7
  880.9   1219   16.3   11.8     75   9.96     65     18  300.1  329.7  301.9
  877.0   1258   16.0   11.8     76  10.01     64     18  300.2  329.9  302.0
  850.4   1524   14.6    7.7     63   7.79     60     19  301.4  324.8  302.8
  850.0   1528   14.6    7.6     63   7.76     60     19  301.4  324.7  302.8
  820.1   1829   12.7    6.2     65   7.30     65     16  302.5  324.6  303.8
  795.0   2090   11.0    5.0     66   6.92     74     12  303.4  324.5  304.7
  790.8   2134   10.9    4.0     62   6.48     75     11  303.8  323.6  304.9
  768.0   2378   10.4   -1.6     43   4.45     71     14  305.8  319.7  306.6
  762.5   2438   10.2   -2.1     42   4.30     70     15  306.1  319.7  306.9
  750.0   2575    9.6   -3.4     40   3.99     68     16  307.0  319.6  307.7
  734.9   2743    8.4   -4.9     39   3.64     65     18  307.5  319.1  308.1
  708.1   3048    6.3   -7.6     36   3.07     65     15  308.4  318.3  308.9
  700.0   3143    5.6   -8.4     36   2.91     65     13  308.6  318.1  309.2
  682.2   3353    4.0  -10.0     35   2.64     65     12  309.2  317.8  309.7
  682.0   3356    4.0  -10.0     35   2.63     65     12  309.2  317.8  309.7
  676.0   3428    4.2  -11.8     30   2.30     64     13  310.2  317.8  310.6
  664.0   3574    4.6  -12.4     28   2.23     61     14  312.2  319.7  312.6
  657.2   3658    5.0  -11.9     28   2.34     60     15  313.6  321.5  314.1
  646.0   3798    5.8  -11.2     28   2.53     55     15  316.0  324.5  316.5
  632.9   3962    4.8  -12.0     29   2.43     50     16  316.8  325.0  317.2
  609.3   4267    2.9  -13.4     29   2.25     45     16  318.1  325.8  318.5
  586.5   4572    1.1  -14.8     30   2.08     45     14  319.4  326.6  319.8
  564.6   4877   -0.8  -16.2     30   1.92     45     13  320.7  327.4  321.1
  543.5   5182   -2.6  -17.6     31   1.77     30     15  322.0  328.2  322.4
  523.2   5486   -4.5  -19.0     31   1.63     30     18  323.3  329.1  323.6
  503.7   5791   -6.3  -20.4     32   1.50     30     27  324.6  329.9  324.9
  500.0   5850   -6.7  -20.7     32   1.48     30     28  324.8  330.1  325.1
  484.4   6096   -7.8  -22.4     30   1.32     25     29  326.4  331.2  326.6
  470.0   6329   -8.9  -23.9     29   1.19     23     29  327.9  332.2  328.1
  447.2   6706  -11.5  -26.2     29   1.02     20     30  329.3  333.0  329.5
  412.8   7315  -15.8  -29.8     29   0.79     20     35  331.4  334.4  331.6
  410.0   7366  -16.1  -30.1     29   0.77     19     34  331.6  334.6  331.8
  400.0   7550  -18.3  -31.3     31   0.70     15     30  331.1  333.8  331.3
  380.2   7925  -21.9  -34.9     30   0.52     20     32  331.2  333.2  331.3
  374.0   8048  -23.1  -36.1     29   0.47     18     31  331.2  333.0  331.3
  349.8   8534  -26.1  -38.4     30   0.40     10     29  333.5  335.1  333.6
  339.0   8762  -27.5  -39.5     31   0.37     16     32  334.6  336.1  334.7
  321.2   9144  -30.6  -42.1     31   0.29     25     38  335.5  336.7  335.6
  300.0   9630  -34.5  -45.5     32   0.22     15     40  336.6  337.5  336.7
  294.6   9754  -35.5                          20     40  336.9         336.9
  269.6  10363  -40.7                          10     41  338.0         338.0
  257.9  10668  -43.3                          10     39  338.6         338.6
  250.0  10880  -45.1                           5     37  338.9         338.9
  233.0  11347  -48.3                         358     36  340.9         340.9
  224.7  11582  -49.7                         355     35  342.4         342.4
  204.6  12192  -53.2                         335     33  346.1         346.1
  200.0  12340  -54.1                         340     32  346.9         346.9
  198.0  12404  -54.3                         339     32  347.6         347.6
  190.0  12670  -52.5                         335     30  354.6         354.6
  160.9  13716  -59.8                         320     25  359.6         359.6
  150.0  14160  -62.9                         330     25  361.5         361.5
  145.8  14326  -63.9                         325     25  362.8         362.8
  125.0  15240  -69.2                         325     26  369.5         369.5
  107.1  16154  -74.5                         325     31  376.0         376.0
  100.0  16560  -76.9                         330     33  378.9         378.9
   96.5  16764  -78.0                         330     33  380.7         380.7
   92.2  17025  -79.3                         335     33  383.1         383.1
   82.6  17654  -77.7                         341     25  398.5         398.5
   78.1  17980  -72.9                         344     21  414.9         414.9
   70.3  18593  -75.6                         350     14  421.8         421.8
   70.0  18620  -75.7                           0     15  422.1         422.1
   66.1  18951  -76.7                           3     14  426.9         426.9
   61.1  19411  -71.1                           7     12  449.1         449.1
   57.4  19782  -71.5                          10     11  456.2         456.2
   57.1  19812  -71.1                          10     11  457.8         457.8
   50.0  20620  -60.9                          30      8  499.5         499.5
   46.8  21031  -60.8                          35      7  509.2         509.2
   40.4  21946  -60.6                          45      3  531.5         531.5
   35.6  22735  -60.5                          10     30  551.5         551.5
   34.9  22860  -59.7                           5     34  556.8         556.8
   31.5  23511  -55.4                           5     78  584.9         584.9
   30.0  23820  -53.3                           5     71  598.7         598.7
   28.8  24079  -54.0                           5     71  603.7         603.7
   25.0  24994  -56.6                          10     33  621.6         621.6
   24.0  25245  -57.3                          14     29  626.5         626.5
   21.6  25908  -52.8                          25     20  658.7         658.7
   20.0  26420  -49.3                          65     16  684.5         684.5
   19.7  26519  -48.9                          65     16  688.7         688.7
   18.8  26822  -48.6                          65     16  698.6         698.6
   15.6  28042  -47.5                          95     15  740.0         740.0
   13.6  28956  -46.7                         120     14  772.6         772.6
   13.1  29214  -46.5                         107     14  782.1         782.1
   10.8  30480  -40.7                          45     13  846.3         846.3
   10.7  30577  -40.3                          42     17  851.4         851.4
   10.0  31040  -38.5                          25     35  874.7         874.7
    9.5  31394  -38.1                          25     35  889.2         889.2
    7.8  32754  -36.5                                     947.0         947.0


      Station information and sounding indices

                         Station identifier: TNCM
                             Station number: 78866
                           Observation time: 061202/1200
                           Station latitude: 18.03
                          Station longitude: -63.11
                          Station elevation: 4.0
                            Showalter index: 7.24
                               Lifted index: -0.91
    LIFT computed using virtual temperature: -1.48
                                SWEAT index: 157.19
                                    K index: 14.90
                         Cross totals index: 14.30
                      Vertical totals index: 21.30
                        Totals totals index: 35.60
      Convective Available Potential Energy: 537.35
             CAPE using virtual temperature: 736.94
                      Convective Inhibition: -5.40
             CINS using virtual temperature: -1.83
                           Equilibrum Level: 227.50
 Equilibrum Level using virtual temperature: 227.47
                   Level of Free Convection: 900.02
             LFCT using virtual temperature: 909.91
                     Bulk Richardson Number: 116.32
          Bulk Richardson Number using CAPV: 159.52
  Temp [K] of the Lifted Condensation Level: 291.54
Pres [hPa] of the Lifted Condensation Level: 912.37
   Equivalent potential temp [K] of the LCL: 342.68
     Mean mixed layer potential temperature: 299.29
              Mean mixed layer mixing ratio: 14.83
              1000 hPa to 500 hPa thickness: 5722.00
Precipitable water [mm] for entire sounding: 35.30


    78866 TNCM Juliana Airport Observations at 12Z 04 Dec 2006

-----------------------------------------------------------------------------
   PRES   HGHT   TEMP   DWPT   RELH   MIXR   DRCT   SKNT   THTA   THTE   THTV
    hPa     m      C      C      %    g/kg    deg   knot     K      K      K 
-----------------------------------------------------------------------------
 1013.0      4   24.0   19.6     76  14.38     75     11  296.1  337.6  298.6
 1000.0    114   24.6   20.6     78  15.53     80     12  297.8  343.0  300.5
  978.7    305   23.1   20.2     84  15.43     85     13  298.1  343.0  300.8
  948.0    589   20.8   19.5     92  15.29     90     17  298.5  343.1  301.2
  945.7    610   20.7   19.2     91  15.01     90     17  298.6  342.5  301.3
  925.0    805   20.2   16.1     77  12.60     95     17  300.0  337.1  302.2
  913.4    914   19.7   15.3     76  12.09     95     17  300.5  336.2  302.7
  881.7   1219   18.3   13.0     71  10.75     90     14  302.1  334.2  304.1
  861.0   1425   17.4   11.4     68   9.92     93     13  303.2  333.0  305.1
  851.1   1524   16.3   10.3     68   9.34     95     12  303.1  331.2  304.8
  850.0   1535   16.2   10.2     68   9.27     95     12  303.1  331.0  304.8
  820.8   1829   13.6    9.8     78   9.34    100     10  303.4  331.5  305.1
  795.0   2098   11.2    9.4     89   9.40    104     13  303.6  331.9  305.3
  791.5   2134   11.1    9.2     88   9.28    105     13  303.8  331.8  305.5
  763.0   2438    9.8    7.1     84   8.36    105     14  305.6  331.1  307.2
  735.4   2743    8.4    5.0     79   7.52    110     16  307.4  330.6  308.8
  714.0   2988    7.4    3.4     76   6.89    110     19  308.9  330.3  310.2
  708.8   3048    7.0    2.7     74   6.62    110     20  309.1  329.7  310.3
  700.0   3150    6.2    1.6     72   6.18    110     18  309.3  328.6  310.5
  682.8   3353    4.6   -0.6     69   5.41    110     16  309.8  326.8  310.8
  661.0   3618    2.6   -3.4     65   4.52    101     16  310.4  324.8  311.2
  657.7   3658    2.2   -2.0     74   5.04    100     16  310.4  326.4  311.3
  656.0   3679    2.0   -1.3     79   5.33    100     16  310.4  327.2  311.4
  646.0   3803    1.4   -1.2     83   5.46    100     17  311.1  328.3  312.1
  641.0   3866    1.4   -3.2     71   4.74    100     18  311.8  326.9  312.6
  637.0   3917    1.4   -9.6     44   2.91    100     19  312.3  321.9  312.9
  633.4   3962    1.6   -8.5     47   3.19    100     19  313.0  323.5  313.6
  633.0   3967    1.6   -8.4     47   3.22    100     19  313.1  323.7  313.7
  612.0   4239   -0.1   -6.1     64   3.98    109     13  314.2  327.1  314.9
  609.8   4267   -0.4   -6.4     64   3.91    110     12  314.1  326.9  314.9
  599.0   4410   -1.9   -7.9     64   3.54    105     13  314.0  325.6  3
