
    78866 TNCM Juliana Airport Observations at 12Z 02 Apr 1978

-----------------------------------------------------------------------------
   PRES   HGHT   TEMP   DWPT   RELH   MIXR   DRCT   SKNT   THTA   THTE   THTV
    hPa     m      C      C      %    g/kg    deg   knot     K      K      K 
-----------------------------------------------------------------------------
 1014.0      4   27.0   22.6     77  17.36    155     19  299.0  349.8  302.1
 1000.0    128   24.6   22.0     85  16.96    155     20  297.8  347.1  300.8
  980.1    304   23.2   21.4     90  16.69    155     22  298.1  346.7  301.0
  966.0    432   22.2   21.0     93  16.50    157     24  298.3  346.4  301.2
  946.5    609   20.5   18.4     88  14.31    160     26  298.3  340.1  300.9
  941.0    660   20.0   17.7     87  13.73    161     26  298.3  338.4  300.7
  913.5    914   18.7   16.5     87  13.12    165     24  299.4  338.0  301.8
  881.7   1219   17.1   15.1     88  12.42    155     26  300.8  337.6  303.1
  850.0   1533   15.4   13.7     90  11.72    155     29  302.3  337.2  304.4
  820.9   1828   14.0   11.6     85  10.53    155     31  303.9  335.5  305.8
  791.8   2133   12.6    9.3     80   9.39    150     31  305.5  334.0  307.2
  771.0   2358   11.6    7.7     77   8.62    154     29  306.7  333.1  308.3
  763.7   2438   11.5    3.7     59   6.58    155     28  307.4  327.8  308.6
  750.0   2589   11.2   -3.8     35   3.87    155     26  308.7  321.1  309.4
  700.0   3163    9.0  -21.0     10   1.03    155     20  312.4  316.0  312.6
  500.0   5880   -3.9  -33.9      8   0.44    230     20  328.2  329.9  328.3
  400.0   7600  -16.5  -46.5      6   0.15    245     30  333.5  334.1  333.5
  300.0   9700  -31.5                         275     52  340.9         340.9
  250.0  10960  -41.7                         270     53  343.9         343.9
  222.0  11743  -48.2                         255     66  345.8         345.8
  200.0  12430  -53.9                         270     63  347.2         347.2
  150.0  14220  -66.7                         270     49  355.0         355.0
  100.0  16610  -78.5                         265     44  375.8         375.8
   88.0  17335  -80.7                         288     33  385.4         385.4
   70.0  18640  -76.1                         330     14  421.3         421.3
   50.0  20630  -67.1                          65     17  484.9         484.9
   31.0  23590  -56.1                                     585.6         585.6


      Station information and sounding indices

                         Station identifier: TNCM
                             Station number: 78866
                           Observation time: 780402/1200
                           Station latitude: 18.03
                          Station longitude: -63.11
                          Station elevation: 4.0
                            Showalter index: 4.19
                               Lifted index: 0.29
    LIFT computed using virtual temperature: -0.56
                                SWEAT index: 388.15
                                    K index: 3.00
                         Cross totals index: 17.60
                      Vertical totals index: 19.30
                        Totals totals index: 36.90
      Convective Available Potential Energy: 413.54
             CAPE using virtual temperature: 673.51
                      Convective Inhibition: -0.11
             CINS using virtual temperature: 0.00
                           Equilibrum Level: 219.38
 Equilibrum Level using virtual temperature: 219.33
                   Level of Free Convection: 951.21
             LFCT using virtual temperature: 954.27
                     Bulk Richardson Number: 182.49
          Bulk Richardson Number using CAPV: 297.20
  Temp [K] of the Lifted Condensation Level: 294.17
Pres [hPa] of the Lifted Condensation Level: 954.27
   Equivalent potential temp [K] of the LCL: 346.88
     Mean mixed layer potential temperature: 298.14
              Mean mixed layer mixing ratio: 16.74
              1000 hPa to 500 hPa thickness: 5752.00
Precipitable water [mm] for entire sounding: 36.42


    78866 TNCM Juliana Airport Observations at 12Z 03 Apr 1978

-----------------------------------------------------------------------------
   PRES   HGHT   TEMP   DWPT   RELH   MIXR   DRCT   SKNT   THTA   THTE   THTV
    hPa     m      C      C      %    g/kg    deg   knot     K      K      K 
-----------------------------------------------------------------------------
 1015.0      4   26.0   22.1     79  16.81    170     12  297.9  346.8  300.9
 1000.0    132   24.4   20.7     80  15.63    170     11  297.6  343.0  300.3
  980.6    304   22.9   20.4     86  15.64    170     10  297.7  343.2  300.5
  956.0    527   21.0   20.0     94  15.65    181      8  298.0  343.6  300.8
  947.0    609   20.7   18.2     86  14.09    185      7  298.4  339.6  300.9
  914.3    914   19.5   11.6     60   9.44    210      7  300.2  328.2  301.9
  902.0   1031   19.0    9.0     52   8.05    218      7  300.9  325.0  302.4
  882.4   1219   13.7    4.7     54   6.10    230      8  297.3  315.5  298.4
  882.0   1223   13.6    4.6     54   6.06    230      8  297.2  315.3  298.3
  850.0   1536   14.8    8.8     67   8.43    255      5  301.6  326.9  303.2
  820.8   1828   13.7    8.5     71   8.56    290      3  303.5  329.3  305.1
  791.5   2133   12.5    8.2     75   8.70    325      5  305.4  331.9  307.0
  763.1   2438   11.4    7.9     79   8.84    325      6  307.4  334.4  309.0
  735.8   2743   10.2    7.6     84   8.98    310      6  309.3  337.0  311.0
  700.0   3160    8.6    7.2     91   9.18    310      9  312.0  340.6  313.7
  658.0   3657    5.8   -0.8     62   5.50    280      9  314.4  332.1  315.5
  609.8   4267    2.4  -10.7     37   2.78    280     17  317.4  326.7  317.9
  565.2   4876   -1.0  -20.6     21   1.32    280     21  320.3  325.0  320.6
  500.0   5860   -6.5  -36.5      7   0.34    260     25  325.1  326.4  325.1
  484.8   6096   -8.0  -38.0      7   0.30    255     27  326.1  327.2  326.1
  400.0   7570  -17.5  -47.5      5   0.13    245     43  332.2  332.7  332.2
  397.3   7620  -17.9  -47.9      5   0.13    240     43  332.4  332.9  332.4
  322.7   9144  -28.5  -58.5      4   0.04    270     54  337.9  338.1  337.9
  300.0   9680  -32.3  -62.3      3   0.03    260     56  339.7  339.9  339.7
  259.7  10668  -40.4                         265     66  342.2         342.2
  250.0  10930  -42.5                         270     68  342.7         342.7
  206.4  12192  -52.1                         260     72  346.9         346.9
  200.0  12400  -53.7                         260     78  347.6         347.6
  192.0  12655  -55.1                         260     84  349.5         349.5
  187.6  12801  -55.8                         260     84  350.5         350.5
  170.2  13411  -59.1                         265     69  355.1         355.1
  150.0  14200  -63.3                         275     57  360.8         360.8
  146.8  14325  -64.1                         270     59  361.6         361.6
  125.6  15240  -70.0                         280     49  367.4         367.4
  113.3  15849  -74.0                         280     37  371.1         371.1
  102.1  16459  -77.9                         280     27  374.7         374.7
  100.0  16580  -78.7                         280     24  375.4         375.4
   94.0  16932  -79.9                         280     19  379.8         379.8
   91.8  17068  -79.6                         280     17  382.9         382.9
   82.5  17678  -78.4                         280      7  397.3         397.3
   70.0  18617  -76.5                                     420.4         420.4
   50.0  20599  -66.2                                     487.1         487.1
   40.0  21962  -64.5                                     523.4         523.4
   30.0  23765  -55.5                                     592.7         592.7
   20.0  26372  -50.5                                     680.8         680.8
   10.0  31061  -32.5                                     897.0         897.0


      Station information and sounding indices

                         Station identifier: TNCM
                             Station number: 78866
                           Observation time: 780403/1200
                           Station latitude: 18.03
                          Station longitude: -63.11
                          Station elevation: 4.0
                            Showalter index: 6.35
                               Lifted index: -1.08
    LIFT computed using virtual temperature: -1.85
                                SWEAT index: 140.58
                                    K index: 28.70
                         Cross totals index: 15.30
                      Vertical totals index: 21.30
                        Totals totals index: 36.60
      Convective Available Potential Energy: 320.96
             CAPE using virtual temperature: 506.45
                      Convective Inhibition: -11.86
             CINS using virtual temperature: -2.20
                           Equilibrum Level: 271.17
 Equilibrum Level using virtual temperature: 270.83
                   Level of Free Convection: 898.54
             LFCT using virtual temperature: 926.41
                     Bulk Richardson Number: 12.93
          Bulk Richardson Number using CAPV: 20.40
  Temp [K] of the Lifted Condensation Level: 293.13
Pres [hPa] of the Lifted Condensation Level: 946.98
   Equivalent potential temp [K] of the LCL: 343.64
     Mean mixed layer potential temperature: 297.74
              Mean mixed layer mixing ratio: 15.79
              1000 hPa to 500 hPa thickness: 5728.00
Precipitable water [mm] for entire sounding: 40.11


    78866 TNCM Juliana Airport Observations at 12Z 04 Apr 1978

-----------------------------------------------------------------------------
   PRES   HGHT   TEMP   DWPT   RELH   MIXR   DRCT   SKNT   THTA   THTE   THTV
    hPa     m      C      C      %    g/kg    deg   knot     K      K      K 
-----------------------------------------------------------------------------
 1015.0      4   25.4   22.2     82  16.91     25     29  297.3  346.4  300.3
 1000.0    133   24.4   19.5     74  14.48     35     29  297.6  339.7  300.1
  980.6    304   23.2   18.3     74  13.72     25     28  298.0  338.0  300.5
  946.9    609   21.0   16.3     74  12.43     25     28  298.8  335.3  301.1
  916.0    898   19.0   14.3     74  11.31     25     26  299.6  332.9  301.6
  914.3    914   18.9   14.2     74  11.27     25     26  299.6  332.8  301.6
  882.2   1219   16.3   12.7     80  10.59     25     24  300.0  331.3  301.9
  850.0   1537   13.6   11.2     85   9.92     20     20  300.4  329.8  302.2
  823.0   1810   12.0   10.8     92   9.98     15     14  301.5  331.2  303.3
  821.2   1828   11.9    9.9     87   9.38     15     14  301.6  329.6  303.3
  791.9   2133   11.0   -6.0     30   3.11      5      7  303.8  313.6  304.3
  767.0   2400   10.2  -19.8     10   1.04    343      7  305.7  309.2  305.9
  763.5   2438   10.1  -19.9     10   1.03    340      7  305.9  309.4  306.1
  735.9   2743    8.9  -21.1     10   0.97    320     10  307.9  311.3  308.1
  700.0   3158    7.4  -22.6     10   0.89    320     11  310.6  313.8  310.8
  661.0   3628    5.4  -14.6     22   1.87    301     84  313.5  319.9  313.9
  658.6   3657    5.1  -14.5     23   1.90    300     89  313.6  320.0  313.9
  622.0   4120    1.0  -13.0     34   2.27    292     30  314.0  321.6  314.4
  610.7   4267    0.8  -20.4     19   1.24    290     11  315.4  319.7  315.6
  585.0   4612    0.2  -37.8      4   0.25    313     13  318.6  319.6  318.6
  565.8   4876   -1.6  -39.6      4   0.22    330     14  319.5  320.4  319.5
  514.0   5635   -6.9  -44.9      3   0.14    326     16  322.0  322.6  322.0
  500.0   5850   -6.5  -36.5      7   0.34    325     17  325.1  326.4  325.1
  484.2   6096   -8.2  -38.2      7   0.29    325     16  326.0  327.1  326.1
  400.0   7560  -18.1  -48.1      5   0.12    265     49  331.4  331.9  331.4
  396.7   7620  -18.5  -48.5      5   0.12    265     47  331.6  332.1  331.6
  321.6   9144  -28.9  -58.9      4   0.04    275     59  337.8  338.0  337.8
  300.0   9650  -32.3  -62.3      3   0.03    270     61  339.7  339.9  339.7
  284.0  10032  -34.9  -64.9      3   0.02    270     66  341.4  341.5  341.4
  266.0  10485  -36.3  -66.3      3   0.02    270     72  345.8  345.9  345.8
  259.0  10668  -37.9  -67.9      3   0.02    270     75  346.0  346.1  346.0
  250.0  10910  -40.1  -70.1      3   0.01    275     76  346.3  346.4  346.3
  224.0  11638  -46.7                         275     86  347.2         347.2
  215.8  11887  -49.0                         275     86  347.5         347.5
  200.0  12390  -53.5                         275     80  347.9         347.9
  150.0  14190  -66.1                         285     48  356.0         356.0
  125.7  15240  -71.1                         300     50  365.4         365.4
  107.8  16154  -75.4                         290     41  373.7         373.7
  106.0  16252  -75.9                         285     35  374.5         374.5
  100.0  16590  -75.3                         285     35  382.0         382.0
   88.0  17323  -78.3                         305     54  390.2         390.2
   70.0  18640  -74.1                         340     88  425.5         425.5
   62.0  19348  -74.5                           3     60  439.7         439.7
   52.0  20385  -70.5                          37     18  471.6         471.6
   50.0  20620  -66.9                          45      9  485.4         485.4
   36.0  22642  -58.5                         334      9  554.9         554.9
   30.0  23790  -57.1                         295      9  588.4         588.4
   20.0  26420  -47.1                         275     19  691.2         691.2
   11.5  30158  -37.7                                     843.3         843.3


      Station information and sounding indices

                         Station identifier: TNCM
                             Station number: 78866
                           Observation time: 780404/1200
                           Station latitude: 18.03
                          Station longitude: -63.11
                          Station elevation: 4.0
                            Showalter index: 4.93
                               Lifted index: 0.75
    LIFT computed using virtual temperature: 0.08
                                SWEAT index: 191.41
                                    K index: 1.30
                         Cross totals index: 17.70
                      Vertical totals index: 20.10
                        Totals totals index: 37.80
      Convective Available Potential Energy: 84.13
             CAPE using virtual temperature: 248.31
                      Convective Inhibition: -22.72
             CINS using virtual temperature: -13.62
                           Equilibrum Level: 506.32
 Equilibrum Level using virtual temperature: 395.63
                   Level of Free Convection: 880.56
             LFCT using virtual temperature: 892.73
                     Bulk Richardson Number: 1.43
          Bulk Richardson Number using CAPV: 4.23
  Temp [K] of the Lifted Condensation Level: 290.99
Pres [hPa] of the Lifted Condensation Level: 921.55
   Equivalent potential temp [K] of the LCL: 339.10
     Mean mixed layer potential temperature: 297.88
              Mean mixed layer mixing ratio: 14.21
              1000 hPa to 500 hPa thickness: 5717.00
Precipitable water [mm] for entire sounding: 28.80


    78866 TNCM Juliana Airport Observations at 12Z 06 Apr 1978

-----------------------------------------------------------------------------
   PRES   HGHT   TEMP   DWPT   RELH   MIXR   DRCT   SKNT   THTA   THTE   THTV
    hPa     m      C      C      %    g/kg    deg   knot     K      K      K 
-----------------------------------------------------------------------------
 1015.0      4   26.0   21.0     74  15.69     70     18  297.9  343.6  300.7
 1000.0    133   25.4   20.4     74  15.33     70     17  298.6  343.4  301.3
  980.7    304   23.6   20.1     81  15.38     70     17  298.4  343.3  301.1
  964.0    455   22.0   19.9     88  15.42     68     17  298.3  343.2  301.0
  947.0    609   21.1   18.1     83  14.00     65     16  298.9  339.9  301.4
  914.3    914   19.5   14.6     73  11.51     65     16  300.2  334.2  302.3
  913.0    927   19.4   14.4     73  11.42     65     16  300.3  334.0  302.3
  882.4   1219   17.3   13.1     76  10.85     60     13  301.0  333.2  303.0
  850.0   1539   15.0   11.7     81  10.26     95     10  301.9  332.4  303.7
  821.5   1828   13.4   11.4     88  10.43    120      9  303.1  334.4  305.0
  818.0   1864   13.2   11.4     89  10.45    122      9  303.3  334.6  305.2
  792.3   2133   12.0    8.7     80   8.98    135      9  304.8  332.0  306.4
  783.0   2232   11.6    7.7     77   8.49    137      8  305.4  331.2  306.9
  764.0   2438   10.6    8.9     89   9.46    140      7  306.4  335.2  308.1
  761.0   2471   10.4    9.1     92   9.62    141      7  306.6  335.9  308.3
  736.4   2743    9.0    7.8     93   9.12    150      6  307.9  335.9  309.6
  700.0   3164    6.8    5.9     94   8.39    165      6  310.0  336.0  311.6
  658.8   3657    3.7    1.4     85   6.47    185      7  311.9  332.4  313.2
  611.2   4267   -0.1   -4.2     74   4.62    265      3  314.3  329.3  315.2
  606.0   4337   -0.5   -4.8     73   4.44    266      4  314.6  329.0  315.4
  597.0   4456   -0.9  -30.9      8   0.49    268      5  315.5  317.3  315.6
  566.4   4876   -1.6  -31.6      8   0.48    275      9  319.5  321.3  319.6
  560.0   4966   -1.7  -31.7      8   0.48    273     10  320.4  322.2  320.4
  500.0   5860   -6.9  -36.9      7   0.32    250     18  324.6  325.8  324.6
  484.8   6096   -8.7  -38.7      7   0.28    250     21  325.2  326.3  325.2
  400.0   7560  -20.1  -50.1      5   0.10    285     30  328.8  329.2  328.8
  396.7   7620  -20.6  -50.6      5   0.09    285     30  328.9  329.3  328.9
  321.0   9144  -33.2  -63.2      3   0.02    285     50  332.1  332.2  332.1
  317.0   9234  -33.9  -63.9      3   0.02    285     51  332.2  332.3  332.2
  300.0   9620  -33.9  -63.9      3   0.02    285     53  337.5  337.6  337.5
  266.0  10457  -40.1  -70.1      3   0.01    280     61  340.2  340.3  340.2
  264.0  10508  -40.4                         280     62  340.5         340.5
  257.9  10668  -41.4                         280     62  341.3         341.3
  250.0  10880  -42.7                         275     62  342.4         342.4
  204.8  12192  -52.0                         275     59  347.9         347.9
  200.0  12350  -53.1                         275     63  348.5         348.5
  177.3  13106  -58.3                         280     64  352.2         352.2
  155.0  13950  -64.1                         280     52  356.1         356.1
  150.0  14150  -64.3                         280     49  359.1         359.1
  145.7  14325  -65.0                         280     49  360.9         360.9
  125.0  15240  -68.9                         285     35  370.0         370.0
  107.2  16154  -72.8                         290     27  379.3         379.3
  100.0  16570  -74.5                         285     22  383.5         383.5
   82.0  17714  -78.3                         285     13  398.1         398.1
   74.0  18300  -77.9                         321     10  410.8         410.8
   70.0  18620  -75.3                         340      8  423.0         423.0
   64.0  19143  -72.9                         349      9  439.2         439.2
   60.0  19527  -67.3                         356     10  459.9         459.9
   50.0  20630  -66.3                          15     13  486.8         486.8
   45.0  21275  -62.3                         350     13  511.4         511.4
   38.0  22321  -61.5                         311     13  538.8         538.8
   34.0  23017  -57.3                         284     13  567.2         567.2
   30.0  23810  -56.7                         255     13  589.5         589.5
   27.0  24481  -55.5                         256     13  610.9         610.9
   20.0  26450  -43.3                         260     12  702.9         702.9
   17.0  27539  -45.3                                     729.9         729.9
   11.5  30208  -34.3                                     855.5         855.5


      Station information and sounding indices

                         Station identifier: TNCM
                             Station number: 78866
                           Observation time: 780406/1200
                           Station latitude: 18.03
                          Station longitude: -63.11
                          Station elevation: 4.0
                            Showalter index: 3.29
                               Lifted index: -1.32
    LIFT computed using virtual temperature: -2.09
                                SWEAT index: 178.41
                                    K index: 32.70
                         Cross totals index: 18.60
                      Vertical totals index: 21.90
                        Totals totals index: 40.50
      Convective Available Potential Energy: 844.10
             CAPE using virtual temperature: 1007.50
                      Convective Inhibition: -14.78
             CINS using virtual temperature: -5.77
                           Equilibrum Level: 255.64
 Equilibrum Level using virtual temperature: 255.68
                   Level of Free Convection: 882.58
             LFCT using virtual temperature: 904.59
                     Bulk Richardson Number: 30.92
          Bulk Richardson Number using CAPV: 36.91
  Temp [K] of the Lifted Condensation Level: 292.49
Pres [hPa] of the Lifted Condensation Level: 933.00
   Equivalent potential temp [K] of the LCL: 343.22
     Mean mixed layer potential temperature: 298.35
              Mean mixed layer mixing ratio: 15.39
              1000 hPa to 500 hPa thickness: 5727.00
Precipitable water [mm] for entire sounding: 43.30


    78866 TNCM Juliana Airport Observations at 12Z 10 Apr 1978

-----------------------------------------------------------------------------
   PRES   HGHT   TEMP   DWPT   RELH   MIXR   DRCT   SKNT   THTA   THTE   THTV
    hPa     m      C      C      %    g/kg    deg   knot     K      K      K 
-----------------------------------------------------------------------------
 1012.0      4   25.6   22.2     82  16.97                297.7  347.1  300.8
 1000.0    107   24.9   22.1     85  17.10                298.1  347.9  301.1
  977.2    304   23.7   22.0     90  17.35    175      9  298.9  349.6  301.9
  963.0    428   23.0   21.9     94  17.52    145      9  299.4  350.7  302.5
  942.7    609   21.7   20.4     92  16.32    100      8  299.9  347.8  302.8
  909.4    914   19.6   17.9     90  14.44     90      9  300.8  343.4  303.4
  897.0   1030   18.8   17.0     89  13.78     95     10  301.2  341.9  303.6
  873.3   1219   17.7                         105     12  302.4         302.4
  801.2   1828   14.2                         130      8  306.2         306.2
  767.4   2133   12.5                         140      7  308.1         308.1
  735.0   2438   10.8                         145      6  310.0         310.0
  704.0   2743    9.0                         160      6  311.9         311.9
  618.6   3657    3.8                         145      5  317.7         317.7
  567.5   4267    0.3                         235      9  321.5         321.5
  520.6   4876   -3.2                         275     14  325.3         325.3
  438.1   6096  -10.1                         265     32  332.9         332.9
  353.1   7620  -18.9                         280     43  342.4         342.4
  284.6   9144  -27.6                         275     70  351.7         351.7
  229.4  10668  -36.3                         275     98  360.8         360.8
  184.9  12192  -45.0                         260    104  369.6         369.6
  169.7  12801  -48.5                         265    120  373.0         373.0
  142.8  14020  -55.4                         270     94  379.7         379.7
  120.2  15240  -62.4                         280     80  386.1         386.1
  105.6  16154  -67.6                         285     73  390.7         390.7
   94.0  16976  -72.3                                     394.7         394.7
   83.0  17678  -76.3                         290     41  400.8         400.8
   80.0  17889  -77.5                         290     29  402.6         402.6
   70.0  18640  -74.7                         285     14  424.2         424.2
   64.0  19157  -77.5                         288     13  429.1         429.1
   56.0  19933  -72.5                         292     11  457.2         457.2
   50.0  20620  -59.9                         295     10  501.9         501.9
   41.0  21842  -65.5                         301      7  517.2         517.2
   38.0  22308  -61.5                         303      6  538.8         538.8
   36.0  22642  -61.5                         305      5  547.1         547.1
   30.0  23800  -50.7                         310      3  605.8         605.8
   20.0  26490  -43.7                         220      4  701.6         701.6
   19.0  26833  -45.3                                     707.0         707.0
   13.0  29405  -37.9                                     813.6         813.6


      Station information and sounding indices

                         Station identifier: TNCM
                             Station number: 78866
                           Observation time: 780410/1200
                           Station latitude: 18.03
                          Station longitude: -63.11
                          Station elevation: 4.0
                               Lifted index: -1.38
    LIFT computed using virtual temperature: -2.35
                      Vertical totals index: 21.43
      Convective Available Potential Energy: 241.12
             CAPE using virtual temperature: 544.38
                      Convective Inhibition: -5.48
             CINS using virtual temperature: -4.02
                           Equilibrum Level: 396.09
 Equilibrum Level using virtual temperature: 402.62
                   Level of Free Convection: 916.44
             LFCT using virtual temperature: 925.12
                     Bulk Richardson Number: 55.88
          Bulk Richardson Number using CAPV: 126.16
  Temp [K] of the Lifted Condensation Level: 294.64
Pres [hPa] of the Lifted Condensation Level: 953.94
   Equivalent potential temp [K] of the LCL: 348.97
     Mean mixed layer potential temperature: 298.65
              Mean mixed layer mixing ratio: 17.24
              1000 hPa to 500 hPa thickness: 5054.52
Precipitable water [mm] for entire sounding: 19.12


    78866 TNCM Juliana Airport Observations at 12Z 13 Apr 1978

-----------------------------------------------------------------------------
   PRES   HGHT   TEMP   DWPT   RELH   MIXR   DRCT   SKNT   THTA   THTE   THTV
    hPa     m      C      C      %    g/kg    deg   knot     K      K      K 
-----------------------------------------------------------------------------
 1017.0      4   26.4   21.8     76  16.46     90     11  298.1  346.1  301.1
 1000.0    152   24.6   19.6     74  14.57     90     11  297.8  340.2  300.4
  982.7    304   23.3   19.2     78  14.47     90     11  298.0  340.2  300.6
  948.9    609   20.8   18.4     86  14.27     90     15  298.4  340.1  300.9
  918.0    897   18.4   17.7     96  14.08     95     19  298.8  339.9  301.3
  916.1    914   18.2   17.5     96  13.94     95     19  298.7  339.5  301.2
  883.9   1219   14.9   14.1     95  11.57    105     19  298.3  332.2  300.4
  861.0   1442   12.4   11.6     95  10.06    108     21  298.0  327.5  299.8
  850.0   1551   15.2    4.2     48   6.12    110     22  302.1  320.7  303.2
  822.2   1828   13.6    1.9     45   5.36    110     17  303.2  319.7  304.2
  792.7   2133   11.8   -0.7     42   4.61     95     16  304.4  318.8  305.3
  764.2   2438    9.9   -3.3     39   3.95     85     15  305.7  318.2  306.4
  736.7   2743    8.1   -5.8     37   3.38     90     11  306.9  317.7  307.6
  700.0   3169    5.6   -9.4     33   2.69    125      3  308.6  317.4  309.2
  675.0   3465    3.6  -26.4      9   0.66    143      7  309.6  312.0  309.8
  659.2   3657    4.1  -25.9      9   0.71    155      9  312.3  314.8  312.4
  644.0   3846    4.6  -25.4      9   0.76    141     12  315.0  317.7  315.1
  611.4   4267    3.2  -26.8      9   0.70    110     18  318.1  320.6  318.2
  580.0   4693    1.8  -28.2      9   0.65     86     21  321.2  323.7  321.4
  566.8   4876    0.5  -29.5      8   0.59     75     23  321.9  324.1  322.0
  500.0   5870   -6.3  -36.3      7   0.35     60     28  325.3  326.6  325.4
  485.6   6096   -7.4  -37.4      7   0.32     55     29  326.7  328.0  326.8
  448.0   6721  -10.3  -40.3      7   0.26     43     26  330.6  331.7  330.7
  400.0   7580  -17.5  -47.5      5   0.13     25     22  332.2  332.7  332.2
  397.8   7620  -17.8  -47.8      5   0.13     30     23  332.3  332.8  332.3
  322.5   9144  -29.5  -59.5      4   0.04     20     29  336.7  336.9  336.7
  300.0   9670  -33.5  -63.5      3   0.02     20     32  338.0  338.2  338.1
  259.4  10668  -40.9                          15     26  341.6         341.6
  250.0  10920  -42.7                          10     28  342.4         342.4
  200.0  12390  -54.7                         325     29  346.0         346.0
  150.0  14180  -65.5                         305     30  357.1         357.1
  125.4  15240  -71.0                         330     26  365.9         365.9
  107.5  16154  -75.7                         330     26  373.5         373.5
  100.0  16580  -77.9                         335     18  377.0         377.0
   87.0  17373  -78.5                         340     25  391.1         391.1
   79.0  17924  -78.9                                     401.2         401.2
   61.0  19414  -73.7                                     443.5         443.5
   20.0  26420  -43.3                                     702.9         702.9
   10.0  31137  -38.1                                     876.2         876.2
    8.7  32096  -37.3                                     914.8         914.8


      Station information and sounding indices

                         Station identifier: TNCM
                             Station number: 78866
                           Observation time: 780413/1200
                           Station latitude: 18.03
                          Station longitude: -63.11
                          Station elevation: 4.0
                            Showalter index: 9.81
                               Lifted index: 0.19
    LIFT computed using virtual temperature: -0.52
                                SWEAT index: 122.41
                                    K index: 10.70
                         Cross totals index: 10.50
                      Vertical totals index: 21.50
                        Totals totals index: 32.00
      Convective Available Potential Energy: 164.67
             CAPE using virtual temperature: 312.07
                      Convective Inhibition: -6.01
             CINS using virtual temperature: -4.76
                           Equilibrum Level: 302.27
 Equilibrum Level using virtual temperature: 297.68
                   Level of Free Convection: 914.43
             LFCT using virtual temperature: 915.95
                     Bulk Richardson Number: 91.84
          Bulk Richardson Number using CAPV: 174.05
  Temp [K] of the Lifted Condensation Level: 291.77
Pres [hPa] of the Lifted Condensation Level: 929.03
   Equivalent potential temp [K] of the LCL: 340.95
     Mean mixed layer potential temperature: 297.98
              Mean mixed layer mixing ratio: 14.78
              1000 hPa to 500 hPa thickness: 5718.00
Precipitable water [mm] for entire sounding: 30.94


    78866 TNCM Juliana Airport Observations at 12Z 14 Apr 1978

-----------------------------------------------------------------------------
   PRES   HGHT   TEMP   DWPT   RELH   MIXR   DRCT   SKNT   THTA   THTE   THTV
    hPa     m      C      C      %    g/kg    deg   knot     K      K      K 
-----------------------------------------------------------------------------
 1016.0      4   27.2   22.2     74  16.90    100     19  299.0  348.5  302.0
 1000.0    146   24.8   22.8     89  17.83    102     19  297.9  349.9  301.1
  981.6    304   23.3   20.0     82  15.26    105     18  298.0  342.5  300.8
  973.0    379   22.6   18.7     79  14.15    107     18  298.1  339.4  300.6
  946.7    609   21.1   17.2     79  13.19    115     16  298.9  337.5  301.2
  912.8    914   19.0   15.2     78  12.00    120     22  299.9  335.2  302.0
  880.1   1219   17.0   13.1     78  10.90    115     26  300.9  333.2  302.9
  850.0   1510   15.0   11.2     78   9.92    105     21  301.9  331.4  303.6
  819.0   1828   13.2    9.0     76   8.86    105     19  303.2  329.8  304.8
  790.3   2133   11.5    6.8     73   7.93    100     16  304.4  328.5  305.9
  762.7   2438    9.8    4.7     71   7.08    100     13  305.7  327.4  307.0
  736.0   2743    8.0    2.6     69   6.31    100     12  306.9  326.4  308.1
  700.0   3172    5.6   -0.4     65   5.34    100     10  308.6  325.4  309.6
  659.2   3657    4.0   -6.3     47   3.65    105     12  312.2  324.1  312.9
  611.3   4267    2.0  -13.7     30   2.19    105     22  316.7  324.2  317.1
  566.9   4876    0.0  -21.0     19   1.27     80     22  321.3  325.8  321.5
  500.0   5890   -3.3  -33.3      8   0.46     90     22  328.9  330.8  329.0
  486.8   6096   -4.9  -34.9      7   0.41     85     19  329.5  331.1  329.6
  400.0   7610  -16.5  -46.5      6   0.15     40      5  333.5  334.1  333.5
  399.4   7620  -16.6  -46.4      6   0.15     45      5  333.5  334.1  333.5
  323.9   9144  -28.4  -37.2     43   0.49     30     14  337.8  339.7  337.9
  300.0   9700  -32.7  -33.8     90   0.74     25     11  339.2  342.1  339.3
  260.5  10668  -40.9                         340     13  341.1         341.1
  250.0  10950  -43.3                         330     18  341.6         341.6
  207.0  12192  -52.9                         340     18  345.4         345.4
  200.0  12420  -54.7                         325     23  346.0         346.0
  162.6  13716  -61.3                         310     41  355.9         355.9
  150.0  14220  -63.9                         315     41  359.8         359.8
  126.3  15240  -69.3                         320     29  368.3         368.3
  100.0  16620  -76.5                         335     26  379.7         379.7
   70.0  18660  -79.7                          20     13  413.6         413.6
   64.0  19170  -78.3                          31     15  427.4         427.4
   50.0  20620  -66.9                          60     19  485.4         485.4
   45.0  21265  -61.3                          83     17  513.8         513.8
   36.0  22659  -58.7                         131     13  554.4         554.4
   30.0  23820  -53.1                         170      9  599.3         599.3
   27.0  24498  -52.5                         158     10  619.3         619.3
   24.0  25271  -44.7                         145     11  663.1         663.1
   20.0  26490  -43.7                         125     13  701.6         701.6
   17.0  27590  -39.9                         107     14  747.1         747.1
   10.0  31200  -41.5                          50     18  863.5         863.5


      Station information and sounding indices

                         Station identifier: TNCM
                             Station number: 78866
                           Observation time: 780414/1200
                           Station latitude: 18.03
                          Station longitude: -63.11
                          Station elevation: 4.0
                            Showalter index: 7.35
                               Lifted index: 1.94
    LIFT computed using virtual temperature: 1.17
                                SWEAT index: 198.41
                                    K index: 23.50
                         Cross totals index: 14.50
                      Vertical totals index: 18.30
                        Totals totals index: 32.80
      Convective Available Potential Energy: 384.97
             CAPE using virtual temperature: 543.79
                      Convective Inhibition: -7.72
             CINS using virtual temperature: -1.39
                           Equilibrum Level: 232.24
 Equilibrum Level using virtual temperature: 232.17
                   Level of Free Convection: 901.70
             LFCT using virtual temperature: 925.58
                     Bulk Richardson Number: 3919.09
          Bulk Richardson Number using CAPV: 5535.95
  Temp [K] of the Lifted Condensation Level: 292.98
Pres [hPa] of the Lifted Condensation Level: 940.05
   Equivalent potential temp [K] of the LCL: 344.11
     Mean mixed layer potential temperature: 298.21
              Mean mixed layer mixing ratio: 15.83
              1000 hPa to 500 hPa thickness: 5744.00
Precipitable water [mm] for entire sounding: 39.13


    78866 TNCM Juliana Airport Observations at 12Z 15 Apr 1978

-----------------------------------------------------------------------------
   PRES   HGHT   TEMP   DWPT   RELH   MIXR   DRCT   SKNT   THTA   THTE   THTV
    hPa     m      C      C      %    g/kg    deg   knot     K      K      K 
-----------------------------------------------------------------------------
 1014.0      4   26.2   21.2     74  15.90    105     13  298.2  344.5  301.0
 1000.0    127   25.0   19.0     69  14.03    110     16  298.1  339.1  300.7
  979.7    304   23.7   17.8     70  13.25    110     15  298.6  337.3  300.9
  945.7    609   21.4   15.7     70  12.00    115     17  299.2  334.5  301.4
  912.8    914   19.1   13.6     71  10.84    110     18  299.9  331.9  301.9
  881.1   1219   16.7   11.5     71   9.78    105     17  300.6  329.6  302.3
  850.0   1529   14.4    9.4     72   8.78     95     16  301.2  327.4  302.8
  820.1   1828   13.0    6.7     66   7.54     95     16  302.8  325.6  304.2
  790.8   2133   11.5    3.9     60   6.44     75     12  304.4  324.1  305.6
  762.4   2438   10.0    1.1     54   5.47     65      9  306.0  323.0  307.0
  735.1   2743    8.6   -1.7     49   4.63     90      6  307.6  322.2  308.5
  700.0   3152    6.6   -5.4     42   3.67    205      3  309.8  321.6  310.4
  657.6   3657    4.7  -10.7     32   2.59    150      3  313.1  321.7  313.6
  609.8   4267    2.3  -17.1     22   1.65     75     12  317.3  323.0  317.6
  565.5   4876   -0.1  -23.5     15   1.02     50     10  321.4  325.1  321.6
  500.0   5870   -3.9  -33.9      8   0.44    165      3  328.2  329.9  328.3
  485.6   6096   -5.7  -35.7      7   0.38    210      5  328.8  330.3  328.9
  400.0   7590  -17.5  -47.5      5   0.13    360      6  332.2  332.7  332.2
  398.4   7620  -17.7  -47.7      5   0.13    360      6  332.3  332.8  332.3
  323.0   9144  -28.6  -58.6      4   0.04    305      7  337.7  337.9  337.7
  300.0   9680  -32.5  -62.5      3   0.03    305     12  339.4  339.6  339.5
  259.7  10668  -40.2                         310     21  342.3         342.3
  250.0  10930  -42.3                         310     23  343.0         343.0
  226.6  11582  -47.1                         310     31  345.4         345.4
  206.7  12192  -51.7                         310     41  347.5         347.5
  200.0  12410  -53.3                         305     47  348.2         348.2
  150.0  14200  -64.9                         305     32  358.1         358.1
  146.9  14325  -65.8                         305     31  358.7         358.7
  125.8  15240  -72.2                         300     22  363.4         363.4
  109.0  16088  -78.1                         310     18  367.4         367.4
  100.0  16580  -78.5                         315     16  375.8         375.8
   96.8  16764  -78.2                         315     15  379.9         379.9
   87.0  17373  -77.2                         360      6  393.6         393.6
   78.2  17983  -76.3                          20     16  407.8         407.8
   70.0  18610  -75.3                          50     14  423.0         423.0
   50.0  20610  -66.1                           5      7  487.3         487.3
   30.0  23790  -51.7                         140     10  603.1         603.1
   20.0  26460  -44.3                         130      6  699.8         699.8
   10.0  31780  -37.5                                     878.4         878.4


      Station information and sounding indices

                         Station identifier: TNCM
                             Station number: 78866
                           Observation time: 780415/1200
                           Station latitude: 18.03
                          Station longitude: -63.11
                          Station elevation: 4.0
                            Showalter index: 8.67
                               Lifted index: 3.71
    LIFT computed using virtual temperature: 3.09
                                SWEAT index: 147.80
                                    K index: 15.70
                         Cross totals index: 13.30
                      Vertical totals index: 18.30
                        Totals totals index: 31.60
      Convective Available Potential Energy: 20.79
             CAPE using virtual temperature: 91.31
                      Convective Inhibition: -29.66
             CINS using virtual temperature: -16.33
                           Equilibrum Level: 671.59
 Equilibrum Level using virtual temperature: 617.93
                   Level of Free Convection: 855.65
             LFCT using virtual temperature: 874.19
                     Bulk Richardson Number: 3.89
          Bulk Richardson Number using CAPV: 17.09
  Temp [K] of the Lifted Condensation Level: 290.10
Pres [hPa] of the Lifted Condensation Level: 905.34
   Equivalent potential temp [K] of the LCL: 338.22
     Mean mixed layer potential temperature: 298.47
              Mean mixed layer mixing ratio: 13.65
              1000 hPa to 500 hPa thickness: 5743.00
Precipitable water [mm] for entire sounding: 32.48


    78866 TNCM Juliana Airport Observations at 12Z 16 Apr 1978

-----------------------------------------------------------------------------
   PRES   HGHT   TEMP   DWPT   RELH   MIXR   DRCT   SKNT   THTA   THTE   THTV
    hPa     m      C      C      %    g/kg    deg   knot     K      K      K 
-----------------------------------------------------------------------------
 1013.0      4   27.2   21.2     70  15.92    100      6  299.2  345.9  302.1
 1000.0    113   25.4   19.4     69  14.39    105    307  298.6  340.6  301.1
  903.0   1002   17.8   16.4     92  13.16    130    121  299.6  338.2  301.9
  850.0   1519   15.2   11.4     78  10.05    145     11  302.1  332.1  303.9
  824.0   1783   14.4   -0.6     36   4.46    117     11  303.9  317.8  304.7
  741.0   2676    9.4   -3.6     40   3.97     21     11  307.8  320.4  308.6
  700.0   3147    6.4  -23.6     10   0.82    330     11  309.5  312.4  309.7
  670.0   3504    3.4  -26.6      9   0.65    317     11  310.1  312.4  310.2
  586.0   4591    3.6  -26.4      9   0.76    277     13  322.4  325.2  322.6
  500.0   5860   -4.5  -34.5      8   0.41    230     14  327.5  329.1  327.6
  400.0   7570  -16.5  -46.5      6   0.15    265     18  333.5  334.1  333.5
  300.0   9670  -31.7  -61.7      4   0.03    275     29  340.6  340.7  340.6
  255.0  10796  -40.1  -70.1      3   0.01    284     36  344.4  344.4  344.4
  250.0  10930  -41.3                         285     37  344.5         344.5
  200.0  12400  -54.1                         290     51  346.9         346.9
  150.0  14190  -66.9                         280     47  354.6         354.6
  121.0  15470  -73.7                         288     37  364.7         364.7
  100.0  16580  -76.3                         295     29  380.1         380.1
   85.0  17505  -80.7                         355     19  389.2         389.2
   70.0  18610  -76.1                          45      7  421.3         421.3
   67.0  18864  -76.5                          61      7  425.7         425.7
   58.0  19714  -68.9                         115      6  460.8         460.8
   55.0  20033  -69.3                         135      6  466.9         466.9
   50.0  20610  -65.7                         170      6  488.2         488.2
   44.0  21396  -61.1                         127      5  517.6         517.6
   38.0  22307  -60.9                          79      3  540.3         540.3
   35.0  22824  -56.5                          51      2  564.6         564.6
   30.0  23810  -53.5                           0      0  598.2         598.2
   24.0  25271  -45.5                          66      3  660.8         660.8
   20.0  26490  -43.7                         120      5  701.6         701.6
   10.0  31150  -41.9                                     862.0         862.0


      Station information and sounding indices

                         Station identifier: TNCM
                             Station number: 78866
                           Observation time: 780416/1200
                           Station latitude: 18.03
                          Station longitude: -63.11
                          Station elevation: 4.0
                            Showalter index: 5.86
                               Lifted index: 2.08
    LIFT computed using virtual temperature: 1.39
                                SWEAT index: 172.79
                                    K index: 1.10
                         Cross totals index: 15.90
                      Vertical totals index: 19.70
                        Totals totals index: 35.60
      Convective Available Potential Energy: 71.78
             CAPE using virtual temperature: 187.50
                      Convective Inhibition: -9.48
             CINS using virtual temperature: -5.25
                           Equilibrum Level: 629.95
 Equilibrum Level using virtual temperature: 614.07
                   Level of Free Convection: 859.28
             LFCT using virtual temperature: 893.59
                     Bulk Richardson Number: 0.01
          Bulk Richardson Number using CAPV: 0.04
  Temp [K] of the Lifted Condensation Level: 291.02
Pres [hPa] of the Lifted Condensation Level: 911.86
   Equivalent potential temp [K] of the LCL: 340.70
     Mean mixed layer potential temperature: 298.81
              Mean mixed layer mixing ratio: 14.35
              1000 hPa to 500 hPa thickness: 5747.00
Precipitable water [mm] for entire sounding: 30.14


    78866 TNCM Juliana Airport Observations at 12Z 19 Apr 1978

-----------------------------------------------------------------------------
   PRES   HGHT   TEMP   DWPT   RELH   MIXR   DRCT   SKNT   THTA   THTE   THTV
    hPa     m      C      C      %    g/kg    deg   knot     K      K      K 
-----------------------------------------------------------------------------
 1015.0      4   26.2   20.2     70  14.91     95     19  298.1  341.6  300.7
 1000.0    136   24.8   18.8     69  13.85    100     19  297.9  338.4  300.4
  926.0    805   18.0   16.7     92  13.08     98     16  297.6  335.7  299.9
  850.0   1537   14.8    9.8     72   9.02     95     12  301.6  328.6  303.3
  780.0   2261   10.2    8.2     87   8.82    170      8  304.2  330.9  305.8
  741.0   2688    9.2   -2.8     43   4.22    215      6  307.6  320.9  308.4
  700.0   3159    8.4  -11.6     23   2.26    265      3  311.8  319.3  312.2
  650.0   3768    4.6   -7.4     41   3.39                314.1  325.3  314.8
  633.0   3984    3.8  -26.2      9   0.72                315.6  318.2  315.7
  574.0   4771   -2.5  -11.5     50   2.78                317.2  326.5  317.7
  557.0   5010   -2.5  -32.5      8   0.45                319.9  321.6  320.0
  500.0   5860   -6.9  -36.9      7   0.32                324.6  325.8  324.6
  400.0   7560  -19.1  -49.1      5   0.11                330.1  330.5  330.1
  346.0   8625  -25.7  -55.7      4   0.06                335.1  335.4  335.1


      Station information and sounding indices

                         Station identifier: TNCM
                             Station number: 78866
                           Observation time: 780419/1200
                           Station latitude: 18.03
                          Station longitude: -63.11
                          Station elevation: 4.0
                            Showalter index: 5.10
                               Lifted index: 0.74
    LIFT computed using virtual temperature: 0.10
                                    K index: 11.50
                         Cross totals index: 16.70
                      Vertical totals index: 21.70
                        Totals totals index: 38.40
      Convective Available Potential Energy: 38.84
             CAPE using virtual temperature: 129.05
                      Convective Inhibition: -5.42
             CINS using virtual temperature: 0.00
                           Equilibrum Level: 387.64
 Equilibrum Level using virtual temperature: 379.00
                   Level of Free Convection: 837.22
             LFCT using virtual temperature: 914.49
                     Bulk Richardson Number: 3.69
          Bulk Richardson Number using CAPV: 12.26
  Temp [K] of the Lifted Condensation Level: 290.53
Pres [hPa] of the Lifted Condensation Level: 916.09
   Equivalent potential temp [K] of the LCL: 338.16
     Mean mixed layer potential temperature: 297.91
              Mean mixed layer mixing ratio: 13.84
              1000 hPa to 500 hPa thickness: 5724.00
Precipitable water [mm] for entire sounding: 34.87


    78866 TNCM Juliana Airport Observations at 12Z 21 Apr 1978

-----------------------------------------------------------------------------
   PRES   HGHT   TEMP   DWPT   RELH   MIXR   DRCT   SKNT   THTA   THTE   THTV
    hPa     m      C      C      %    g/kg    deg   knot     K      K      K 
-----------------------------------------------------------------------------
 1013.0      4   27.0   22.0     74  16.74    105     17  299.0  348.1  302.0
 1000.0    116   25.8   21.7     78  16.64    105     17  298.9  347.7  301.9
  978.8    304   24.1   20.7     81  15.98    105     18  299.1  345.9  301.9
  958.0    493   22.4   19.7     85  15.32    111     18  299.2  344.1  301.9
  945.2    609   21.6   19.0     85  14.89    115     18  299.5  343.2  302.2
  912.3    914   19.5   17.3     87  13.80    120     19  300.4  341.0  302.9
  880.6   1219   17.3   15.6     89  12.77    120     15  301.2  339.0  303.5
  850.0   1524   15.2   13.8     91  11.80    120     13  302.1  337.1  304.2
  819.9   1828   13.6   12.3     92  11.08    120     10  303.5  336.7  305.5
  790.8   2133   12.1   10.8     92  10.39    115      7  305.0  336.3  306.9
  772.0   2335   11.0    9.8     92   9.95    115      8  305.9  336.1  307.8
  762.5   2438   10.6    8.0     84   8.91    115      8  306.6  333.8  308.2
  735.0   2743    9.3    2.7     63   6.35    115      5  308.4  328.2  309.6
  700.0   3148    7.6   -4.4     42   3.96     45      3  310.9  323.6  311.6
  682.0   3363    6.0    0.0     65   5.64     20      4  311.4  329.3  312.5
  674.0   3460    5.8   -8.2     36   3.07      8      4  312.2  322.3  312.8
  666.0   3557    4.6    0.2     73   5.86    357      5  311.9  330.5  313.1
  657.9   3657    4.2   -5.8     48   3.79    345      5  312.6  325.0  313.4
  630.0   4010    3.0  -27.0      9   0.67    345      7  315.1  317.5  315.2
  610.0   4267    1.5  -25.3     12   0.81    345      8  316.4  319.2  316.5
  565.2   4876   -1.9  -21.2     21   1.25    310      7  319.2  323.7  319.5
  509.0   5710   -6.7  -15.7     49   2.22    306     22  323.1  330.9  323.6
  500.0   5850   -6.5  -36.5      7   0.34    305     25  325.1  326.4  325.1
  484.1   6096   -8.1  -38.1      7   0.30    305     27  326.1  327.3  326.2
  400.0   7550  -17.5  -47.5      5   0.13    300     35  332.2  332.7  332.2
  396.2   7620  -18.0  -48.0      5   0.13    305     35  332.4  332.9  332.4
  300.0   9650  -32.5  -62.5      3   0.03    305     49  339.4  339.6  339.5
  250.0  10910  -41.1                         280     62  344.8         344.8
  225.9  11582  -46.4                         285     56  346.9         346.9
  200.0  12390  -52.7                         280     67  349.1         349.1
  187.3  12801  -55.1                         280     69  351.9         351.9
  169.9  13411  -58.7                         285     61  355.8         355.8
  154.1  14020  -62.3                         290     40  359.8         359.8
  150.0  14190  -63.3                         290     29  360.8         360.8
  146.6  14325  -64.1                         290     29  361.8         361.8
  139.2  14630  -66.0                         285     18  364.0         364.0
  125.5  15240  -69.6                         245     20  368.2         368.2
  100.0  16580  -77.7                         260     10  377.4         377.4
   87.0  17373  -79.7                         310      4  388.6         388.6
   86.0  17439  -79.9                         295      8  389.5         389.5
   78.2  17983  -77.6                         220      1  405.0         405.0
   70.0  18620  -74.9                         115     20  423.8         423.8
   60.0  19520  -72.9                         136     18  447.4         447.4
   58.0  19723  -65.3                         140     18  468.9         468.9
   50.0  20630  -63.7                         160     16  492.9         492.9
   30.0  23850  -52.7                          95     46  600.4         600.4
   27.0  24537  -48.1                          99     42  631.6         631.6
   20.0  26520  -46.5                         110     30  693.1         693.1
   18.5  27036  -47.5                                     705.5         705.5
   15.0  28442  -40.7                                     771.7         771.7


      Station information and sounding indices

                         Station identifier: TNCM
                             Station number: 78866
                           Observation time: 780421/1200
                           Station latitude: 18.03
                          Station longitude: -63.11
                          Station elevation: 4.0
                            Showalter index: 1.59
                               Lifted index: -2.06
    LIFT computed using virtual temperature: -2.91
                                SWEAT index: 216.59
                                    K index: 23.50
                         Cross totals index: 20.30
                      Vertical totals index: 21.70
                        Totals totals index: 42.00
      Convective Available Potential Energy: 779.51
             CAPE using virtual temperature: 988.06
                      Convective Inhibition: -6.68
             CINS using virtual temperature: -3.04
                           Equilibrum Level: 254.08
 Equilibrum Level using virtual temperature: 254.22
                   Level of Free Convection: 904.62
             LFCT using virtual temperature: 916.53
                     Bulk Richardson Number: 32.57
          Bulk Richardson Number using CAPV: 41.28
  Temp [K] of the Lifted Condensation Level: 293.23
Pres [hPa] of the Lifted Condensation Level: 933.49
   Equivalent potential temp [K] of the LCL: 346.20
     Mean mixed layer potential temperature: 299.06
              Mean mixed layer mixing ratio: 16.13
              1000 hPa to 500 hPa thickness: 5734.00
Precipitable water [mm] for entire sounding: 42.19


    78866 TNCM Juliana Airport Observations at 12Z 24 Apr 1978

-----------------------------------------------------------------------------
   PRES   HGHT   TEMP   DWPT   RELH   MIXR   DRCT   SKNT   THTA   THTE   THTV
    hPa     m      C      C      %    g/kg    deg   knot     K      K      K 
-----------------------------------------------------------------------------
 1013.0      4   28.0   23.0     74  17.82    100     17  300.0  352.4  303.2
 1000.0    119   26.0   21.3     75  16.23    105     18  299.1  346.7  302.1
  979.2    304   24.4   20.9     81  16.16    105     18  299.3  346.6  302.2
  970.0    388   23.6   20.7     84  16.12    106     19  299.3  346.6  302.2
  945.5    609   22.2   19.1     83  14.94    110     20  300.1  344.0  302.8
  912.8    914   20.2   16.9     81  13.43    110     20  301.1  340.8  303.5
  881.2   1219   18.2   14.7     80  12.05    110     18  302.1  337.9  304.3
  850.0   1531   16.2   12.4     78  10.75    105     16  303.1  335.3  305.1
  820.8   1828   14.8   11.7     82  10.64    100     12  304.7  336.8  306.6
  812.0   1920   14.4   11.5     83  10.60    106     11  305.2  337.2  307.1
  801.0   2036   14.0    8.0     67   8.47    114      9  305.9  331.8  307.5
  791.8   2133   13.3   10.2     81   9.94    120      8  306.2  336.4  308.1
  790.0   2152   13.2   10.6     84  10.26    120      8  306.3  337.4  308.2
  763.6   2438   11.2    8.8     85   9.41    125     10  307.1  335.9  308.9
  756.0   2522   10.6    8.3     86   9.17    125     11  307.4  335.4  309.1
  736.2   2743    9.9   -4.6     36   3.71    125     12  309.0  320.9  309.7
  726.0   2859    9.6  -11.4     21   2.21    128     12  309.8  317.2  310.2
  700.0   3161    7.2    4.6     84   7.65    135     13  310.4  334.3  311.9
  675.0   3460    5.4    5.0     97   8.17    144     12  311.6  337.2  313.2
  658.9   3657    4.6    3.5     93   7.54    150     12  312.9  336.6  314.3
  625.0   4089    2.8    0.3     84   6.30    143      9  315.6  335.8  316.8
  611.4   4267    2.4   -6.8     50   3.76    140      8  317.2  329.6  317.9
  604.0   4366    2.2  -10.8     38   2.79    131      7  318.0  327.4  318.6
  566.7   4876   -0.3  -22.1     18   1.15     85      4  320.9  325.0  321.1
  534.0   5352   -2.7  -32.7      8   0.46     64      5  323.5  325.3  323.6
  500.0   5870   -6.7  -36.7      7   0.33     40      7  324.8  326.1  324.9
  485.7   6096   -8.2  -30.6     15   0.62     15      9  325.6  328.0  325.8
  474.0   6286   -9.5  -25.5     26   1.02      7     10  326.3  330.1  326.5
  458.0   6551  -11.5  -19.5     52   1.79    355     12  327.1  333.4  327.4
  451.0   6670  -12.1  -27.1     28   0.93    350     13  327.7  331.2  327.9
  400.0   7580  -18.1  -48.1      5   0.12    310     20  331.4  331.9  331.4
  397.8   7620  -18.4  -48.4      5   0.12    305     21  331.5  332.1  331.6
  322.5   9144  -28.9  -58.9      4   0.04    310     33  337.5  337.7  337.5
  300.0   9670  -32.5  -62.5      3   0.03    305     32  339.4  339.6  339.5
  259.8  10668  -39.9  -69.9      3   0.01    315     31  342.8  342.8  342.8
  259.0  10689  -40.1  -70.1      3   0.01    315     31  342.8  342.9  342.8
  250.0  10930  -41.5                         315     35  344.2         344.2
  216.4  11887  -49.0                         310     43  347.1         347.1
  200.0  12410  -53.1                         315     40  348.5         348.5
  150.0  14210  -66.1                         310     29  356.0         356.0
  136.0  14799  -69.9                         304     27  359.4         359.4
  126.1  15240  -71.6                         300     25  364.1         364.1
  107.9  16154  -75.2                         310     24  374.0         374.0
  100.0  16600  -76.9                         310     16  378.9         378.9
   96.0  16836  -75.1                         296     13  386.9         386.9
   87.4  17373  -78.2                         265      7  391.2         391.2
   82.0  17739  -80.3                         270      6  394.1         394.1
   74.0  18320  -79.3                         335      6  407.9         407.9
   70.0  18640  -74.5                          10      6  424.7         424.7
   63.0  19252  -74.5                          40      9  437.7         437.7
   50.0  20620  -66.7                         105     16  485.9         485.9
   45.0  21267  -55.7                         102     16  527.4         527.4
   30.0  23820  -55.7                          90     14  592.2         592.2
   20.0  26440  -47.1                          80      7  691.2         691.2
   10.0  31110  -37.9                                     876.9         876.9


      Station information and sounding indices

                         Station identifier: TNCM
                             Station number: 78866
                           Observation time: 780424/1200
                           Station latitude: 18.03
                          Station longitude: -63.11
                          Station elevation: 4.0
                            Showalter index: 2.20
                               Lifted index: -2.58
    LIFT computed using virtual temperature: -3.45
                                SWEAT index: 187.81
                                    K index: 32.70
                         Cross totals index: 19.10
                      Vertical totals index: 22.90
                        Totals totals index: 42.00
      Convective Available Potential Energy: 853.36
             CAPE using virtual temperature: 1048.32
                      Convective Inhibition: -14.53
             CINS using virtual temperature: -7.29
                           Equilibrum Level: 230.62
 Equilibrum Level using virtual temperature: 230.83
                   Level of Free Convection: 880.79
             LFCT using virtual temperature: 901.64
                     Bulk Richardson Number: 132.14
          Bulk Richardson Number using CAPV: 162.33
  Temp [K] of the Lifted Condensation Level: 293.33
Pres [hPa] of the Lifted Condensation Level: 930.99
   Equivalent potential temp [K] of the LCL: 347.06
     Mean mixed layer potential temperature: 299.40
              Mean mixed layer mixing ratio: 16.29
              1000 hPa to 500 hPa thickness: 5751.00
Precipitable water [mm] for entire sounding: 44.73


    78866 TNCM Juliana Airport Observations at 12Z 26 Apr 1978

-----------------------------------------------------------------------------
   PRES   HGHT   TEMP   DWPT   RELH   MIXR   DRCT   SKNT   THTA   THTE   THTV
    hPa     m      C      C      %    g/kg    deg   knot     K      K      K 
-----------------------------------------------------------------------------
 1013.0      4   28.0   23.0     74  17.82    130     19  300.0  352.4  303.2
 1000.0    113   26.0   21.5     76  16.44    130     19  299.1  347.3  302.1
  978.5    304   23.8   21.0     84  16.27    130     20  298.8  346.3  301.7
  975.0    336   23.4   20.9     86  16.24    130     20  298.7  346.2  301.6
  945.0    609   21.7   15.0     66  11.47    130     24  299.7  333.5  301.7
  943.0    627   21.6   14.6     64  11.20    130     24  299.7  332.8  301.8
  912.2    914   19.3   14.0     71  11.11    135     21  300.2  333.1  302.2
  890.0   1127   17.6   13.5     77  11.04    138     20  300.6  333.3  302.6
  880.4   1219   17.0   13.2     78  10.97    140     19  300.9  333.5  302.9
  850.0   1519   15.2   12.4     83  10.75    150     16  302.1  334.1  304.0
  819.4   1828   13.4   10.9     85  10.10    150     16  303.4  333.7  305.2
  790.3   2133   11.7    9.4     86   9.49    150     17  304.6  333.3  306.4
  770.0   2353   10.4    8.4     87   9.06    143     16  305.5  333.1  307.2
  762.2   2438   10.4    5.3     71   7.38    140     15  306.4  329.1  307.8
  745.0   2628   10.4   -1.6     43   4.59    140     14  308.4  322.9  309.3
  734.8   2743   10.1   -4.1     37   3.86    140     14  309.4  321.7  310.1
  700.0   3146    9.2  -12.8     20   2.05    140      8  312.6  319.5  313.0
  657.8   3657    6.5  -19.7     13   1.22    140     10  315.2  319.5  315.5
  623.0   4103    4.2  -25.8      9   0.75    162      8  317.5  320.2  317.6
  610.5   4267    3.0  -21.6     14   1.12    170      7  317.9  321.9  318.1
  589.0   4557    0.8  -14.2     32   2.17    184      7  318.7  326.1  319.1
  573.0   4779   -0.3   -4.2     75   4.92    195      7  319.9  336.1  320.9
  566.1   4876   -0.1  -14.0     34   2.30    200      7  321.3  329.2  321.7
  564.0   4906    0.0  -17.0     27   1.80    201      7  321.7  328.0  322.1
  500.0   5860   -6.3  -24.3     23   1.08    235      6  325.3  329.2  325.5
  484.8   6096   -7.7  -27.3     19   0.84    250      6  326.5  329.6  326.7
  400.0   7570  -16.1  -46.1      6   0.15    290     12  334.0  334.6  334.0
  397.3   7620  -16.5  -46.5      6   0.15    290     13  334.1  334.8  334.2
  322.4   9144  -27.6  -57.6      4   0.05    280     14  339.2  339.5  339.3
  300.0   9670  -31.5  -61.5      4   0.03    275     15  340.9  341.0  340.9
  259.7  10668  -38.3  -68.3      3   0.01    290     21  345.2  345.3  345.2
  250.0  10930  -40.1  -70.1      3   0.01    290     21  346.3  346.4  346.3
  216.4  11887  -48.6                         290     25  347.7         347.7
  200.0  12410  -53.3                         290     22  348.2         348.2
  150.0  14200  -67.9                         260     20  352.9         352.9
  133.0  14916  -73.1                         260     18  356.0         356.0
  125.8  15240  -74.2                         260     17  359.8         359.8
  107.4  16154  -77.1                         255     19  370.8         370.8
  100.0  16570  -78.5                         235     14  375.8         375.8


      Station information and sounding indices

                         Station identifier: TNCM
                             Station number: 78866
                           Observation time: 780426/1200
                           Station latitude: 18.03
                          Station longitude: -63.11
                          Station elevation: 4.0
                            Showalter index: 3.13
                               Lifted index: -1.66
    LIFT computed using virtual temperature: -2.37
                                SWEAT index: 186.81
                                    K index: 11.90
                         Cross totals index: 18.70
                      Vertical totals index: 21.50
                        Totals totals index: 40.20
      Convective Available Potential Energy: 355.86
             CAPE using virtual temperature: 584.36
                      Convective Inhibition: -7.29
             CINS using virtual temperature: 0.00
                           Equilibrum Level: 282.06
 Equilibrum Level using virtual temperature: 280.55
                   Level of Free Convection: 907.17
             LFCT using virtual temperature: 930.14
                     Bulk Richardson Number: 35.61
          Bulk Richardson Number using CAPV: 58.47
  Temp [K] of the Lifted Condensation Level: 292.97
Pres [hPa] of the Lifted Condensation Level: 930.14
   Equivalent potential temp [K] of the LCL: 345.67
     Mean mixed layer potential temperature: 299.10
              Mean mixed layer mixing ratio: 15.98
              1000 hPa to 500 hPa thickness: 5747.00
Precipitable water [mm] for entire sounding: 36.67


    78866 TNCM Juliana Airport Observations at 12Z 27 Apr 1978

-----------------------------------------------------------------------------
   PRES   HGHT   TEMP   DWPT   RELH   MIXR   DRCT   SKNT   THTA   THTE   THTV
    hPa     m      C      C      %    g/kg    deg   knot     K      K      K 
-----------------------------------------------------------------------------
 1014.0      4   27.6   22.6     74  17.36    125     16  299.6  350.5  302.7
 1000.0    128   26.0   21.2     75  16.13    135     16  299.1  346.4  302.0
  979.9    304   24.6   19.9     75  15.13    130     17  299.5  343.9  302.2
  946.0    609   22.2   17.6     75  13.52    130     22  300.1  339.9  302.6
  913.3    914   19.9   15.2     75  12.06    130     20  300.7  336.4  302.9
  881.8   1219   17.5   12.9     75  10.72    130     21  301.3  333.1  303.2
  850.0   1537   15.0   10.5     74   9.46    140     22  301.9  330.1  303.6
  821.1   1828   14.0    5.0     54   6.68    140     16  303.8  324.2  305.0
  791.8   2133   12.9   -0.9     38   4.56    150     14  305.8  320.1  306.7
  763.5   2438   11.9   -6.7     27   3.05    155     18  307.9  317.7  308.5
  736.3   2743   10.9  -12.5     18   2.00    150     24  310.0  316.6  310.3
  700.0   3168    9.4  -20.6     10   1.07    145     17  312.9  316.6  313.1
  658.9   3657    6.8  -23.2     10   0.90    155     11  315.3  318.5  315.5
  611.1   4267    3.5  -26.5      9   0.72    190     13  318.4  321.0  318.6
  566.8   4876    0.2  -29.8      8   0.57    185     12  321.5  323.6  321.6
  500.0   5890   -5.3  -35.3      7   0.38    265     15  326.5  328.0  326.6
  486.7   6096   -6.7  -36.7      7   0.34    270     15  327.3  328.7  327.4
  400.0   7600  -16.7  -46.7      6   0.14    190      9  333.2  333.8  333.2
  398.9   7620  -16.8  -46.8      6   0.14    190      9  333.3  333.9  333.3
  323.7   9144  -27.1  -57.1      4   0.05    265     17  339.5  339.8  339.6
  300.0   9700  -30.9  -60.9      4   0.04    265     19  341.7  341.9  341.7
  261.1  10668  -38.4                         255     19  344.6         344.6
  250.0  10970  -40.7                         255     19  345.4         345.4
  217.5  11887  -48.7                         275     30  347.1         347.1
  200.0  12440  -53.5                         280     25  347.9         347.9
  150.0  14240  -67.5                         265     21  353.6         353.6
  147.8  14325  -68.1                         265     20  354.1         354.1
  126.4  15240  -74.4                         255     22  358.8         358.8
  116.0  15744  -77.9                         250     21  361.3         361.3
  100.0  16590  -77.9                         230     22  377.0         377.0
   89.0  17254  -80.9                         206     15  383.7         383.7
   78.4  17983  -78.0                         180      8  403.9         403.9
   70.0  18630  -75.5                         105      9  422.5         422.5
   65.0  19067  -67.5                         139      9  449.1         449.1
   50.0  20650  -65.9                         260      8  487.8         487.8
   45.0  21292  -64.3                         235      8  506.6         506.6
   40.0  22024  -57.9                         208      7  540.0         540.0
   30.0  23850  -54.9                         140      6  594.4         594.4
   20.0  26500  -44.3                          30     10  699.8         699.8
   10.0  31310  -38.3                         105     20  875.4         875.4
    9.4  31737  -36.3                                     898.6         898.6


      Station information and sounding indices

                         Station identifier: TNCM
                             Station number: 78866
                           Observation time: 780427/1200
                           Station latitude: 18.03
                          Station longitude: -63.11
                          Station elevation: 4.0
                            Showalter index: 5.97
                               Lifted index: -0.33
    LIFT computed using virtual temperature: -1.13
                                SWEAT index: 185.01
                                    K index: 0.80
                         Cross totals index: 15.80
                      Vertical totals index: 20.30
                        Totals totals index: 36.10
      Convective Available Potential Energy: 153.04
             CAPE using virtual temperature: 405.58
                      Convective Inhibition: -14.54
             CINS using virtual temperature: -5.53
                           Equilibrum Level: 315.03
 Equilibrum Level using virtual temperature: 309.51
                   Level of Free Convection: 887.20
             LFCT using virtual temperature: 904.58
                     Bulk Richardson Number: 28.66
          Bulk Richardson Number using CAPV: 75.95
  Temp [K] of the Lifted Condensation Level: 292.32
Pres [hPa] of the Lifted Condensation Level: 918.85
   Equivalent potential temp [K] of the LCL: 344.79
     Mean mixed layer potential temperature: 299.49
              Mean mixed layer mixing ratio: 15.50
              1000 hPa to 500 hPa thickness: 5762.00
Precipitable water [mm] for entire sounding: 29.94


    78866 TNCM Juliana Airport Observations at 12Z 28 Apr 1978

-----------------------------------------------------------------------------
   PRES   HGHT   TEMP   DWPT   RELH   MIXR   DRCT   SKNT   THTA   THTE   THTV
    hPa     m      C      C      %    g/kg    deg   knot     K      K      K 
-----------------------------------------------------------------------------
 1013.0      4   28.0   23.4     76  18.27    145     19  300.0  353.8  303.3
 1000.0    117   27.2   22.7     76  17.72    145     19  300.4  352.5  303.5
  979.0    304   25.6   21.9     80  17.27    145     18  300.5  351.4  303.6
  945.7    609   22.9   20.7     87  16.56    150     16  300.8  349.7  303.8
  927.0    785   21.4   20.0     92  16.15    159     15  301.0  348.7  303.9
  916.0    889   21.4   12.4     56   9.97    164     15  302.0  331.8  303.8
  913.4    914   21.2   12.2     57   9.90    165     15  302.1  331.7  303.9
  881.6   1219   18.9   10.5     58   9.09    170     14  302.8  330.1  304.5
  850.0   1534   16.6    8.6     59   8.31    155     11  303.5  328.6  305.0
  827.0   1767   14.8    8.8     67   8.66    159      7  304.0  330.2  305.6
  821.1   1828   14.5    7.7     64   8.12    160      6  304.3  328.9  305.8
  795.0   2101   13.0    3.0     51   6.01    200      6  305.5  324.1  306.6
  792.0   2133   13.1    0.3     41   4.95    205      6  306.0  321.5  306.9
  774.0   2326   14.0  -16.0     11   1.43    192      9  309.0  313.8  309.2
  763.7   2438   13.6  -16.4     11   1.40    185     10  309.7  314.5  310.0
  736.4   2743   12.6  -17.4     11   1.33    180     12  311.9  316.4  312.1
  700.0   3168   11.2  -18.8     10   1.24    205     11  314.9  319.2  315.1
  659.4   3657    8.7  -21.3     10   1.07    245     14  317.5  321.3  317.7
  612.0   4267    5.6  -24.4      9   0.87    240     14  320.7  323.9  320.9
  568.0   4876    2.5  -27.5      9   0.71    240     12  324.0  326.6  324.1
  543.0   5244    0.6  -29.4      8   0.62    231     12  325.9  328.3  326.1
  500.0   5900   -4.1  -34.1      8   0.43    215     12  328.0  329.6  328.1
  487.4   6096   -5.4  -35.4      7   0.39    220     12  328.8  330.3  328.9
  400.0   7620  -15.5  -45.5      6   0.16    255     17  334.8  335.4  334.8
  324.9   9144  -26.9  -56.9      4   0.05    260     19  339.5  339.7  339.5
  300.0   9730  -31.3  -61.3      4   0.03    260     23  341.1  341.3  341.1
  262.2  10668  -37.8                         270     25  345.0         345.0
  250.0  11000  -40.1                         275     24  346.3         346.3
  200.0  12480  -52.5                         250     21  349.5         349.5
  150.0  14280  -66.7                         270     19  355.0         355.0
  129.0  15178  -73.5                         251     23  358.4         358.4
  127.6  15240  -73.7                         250     23  359.1         359.1
  109.0  16154  -77.0                         240     28  369.6         369.6
  100.0  16650  -78.7                         235     25  375.4         375.4
   95.0  16945  -75.7                         249     23  386.8         386.8
   81.0  17860  -78.7                         291     15  398.7         398.7
   79.0  18005  -73.5                         298     14  412.3         412.3
   72.0  18546  -75.1                         323      9  420.0         420.0
   70.0  18710  -73.3                         330      8  427.2         427.2
   50.0  20720  -64.3                         200      4  491.5         491.5
   46.0  21235  -60.9                         179      5  511.6         511.6
   41.0  21951  -60.9                         150      7  528.7         528.7
   39.0  22266  -56.1                         137      7  548.4         548.4
   35.0  22954  -57.3                         109      9  562.5         562.5
   30.0  23940  -52.7                          70     11  600.4         600.4
   25.0  25131  -46.7                          88     13  649.7         649.7
   20.0  26610  -46.3                         110     16  693.7         693.7
   15.0  28566  -36.7                         110     15  785.0         785.0
   10.0  31360  -40.1                         110     14  868.7         868.7


      Station information and sounding indices

                         Station identifier: TNCM
                             Station number: 78866
                           Observation time: 780428/1200
                           Station latitude: 18.03
                          Station longitude: -63.11
                          Station elevation: 4.0
                            Showalter index: 7.88
                               Lifted index: -1.66
    LIFT computed using virtual temperature: -2.64
                                SWEAT index: 137.19
                                    K index: -0.70
                         Cross totals index: 12.70
                      Vertical totals index: 20.70
                        Totals totals index: 33.40
      Convective Available Potential Energy: 826.16
             CAPE using virtual temperature: 1163.46
                      Convective Inhibition: -7.84
             CINS using virtual temperature: -1.90
                           Equilibrum Level: 183.39
 Equilibrum Level using virtual temperature: 181.89
                   Level of Free Convection: 893.53
             LFCT using virtual temperature: 925.42
                     Bulk Richardson Number: 34.99
          Bulk Richardson Number using CAPV: 49.27
  Temp [K] of the Lifted Condensation Level: 294.42
Pres [hPa] of the Lifted Condensation Level: 931.43
   Equivalent potential temp [K] of the LCL: 351.73
     Mean mixed layer potential temperature: 300.46
              Mean mixed layer mixing ratio: 17.43
              1000 hPa to 500 hPa thickness: 5783.00
Precipitable water [mm] for entire sounding: 30.84


    78866 TNCM Juliana Airport Observations at 12Z 30 Apr 1978

-----------------------------------------------------------------------------
   PRES   HGHT   TEMP   DWPT   RELH   MIXR   DRCT   SKNT   THTA   THTE   THTV
    hPa     m      C      C      %    g/kg    deg   knot     K      K      K 
-----------------------------------------------------------------------------
 1014.0      4   28.6   22.6     70  17.36    105     11  300.6  351.7  303.7
 1000.0    126   26.4   21.4     74  16.33    105     12  299.6  347.5  302.5
  980.0    304   24.8   20.6     78  15.86    110     13  299.6  346.2  302.5
  946.5    609   21.9   19.2     85  15.07    110     14  299.7  344.0  302.4
  936.0    708   21.0   18.8     87  14.82    112     14  299.8  343.3  302.4
  913.8    914   19.8   15.4     76  12.20    115     13  300.6  336.6  302.8
  882.1   1219   18.0   10.4     61   9.07    125     13  301.8  329.0  303.5
  850.0   1538   16.2    5.2     48   6.56    130     10  303.1  323.1  304.3
  821.4   1828   15.0    0.8     38   4.95    125     11  304.8  320.2  305.7
  798.0   2073   14.0   -3.0     31   3.86    125     13  306.3  318.5  307.0
  792.4   2133   13.5   -1.5     35   4.33    125     13  306.4  320.0  307.2
  769.0   2385   11.6    4.6     62   6.96    117     12  306.9  328.4  308.2
  764.1   2438   11.5    1.4     50   5.59    115     12  307.4  324.8  308.4
  750.0   2594   11.2   -7.8     26   2.85    115     10  308.7  318.0  309.2
  736.7   2743   10.9  -10.9     20   2.27    115      8  310.0  317.5  310.4
  700.0   3169   10.2  -19.8     10   1.14    135      5  313.8  317.7  314.0
  659.9   3657    8.9  -21.1     10   1.09    130      6  317.6  321.5  317.9
  656.0   3706    8.8  -21.2     10   1.08    132      6  318.0  321.9  318.2
  611.8   4267    5.2  -24.8      9   0.84    150      2  320.3  323.3  320.4
  567.2   4876    1.2  -28.8      9   0.63    250     10  322.7  325.0  322.8
  500.0   5890   -5.3  -35.3      7   0.38    260     17  326.5  328.0  326.6
  487.0   6096   -6.8  -36.8      7   0.34    255     15  327.1  328.5  327.2
  461.0   6524   -9.9  -39.9      7   0.26    259     16  328.4  329.5  328.5
  400.0   7610  -15.7  -45.7      6   0.16    270     18  334.5  335.2  334.5
  399.4   7620  -15.8  -45.8      6   0.16    275     19  334.5  335.2  334.6
  324.2   9144  -27.2  -57.2      4   0.05    265     27  339.3  339.5  339.3
  300.0   9710  -31.5  -61.5      4   0.03    275     25  340.9  341.0  340.9
  269.0  10470  -38.1  -51.1     24   0.13    271     31  342.1  342.6  342.1
  261.3  10668  -39.2  -50.6     29   0.14    270     32  343.3  343.9  343.3
  255.0  10835  -40.1  -50.1     33   0.15    270     35  344.4  345.0  344.4
  250.0  10970  -41.1                         270     38  344.8         344.8
  238.7  11277  -43.5                         270     42  345.9         345.9
  200.0  12450  -52.5                         265     34  349.5         349.5
  150.0  14250  -65.5                         265     38  357.1         357.1
  127.0  15240  -73.7                         265     36  359.6         359.6
  125.0  15336  -74.5                         265     36  359.8         359.8
  100.0  16620  -79.1                         260     33  374.6         374.6
   94.0  16972  -80.5                         260     30  378.6         378.6
   91.0  17157  -76.7                         260     28  389.6         389.6
   87.7  17373  -76.1                         260     26  395.0         395.0
   70.0  18690  -72.3                         265     19  429.4         429.4
   56.0  20023  -67.7                           8     12  468.1         468.1
   53.0  20355  -67.7                          33     10  475.6         475.6
   50.0  20710  -64.3                          60      8  491.5         491.5
   30.0  23930  -49.3                         100      6  609.6         609.6
   29.0  24153  -47.5                         101      7  620.5         620.5
   23.0  25687  -46.9                         110     10  664.8         664.8
   20.0  26620  -43.5                         115     12  702.2         702.2
   10.0  31320  -39.7                         100     19  870.2         870.2
    9.4  31744  -38.5                                     890.3         890.3


      Station information and sounding indices

                         Station identifier: TNCM
                             Station number: 78866
                           Observation time: 780430/1200
                           Station latitude: 18.03
                          Station longitude: -63.11
                          Station elevation: 4.0
                            Showalter index: 9.50
                               Lifted index: -1.12
    LIFT computed using virtual temperature: -1.97
                                SWEAT index: 99.40
                                    K index: -3.30
                         Cross totals index: 10.50
                      Vertical totals index: 21.50
                        Totals totals index: 32.00
      Convective Available Potential Energy: 343.33
             CAPE using virtual temperature: 579.49
                      Convective Inhibition: -3.39
             CINS using virtual temperature: 0.00
                           Equilibrum Level: 245.06
 Equilibrum Level using virtual temperature: 245.08
                   Level of Free Convection: 892.17
             LFCT using virtual temperature: 923.43
                     Bulk Richardson Number: 44.59
          Bulk Richardson Number using CAPV: 75.26
  Temp [K] of the Lifted Condensation Level: 293.01
Pres [hPa] of the Lifted Condensation Level: 923.79
   Equivalent potential temp [K] of the LCL: 346.87
     Mean mixed layer potential temperature: 299.73
              Mean mixed layer mixing ratio: 16.09
              1000 hPa to 500 hPa thickness: 5764.00
Precipitable water [mm] for entire sounding: 29.85

Description of the data columns
<http://weather.uwyo.edu/upperair/columns.html> or sounding indices
<http://weather.uwyo.edu/upperair/indices.html>.

------------------------------------------------------------------------
/Interested in graduate studies in atmospheric science? Check out our
program at the University of Wyoming
<http://www.uwyo.edu/atsc/howtoapply/>/
------------------------------------------------------------------------
Questions about the weather data provided by this site can be addressed
to Larry Oolman (ldoolman@uwyo.edu) <mailto:ldoolman@uwyo.edu>
------------------------------------------------------------------------
