
    78866 TNCM Juliana Airport Observations at 12Z 01 Aug 2006

-----------------------------------------------------------------------------
   PRES   HGHT   TEMP   DWPT   RELH   MIXR   DRCT   SKNT   THTA   THTE   THTV
    hPa     m      C      C      %    g/kg    deg   knot     K      K      K 
-----------------------------------------------------------------------------
 1020.0      4   26.8   22.5     77  17.15     70      8  298.3  348.3  301.3
 1000.0    174   25.8   22.5     82  17.50     70      7  298.9  350.2  302.1
  985.3    305   25.0   22.4     85  17.64     70      6  299.4  351.2  302.6
  962.0    517   23.8   22.2     91  17.87     84      9  300.3  352.8  303.5
  955.0    581   23.6   21.8     90  17.56     88     10  300.7  352.4  303.8
  951.8    610   23.4   21.5     89  17.29     90     10  300.8  351.8  303.9
  925.0    861   21.8   18.9     84  15.09    105      9  301.6  346.3  304.3
  919.3    914   21.5   18.4     82  14.68    105      9  301.8  345.3  304.5
  887.4   1219   19.7   15.3     76  12.49    120     10  303.1  340.3  305.3
  856.6   1524   18.0   12.3     69  10.58    115      9  304.3  336.1  306.2
  850.0   1591   17.6   11.6     68  10.19    115     11  304.6  335.3  306.4
  826.6   1829   16.1   10.1     68   9.44    120     13  305.4  334.0  307.1
  808.0   2023   14.8    8.8     67   8.87    107     14  306.0  333.1  307.7
  797.5   2134   15.0    2.6     43   5.83    100     14  307.4  325.6  308.5
  790.0   2214   15.2   -1.8     31   4.26     96     14  308.4  322.0  309.2
  769.2   2438   14.1   -2.1     33   4.29     85     15  309.6  323.3  310.4
  743.0   2730   12.6   -2.4     35   4.34     71     15  311.1  325.0  311.9
  741.9   2743   12.5   -2.5     35   4.32     70     15  311.1  324.9  311.9
  715.2   3048   10.2   -4.2     36   3.94     70     17  311.8  324.5  312.5
  700.0   3227    8.8   -5.2     37   3.73     60     16  312.2  324.3  312.9
  689.3   3353    7.6   -5.7     38   3.64     60     16  312.3  324.1  313.0
  664.0   3658    4.8   -6.9     42   3.45     60     22  312.5  323.7  313.1
  639.7   3962    2.0   -8.1     47   3.26     60     18  312.6  323.3  313.2
  638.0   3984    1.8   -8.2     47   3.25     62     18  312.6  323.2  313.2
  616.0   4267    1.2  -14.5     30   2.02     90     12  315.1  322.0  315.5
  615.0   4279    1.2  -14.8     29   1.98     91     12  315.2  322.0  315.6
  608.0   4371    1.4   -7.6     51   3.57     99     12  316.5  328.3  317.2
  593.0   4572   -0.5   -2.9     84   5.24    115     13  316.6  333.5  317.6
  593.0   4572   -0.5   -2.9     84   5.24    115     13  316.6  333.5  317.6
  570.7   4877   -2.8   -4.2     90   4.93    110     19  317.3  333.4  318.3
  566.0   4943   -3.3   -4.5     91   4.87    111     19  317.5  333.4  318.4
  551.0   5155   -4.1  -12.1     54   2.76    115     19  319.0  328.3  319.5
  549.1   5182   -4.2  -15.9     39   2.02    115     19  319.2  326.2  319.6
  546.0   5227   -4.3  -22.3     23   1.18    113     19  319.6  323.8  319.8
  531.0   5447   -2.9  -35.9      6   0.34    102     16  323.8  325.1  323.9
  528.3   5486   -3.1  -36.0      6   0.34    100     16  324.1  325.4  324.1
  508.3   5791   -4.7  -36.9      6   0.32    100     11  325.8  327.0  325.8
  500.0   5920   -5.3  -37.3      6   0.31    100      9  326.5  327.7  326.6
  488.9   6096   -6.3  -36.5      7   0.35    100      9  327.4  328.7  327.4
  470.0   6403   -8.1  -35.1      9   0.41     90     11  328.9  330.5  328.9
  451.8   6706  -10.1  -36.6      9   0.37     80     13  330.1  331.6  330.2
  430.0   7087  -12.5  -38.5      9   0.32     78     14  331.7  333.0  331.8
  339.0   8862  -23.9  -52.9      5   0.08     68     18  339.5  339.9  339.5
  319.0   9302  -27.9  -53.9      6   0.08     66     19  339.9  340.3  339.9
  300.0   9740  -31.5  -47.5     19   0.18     64     20  340.9  341.6  340.9
  274.3  10363  -36.5                          60     21  342.4         342.4
  262.6  10668  -39.0                                        Totals totals index: 43.40
      Convective Available Potential Energy: 1510.96
             CAPE using virtual temperature: 1744.26
                      Convective Inhibition: -3.86
             CINS using virtual temperature: -1.14
                           Equilibrum Level: 182.88
 Equilibrum Level using virtual temperature: 182.34
                   Level of Free Convection: 903.74
             LFCT using virtual temperature: 933.75
                     Bulk Richardson Number: 1531.35
          Bulk Richardson Number using CAPV: 1767.79
  Temp [K] of the Lifted Condensation Level: 294.27
Pres [hPa] of the Lifted Condensation Level: 934.07
   Equivalent potential temp [K] of the LCL: 350.63
     Mean mixed layer potential temperature: 300.07
              Mean mixed layer mixing ratio: 17.22
              1000 hPa to 500 hPa thickness: 5751.00
Precipitable water [mm] for entire sounding: 45.47


    78866 TNCM Juliana Airport Observations at 00Z 18 Aug 2006

-----------------------------------------------------------------------------
   PRES   HGHT   TEMP   DWPT   RELH   MIXR   DRCT   SKNT   THTA   THTE   THTV
    hPa     m      C      C      %    g/kg    deg   knot     K      K      K 
-----------------------------------------------------------------------------
 1015.0      4   26.8   20.8     70  15.49     80      3  298.7  344.0  301.4
 1000.0    157   25.8   20.9     74  15.83     75      4  298.9  345.3  301.8
  985.2    305   24.8   20.1     75  15.27     75      5  299.3  344.0  302.0
  955.3    610   22.9   18.4     76  14.18     65      7  299.9  341.6  302.5
  926.4    914   20.9   16.8     77  13.15     60      7  300.5  339.3  302.9
  925.0    929   20.8   16.7     77  13.10     60      7  300.6  339.2  302.9
  896.1   1219   18.9   15.0     78  12.11     50      7  301.3  337.2  303.5
  866.6   1524   16.8   13.2     80  11.14     45      7  302.1  335.2  304.1
  850.0   1701   15.6   12.2     80  10.61     40      6  302.5  334.2  304.4
  836.4   1829   14.8   11.4     81  10.26     35      6  303.0  333.7  304.9
  804.9   2134   12.7    9.7     82   9.45     30      6  304.2  332.7  305.9
  774.7   2438   10.7    7.9     83   8.70     25      6  305.4  331.8  307.0
  745.5   2743    8.7    6.1     84   7.99     15      6  306.5  331.0  308.0
  717.5   3048    6.7    4.3     85   7.33     10      5  307.7  330.3  309.1
  700.0   3244    5.4    3.2     86   6.93      5      5  308.4  329.9  309.7
  690.0   3353    4.8    2.6     86   6.75      0      8  309.0  330.0  310.3
  662.9   3658    3.0    1.0     87   6.26    355     11  310.6  330.2  311.8
  636.9   3962    1.2   -0.6     88   5.80    345      5  312.1  330.6  313.2
  619.0   4178    0.0   -1.7     88   5.49    341      7  313.3  330.8  314.3
  611.7   4267   -0.2   -1.9     88   5.47    340      8  314.1  331.6  315.1
  595.0   4475   -0.7   -2.4     88   5.42    343      7  316.0  333.5  317.1
  587.4   4572   -1.0   -3.7     82   4.97    345      7  316.9  333.0  317.8
  573.0   4757   -1.5   -6.3     70   4.19     21      6  318.5  332.3  319.3
  568.0   4823   -1.3   -7.3     64   3.91     34      5  319.5  332.6  320.3
  563.8   4877   -1.8   -7.9     63   3.76     45      5  319.6  332.2  320.3
  541.0   5182   -4.7  -11.2     60   3.03     20      3  320.0  330.2  320.6
  519.2   5486   -7.5  -14.5     58   2.42    335      4  320.3  328.6  320.8
  515.0   5545   -8.1  -15.1     57   2.31    335      5  320.4  328.3  320.8
  508.0   5645   -9.1  -16.1     57   2.15    335      6  320.4  327.9  320.8
  500.0   5760   -9.1  -17.1     52   2.01    335      7  321.9  328.9  322.3
  498.0   5791   -9.2  -17.3     52   1.99    335      6  322.1  329.1  322.5
  478.7   6096  -10.3  -18.8     50   1.82    340      8  324.5  330.9  324.8
  461.0   6386  -11.3  -20.3     47   1.66    321      9  326.7  332.6  327.0
  442.1   6706  -13.6  -23.5     43   1.31    300     10  327.8  332.5  328.0
  441.0   6725  -13.7  -23.7     43   1.29    300     10  327.8  332.5  328.1
  407.8   7315  -17.6  -27.6     41   0.98    300      9  330.3  333.9  330.5
  400.0   7460  -18.5  -28.5     41   0.92    295     11  330.9  334.3  331.0
  375.6   7925  -21.1  -31.1     40   0.76    290     12  333.4  336.3  333.5
  355.0   8342  -23.5  -33.5     39   0.64    266     13  335.6  338.1  335.7
  345.6   8534  -25.0  -34.9     40   0.58    255     14  336.1  338.4  336.2
  317.5   9144  -29.9  -39.2     40   0.40    280     10  337.7  339.3  337.7
  300.0   9550  -33.1  -42.1     40   0.32    285     15  338.6  339.9  338.7
  291.2   9754  -34.7                         285     15  339.2         339.2
  266.4  10363  -39.6                         275     18  340.8         340.8
  254.9  10668  -42.0                         275     21  341.5         341.5
  250.0  10800  -43.1                         275     22  341.9         341.9
  222.1  11582  -50.2                         270     25  342.7         342.7
  218.0  11705  -51.3                         270     25  342.8         342.8
  202.1  12192  -54.6                         270     27  345.1         345.1
  200.0  12260  -55.1                         265     25  345.4         345.4
  158.3  13716  -64.2                         265     23  353.8         353.8
  150.0  14050  -66.3                         285     12  355.7         355.7
  143.3  14326  -67.9                         290     11  357.6         357.6
  137.0  14595  -69.5                         250      3  359.4         359.4
  128.0  15003  -67.7                         206      6  369.6         369.6
  123.0  15240  -68.9                         180      8  371.7         371.7
  113.0  15747  -71.5                         177      7  376.0         376.0
  105.5  16154  -71.3                         175      7  383.9         383.9
  100.0  16470  -71.1                         120     11  390.1         390.1
   96.0  16711  -72.3                         120     11  392.3         392.3
   95.2  16764  -72.2                         120     11  393.6         393.6
   70.0  18593  -67.7                         115     14  439.3         439.3
   70.0  18590  -67.7                         110     14  439.2         439.2
   65.4  19003  -67.1                         124     13  449.1         449.1
   57.4  19812  -64.4                         140     11  472.5         472.5
   50.0  20660  -61.5                          70     25  498.1         498.1
   47.3  21004  -61.5                          70     26  506.1         506.1
   47.1  21031  -61.5                          70     26  506.8         506.8
   40.7  21946  -59.9                          90     34  532.2         532.2
   35.2  22860  -58.4                          85     22  558.9         558.9
   30.0  23860  -56.7                                     589.5         589.5
   29.6  23945  -56.7                                     591.7         591.7


      Station information and sounding indices

                         Station identifier: TNCM
                             Station number: 78866
                           Observation time: 060818/0000
                           Station latitude: 18.03
                          Station longitude: -63.11
                          Station elevation: 4.0
                            Showalter index: 0.30
                               Lifted index: -3.82
    LIFT computed using virtual temperature: -4.34
                                SWEAT index: 165.40
                                    K index: 34.70
                         Cross totals index: 21.30
                      Vertical totals index: 24.70
                        Totals totals index: 46.00
      Convective Available Potential Energy: 771.13
             CAPE using virtual temperature: 895.24
                      Convective Inhibition: -28.52
             CINS using virtual temperature: -17.58
                           Equilibrum Level: 214.13
 Equilibrum Level using virtual temperature: 214.10
                   Level of Free Convection: 868.31
             LFCT using virtual temperature: 885.43
                     Bulk Richardson Number: 299.82
