
    78866 TNCM Juliana Airport Observations at 12Z 01 Nov 1985

-----------------------------------------------------------------------------
   PRES   HGHT   TEMP   DWPT   RELH   MIXR   DRCT   SKNT   THTA   THTE   THTV
    hPa     m      C      C      %    g/kg    deg   knot     K      K      K 
-----------------------------------------------------------------------------
 1012.0      4   27.6   23.4     78  18.28    150     10  299.7  353.4  303.0
 1000.0    110   24.6   20.9     80  15.83    150     10  297.8  343.8  300.6
  978.1    304   22.4   21.2     93  16.47    155     10  297.4  345.3  300.4
  976.0    323   22.2   21.2     94  16.53    155     10  297.4  345.4  300.4
  944.4    609   21.2   19.8     92  15.69    155     10  299.2  345.2  302.1
  911.8    914   20.2   18.4     89  14.82    160      9  301.2  345.0  303.9
  899.0   1037   19.8   17.8     88  14.48    160      8  302.0  344.9  304.6
  880.2   1219   18.4   16.1     86  13.21    160      7  302.3  341.6  304.7
  868.0   1339   17.4   14.9     85  12.42    160      6  302.5  339.5  304.8
  850.0   1518   16.8   12.8     77  11.04    160      5  303.7  336.9  305.8
  819.6   1828   15.7    8.9     64   8.81    155      4  305.7  332.6  307.4
  796.0   2077   14.8    5.8     55   7.32    175      4  307.4  329.9  308.7
  790.7   2133   14.2    6.8     61   7.87    180      4  307.3  331.4  308.7
  786.0   2184   13.6    7.6     67   8.40    183      4  307.2  332.9  308.7
  762.5   2438   12.4    5.5     63   7.47    200      5  308.6  331.7  309.9
  736.0   2736   11.0    3.0     58   6.49    210      5  310.2  330.5  311.4
  735.4   2743   10.9    3.4     60   6.70    210      5  310.2  331.2  311.4
  726.0   2850   10.2    9.7     97  10.51    214      5  310.5  342.9  312.5
  717.0   2954   10.0    5.8     75   8.13    218      5  311.4  336.8  312.9
  700.0   3154    9.8    6.6     80   8.81    225      5  313.3  340.9  315.0
  679.0   3407    8.2    3.2     71   7.14    225      6  314.3  336.9  315.6
  658.6   3657    6.5    2.4     75   6.96    225      7  315.0  337.2  316.4
  611.3   4267    2.2    0.5     88   6.52    250      6  316.9  337.9  318.2
  605.0   4351    1.6    0.2     90   6.46    251      6  317.2  338.0  318.4
  566.8   4876   -0.6   -5.9     67   4.35    260      9  320.6  335.1  321.4
  561.0   4958   -0.9   -6.9     64   4.09    262      9  321.1  334.8  321.9
  544.0   5204   -2.5   -6.1     76   4.48    270      7  322.1  337.0  322.9
  500.0   5870   -5.9  -10.8     68   3.37    290      4  325.8  337.4  326.4
  485.8   6096   -7.0  -13.0     62   2.90    280      5  327.1  337.2  327.7
  462.0   6488   -8.9  -16.9     52   2.22    271      5  329.5  337.4  329.9
  400.0   7590  -16.7  -26.7     42   1.08    245      6  333.2  337.3  333.4
  398.4   7620  -16.9  -27.1     41   1.05    245      5  333.3  337.3  333.5
  351.0   8560  -22.9  -37.9     24   0.42    300      9  337.5  339.2  337.6
  323.6   9144  -27.8  -40.7     28   0.34    335     12  338.7  340.1  338.8
  300.0   9690  -32.3  -43.3     33   0.28    265     13  339.7  340.9  339.8
  260.6  10668  -40.0  -52.9     24   0.11    305     13  342.4  342.9  342.4
  260.0  10684  -40.1  -53.1     24   0.11    305     13  342.4  342.9  342.5
  250.0  10950  -42.9                         310     13  342.1         342.1
  200.0  12420  -53.7                         315     13  347.6         347.6
  173.0  13332  -62.5                         328     11  347.8         347.8
  150.0  14200  -67.7                         340      9  353.3         353.3
  125.8  15240  -75.0                         325     10  358.3         358.3
  119.0  15566  -77.3                         321     10  359.8         359.8
  100.0  16560  -80.1                         310     10  372.7         372.7
   88.0  17280  -81.1                         350     12  384.6         384.6
   70.0  18590  -73.5                          35     10  426.8         426.8
   61.0  19413  -64.3                                     464.4         464.4


      Station information and sounding indices

                         Station identifier: TNCM
                             Station number: 78866
                           Observation time: 851101/1200
                           Station latitude: 18.03
                          Station longitude: -63.11
                          Station elevation: 4.0
                            Showalter index: 2.32
                               Lifted index: -1.25
    LIFT computed using virtual temperature: -1.59
                                SWEAT index: 167.59
                                    K index: 32.30
                         Cross totals index: 18.70
                      Vertical totals index: 22.70
                        Totals totals index: 41.40
      Convective Available Potential Energy: 362.27
             CAPE using virtual temperature: 469.34
                      Convective Inhibition: -34.61
             CINS using virtual temperature: -19.71
                           Equilibrum Level: 225.90
 Equilibrum Level using virtual temperature: 225.82
                   Level of Free Convection: 786.82
             LFCT using virtual temperature: 874.58
                     Bulk Richardson Number: 49.14
          Bulk Richardson Number using CAPV: 63.66
  Temp [K] of the Lifted Condensation Level: 293.79
Pres [hPa] of the Lifted Condensation Level: 951.87
   Equivalent potential temp [K] of the LCL: 345.66
     Mean mixed layer potential temperature: 297.97
              Mean mixed layer mixing ratio: 16.40
              1000 hPa to 500 hPa thickness: 5760.00
Precipitable water [mm] for entire sounding: 51.87


    78866 TNCM Juliana Airport Observations at 12Z 02 Nov 1985

-----------------------------------------------------------------------------
   PRES   HGHT   TEMP   DWPT   RELH   MIXR   DRCT   SKNT   THTA   THTE   THTV
    hPa     m      C      C      %    g/kg    deg   knot     K      K      K 
-----------------------------------------------------------------------------
 1011.0      4   26.0   23.4     86  18.30    140      8  298.2  351.6  301.5
 1000.0    100   24.6   22.5     88  17.50    140      7  297.8  348.7  300.9
  977.0    304   22.9   21.5     92  16.80    145      6  298.0  347.0  301.0
  947.0    577   20.6   20.1     97  15.91    154      5  298.4  344.8  301.2
  943.5    609   20.5   19.6     95  15.46    155      5  298.6  343.7  301.3
  910.8    914   19.5   14.8     74  11.71    165      6  300.6  335.2  302.7
  879.2   1219   18.5    9.9     57   8.78    160      6  302.6  329.0  304.2
  876.0   1251   18.4    9.4     56   8.52    161      7  302.8  328.4  304.3
  866.0   1349   18.0   13.9     77  11.66    162     10  303.4  338.2  305.5
  850.0   1509   16.4   10.4     68   9.40    165     15  303.3  331.6  305.0
  818.7   1828   14.9    8.9     67   8.80    175      7  305.0  331.7  306.6
  817.0   1846   14.8    8.8     67   8.77    175      7  305.1  331.7  306.7
  798.0   2045   14.0   13.0     94  11.93    171      8  306.3  342.4  308.5
  789.7   2133   13.6   12.1     91  11.38    170      8  306.7  341.3  308.8
  761.6   2438   12.1    9.2     82   9.65    170      7  308.3  337.9  310.1
  741.0   2668   11.0    6.9     76   8.49    181      7  309.6  335.8  311.1
  734.4   2743   10.6    6.8     78   8.54    185      7  309.9  336.4  311.5
  700.0   3142    8.4    6.6     88   8.81    220      7  311.8  339.2  313.4
  656.9   3657    5.5    3.1     84   7.32    230     10  314.2  337.4  315.6
  609.3   4267    2.1   -1.1     79   5.83    235     11  317.1  336.0  318.2
  565.3   4876   -1.3   -5.3     74   4.59    245     11  320.0  335.2  320.9
  550.0   5098   -2.5   -6.8     72   4.20    249     11  321.1  335.1  321.9
  508.0   5725   -5.1  -14.1     49   2.54    262     12  325.3  334.1  325.8
  500.0   5850   -5.7  -13.7     53   2.67    265     12  326.0  335.3  326.6
  484.5   6096   -7.4  -14.2     59   2.65    270     12  326.8  336.1  327.4
  460.0   6502  -10.3  -14.9     69   2.63    270     13  328.1  337.4  328.7
  400.0   7570  -17.1  -23.1     60   1.50    270     17  332.7  338.2  333.0
  397.3   7620  -17.5  -23.6     59   1.45    270     18  332.9  338.2  333.1
  322.1   9144  -28.6  -38.3     39   0.44    295     23  338.1  339.9  338.2
  300.0   9660  -32.3  -43.3     33   0.28    275     23  339.7  340.9  339.8
  261.0  10628  -40.1  -53.1     24   0.11    294     23  342.1  342.5  342.1
  259.4  10668  -40.5                         295     23  342.1         342.1
  250.0  10920  -42.9                         300     23  342.1         342.1
  200.0  12390  -55.5                         295     19  344.7         344.7
  169.0  13445  -64.1                         283     21  347.4         347.4
  150.0  14170  -68.5                         275     22  351.9         351.9
  124.8  15240  -75.2                         280     21  358.7         358.7
  114.0  15769  -78.5                         276     16  362.0         362.0
  100.0  16510  -80.1                         270      9  372.7         372.7
   95.6  16764  -80.0                         270      9  377.8         377.8
   79.0  17846  -79.3                         306     13  400.3         400.3
   73.2  18288  -73.3                         320     14  421.8         421.8
   70.0  18550  -69.7                         320     12  434.9         434.9
   57.0  19812  -63.1                         275     14  476.3         476.3
   50.0  20610  -58.9                         275     15  504.2         504.2
   44.6  21336  -57.3                         275     12  524.8         524.8
   42.5  21640  -56.7                         330      7  533.6         533.6
   35.1  22860  -54.0                          95      8  570.5         570.5
   30.0  23860  -51.9                         100      8  602.5         602.5
   27.7  24384  -48.4                          95     17  626.2         626.2
   27.0  24550  -47.3                          98     17  633.9         633.9
   22.0  25908  -46.6                         120     17  674.1         674.1
   20.0  26540  -46.3                         105     19  693.7         693.7
   19.2  26822  -46.3                          80     13  702.1         702.1
   17.0  27619  -46.3                                     726.6         726.6


      Station information and sounding indices

                         Station identifier: TNCM
                             Station number: 78866
                           Observation time: 851102/1200
                           Station latitude: 18.03
                          Station longitude: -63.11
                          Station elevation: 4.0
                            Showalter index: 4.88
                               Lifted index: -1.76
    LIFT computed using virtual temperature: -2.26
                                SWEAT index: 166.80
                                    K index: 30.70
                         Cross totals index: 16.10
                      Vertical totals index: 22.10
                        Totals totals index: 38.20
      Convective Available Potential Energy: 937.59
             CAPE using virtual temperature: 1079.63
                      Convective Inhibition: -0.00
             CINS using virtual temperature: 0.00
                           Equilibrum Level: 169.66
 Equilibrum Level using virtual temperature: 169.59
                   Level of Free Convection: 954.63
             LFCT using virtual temperature: 957.90
                     Bulk Richardson Number: 165.87
          Bulk Richardson Number using CAPV: 190.99
  Temp [K] of the Lifted Condensation Level: 294.54
Pres [hPa] of the Lifted Condensation Level: 960.01
   Equivalent potential temp [K] of the LCL: 347.56
     Mean mixed layer potential temperature: 298.00
              Mean mixed layer mixing ratio: 17.03
              1000 hPa to 500 hPa thickness: 5750.00
Precipitable water [mm] for entire sounding: 51.72


    78866 TNCM Juliana Airport Observations at 12Z 03 Nov 1985

-----------------------------------------------------------------------------
   PRES   HGHT   TEMP   DWPT   RELH   MIXR   DRCT   SKNT   THTA   THTE   THTV
    hPa     m      C      C      %    g/kg    deg   knot     K      K      K 
-----------------------------------------------------------------------------
 1013.0      4   27.8   24.5     82  19.55    190     10  299.8  357.4  303.3
 1000.0    115   27.0   23.4     81  18.51    190     11  300.1  354.6  303.5
  978.8    304   25.3   22.6     85  18.05    195     14  300.2  353.4  303.5
  945.6    609   22.4   21.4     94  17.32    200     14  300.4  351.3  303.5
  945.0    614   22.4   21.4     94  17.31    200     14  300.4  351.3  303.5
  912.9    914   20.7   18.8     89  15.22    210     15  301.6  346.6  304.4
  881.3   1219   19.0   16.2     84  13.31    210     17  302.9  342.5  305.3
  850.0   1532   17.2   13.5     79  11.57    210     18  304.1  338.9  306.3
  820.9   1828   15.8   11.6     76  10.56    210     18  305.7  337.7  307.6
  792.0   2133   14.3    9.7     73   9.59    210     17  307.3  336.6  309.1
  774.0   2329   13.4    8.4     72   9.01    216     16  308.3  336.0  310.0
  764.0   2438   12.7    9.0     78   9.50    220     15  308.7  337.9  310.4
  736.8   2743   10.7   10.6     99  10.98    225     12  309.7  343.4  311.7
  736.0   2752   10.6   10.6    100  11.02    225     12  309.7  343.6  311.8
  700.0   3170    8.8    5.5     80   8.16    215     11  312.2  337.7  313.7
  659.8   3657    5.7    3.7     87   7.62    220     12  314.1  338.1  315.5
  643.0   3869    4.4    2.9     90   7.39    222     13  314.9  338.3  316.3
  612.3   4267    3.0   -0.7     77   5.98    225     16  317.7  337.1  318.9
  608.0   4324    2.8   -1.2     75   5.80    225     16  318.1  336.9  319.2
  567.2   4876   -0.7   -3.3     83   5.32    230     16  320.4  337.8  321.4
  500.0   5880   -7.1   -7.1    100   4.52    240      5  324.3  339.5  325.2
  486.3   6096   -8.0   -8.0    100   4.32    260      5  325.8  340.4  326.6
  471.0   6346   -9.1   -9.1    100   4.10    267      6  327.4  341.4  328.2
  452.0   6663  -12.9  -17.3     70   2.19    275      7  326.5  334.2  327.0
  400.0   7590  -16.7  -19.8     77   2.00    300     10  333.2  340.4  333.6
  398.4   7620  -16.9  -20.1     77   1.96    305     10  333.3  340.4  333.7
  330.0   9003  -27.5  -32.5     62   0.76    346     19  337.2  340.1  337.4
  323.5   9144  -28.7  -35.4     53   0.58    350     20  337.4  339.8  337.6
  300.0   9680  -33.3  -46.3     26   0.20    345     19  338.3  339.2  338.4
  262.0  10621  -40.1  -70.1      3   0.01      4     32  341.7  341.8  341.7
  260.2  10668  -40.4                           5     33  341.9         341.9
  250.0  10940  -42.1                          10     34  343.3         343.3
  200.0  12400  -55.5                         340     24  344.7         344.7
  196.9  12496  -56.2                         340     24  345.1         345.1
  150.0  14180  -68.9                         330     32  351.2         351.2
  124.9  15240  -76.2                         330     26  356.9         356.9
  105.0  16247  -83.1                         320     21  361.9         361.9
  100.0  16520  -81.7                         320     18  369.6         369.6
   87.0  17311  -75.7                         318     15  396.7         396.7
   73.5  18288  -74.6                         315     12  418.6         418.6
   70.0  18570  -74.3                         310     12  425.1         425.1
   66.0  18913  -73.1                         302     13  434.9         434.9
   60.0  19481  -65.3                         288     14  464.4         464.4
   56.9  19812  -64.1                         280     15  474.2         474.2
   50.0  20600  -61.3                         300     14  498.6         498.6
   44.5  21336  -59.8                         305      3  519.2         519.2
   36.7  22555  -57.3                         180      4  555.1         555.1
   30.2  23774  -54.8                          70      5  593.4         593.4
   30.0  23820  -54.7                          65      5  594.9         594.9
   27.5  24384  -53.5                          50      9  613.4         613.4
   21.7  25908  -50.1                         110     25  666.3         666.3
   20.0  26440  -48.9                         120     30  685.7         685.7
   17.2  27432  -47.2                         115     36  720.9         720.9
   13.1  29260  -44.1                         105     38  790.4         790.4
   11.5  30123  -42.7                                     825.4         825.4


      Station information and sounding indices

                         Station identifier: TNCM
                             Station number: 78866
                           Observation time: 851103/1200
                           Station latitude: 18.03
                          Station longitude: -63.11
                          Station elevation: 4.0
                            Showalter index: 0.26
                               Lifted index: -5.38
    LIFT computed using virtual temperature: -5.77
                                SWEAT index: 203.01
                                    K index: 34.50
                         Cross totals index: 20.60
                      Vertical totals index: 24.30
                        Totals totals index: 44.90
      Convective Available Potential Energy: 2342.50
             CAPE using virtual temperature: 2509.43
                      Convective Inhibition: -0.89
             CINS using virtual temperature: -0.10
                           Equilibrum Level: 138.20
 Equilibrum Level using virtual temperature: 137.72
                   Level of Free Convection: 934.40
             LFCT using virtual temperature: 945.07
                     Bulk Richardson Number: 723.02
          Bulk Richardson Number using CAPV: 774.55
  Temp [K] of the Lifted Condensation Level: 295.41
Pres [hPa] of the Lifted Condensation Level: 945.54
   Equivalent potential temp [K] of the LCL: 353.87
     Mean mixed layer potential temperature: 300.18
              Mean mixed layer mixing ratio: 18.27
              1000 hPa to 500 hPa thickness: 5765.00
Precipitable water [mm] for entire sounding: 58.52


    78866 TNCM Juliana Airport Observations at 12Z 04 Nov 1985

-----------------------------------------------------------------------------
   PRES   HGHT   TEMP   DWPT   RELH   MIXR   DRCT   SKNT   THTA   THTE   THTV
    hPa     m      C      C      %    g/kg    deg   knot     K      K      K 
-----------------------------------------------------------------------------
 1012.0      4   25.0   23.4     91  18.28    205      8  297.1  350.2  300.4
 1000.0    107   24.0   22.5     91  17.50    210      8  297.1  347.9  300.3
  977.6    304   23.1   21.6     91  16.88    215      9  298.1  347.3  301.1
  943.8    609   21.6   20.1     91  15.94    220      9  299.6  346.4  302.5
  911.2    914   20.1   18.6     91  15.04    230     10  301.1  345.6  303.9
  879.8   1219   18.6   17.1     91  14.18    235     10  302.7  344.8  305.2
  850.0   1518   17.2   15.7     91  13.37    240     11  304.1  344.2  306.6
  819.6   1828   15.7   12.9     84  11.54    245     10  305.7  340.6  307.9
  790.8   2133   14.2   10.2     77   9.95    250     11  307.3  337.7  309.1
  787.0   2174   14.0    9.8     76   9.75    250     11  307.5  337.3  309.3
  762.5   2438   12.4    8.9     79   9.46    250     12  308.5  337.6  310.3
  735.2   2743   10.5    7.8     83   9.13    245     11  309.7  337.9  311.4
  700.0   3154    8.0    6.4     90   8.69    240     10  311.3  338.4  312.9
  658.5   3657    5.9    2.5     79   7.02    250      9  314.4  336.7  315.7
  621.0   4139    3.8   -1.2     70   5.68    254      9  317.3  335.7  318.4
  611.2   4267    3.0   -1.8     71   5.54    255      9  317.9  335.9  318.9
  570.0   4832   -0.5   -4.2     76   4.94    283      6  320.1  336.4  321.1
  566.9   4876   -0.8   -6.0     68   4.35    285      6  320.2  334.7  321.1
  554.0   5060   -2.3  -13.3     43   2.49    300      7  320.6  329.1  321.1
  500.0   5870   -6.1  -36.1      7   0.35      5      9  325.5  326.9  325.6
  485.5   6096   -7.5  -37.5      7   0.31     10     11  326.6  327.8  326.6
  400.0   7580  -16.7  -46.7      6   0.14     35     22  333.2  333.8  333.2
  397.8   7620  -17.0  -46.7      6   0.14     35     22  333.3  333.9  333.4
  322.9   9144  -28.5  -46.5     16   0.18    355     13  338.0  338.7  338.0
  300.0   9680  -32.5  -46.5     23   0.20    340     13  339.4  340.3  339.5
  265.0  10544  -40.1  -52.1     27   0.12    336     13  340.6  341.1  340.6
  260.2  10668  -41.0                         335     13  341.0         341.0
  250.0  10940  -43.1                         355     10  341.9         341.9
  206.7  12192  -53.7                          45     14  344.4         344.4
  200.0  12410  -55.5                          50     15  344.7         344.7
  161.9  13716  -65.0                          35     23  350.1         350.1
  150.0  14190  -68.5                          25     24  351.9         351.9
  125.4  15240  -76.1                          15     18  356.6         356.6
  119.0  15547  -78.3                           5     14  358.0         358.0
  100.0  16540  -78.9                         355     12  375.0         375.0
   96.1  16764  -79.6                         355     12  377.9         377.9
   88.0  17263  -81.3                         328      9  384.2         384.2
   79.0  17882  -73.1                         296      6  413.1         413.1
   73.7  18288  -73.1                         275      4  421.4         421.4
   70.0  18590  -73.1                         250      7  427.7         427.7
   64.0  19116  -70.7                         283      7  444.0         444.0
   57.0  19812  -63.6                         325      8  475.0         475.0
   56.0  19921  -62.5                         323      8  480.0         480.0
   50.0  20620  -61.1                         310      6  499.1         499.1
   44.6  21336  -59.6                         285      4  519.1         519.1
   35.0  22860  -56.5                         165     13  564.4         564.4
   30.0  23840  -54.5                         125     11  595.5         595.5
   28.0  24287  -47.5                         117     17  626.8         626.8
   27.6  24384  -47.5                         115     18  629.4         629.4
   21.9  25908  -47.6                         125     29  672.0         672.0
   20.0  26500  -47.7                         150     31  689.4         689.4
   19.0  26839  -47.7                                     699.6         699.6


      Station information and sounding indices

                         Station identifier: TNCM
                             Station number: 78866
                           Observation time: 851104/1200
                           Station latitude: 18.03
                          Station longitude: -63.11
                          Station elevation: 4.0
                            Showalter index: -0.88
                               Lifted index: -2.19
    LIFT computed using virtual temperature: -3.07
                                SWEAT index: 219.38
                                    K index: 37.40
                         Cross totals index: 21.80
                      Vertical totals index: 23.30
                        Totals totals index: 45.10
      Convective Available Potential Energy: 921.79
             CAPE using virtual temperature: 1079.58
                      Convective Inhibition: -17.42
             CINS using virtual temperature: -11.19
                           Equilibrum Level: 181.03
 Equilibrum Level using virtual temperature: 180.31
                   Level of Free Convection: 825.20
             LFCT using virtual temperature: 858.60
                     Bulk Richardson Number: 291.39
          Bulk Richardson Number using CAPV: 341.27
  Temp [K] of the Lifted Condensation Level: 294.63
Pres [hPa] of the Lifted Condensation Level: 962.06
   Equivalent potential temp [K] of the LCL: 347.63
     Mean mixed layer potential temperature: 297.92
              Mean mixed layer mixing ratio: 17.09
              1000 hPa to 500 hPa thickness: 5763.00
Precipitable water [mm] for entire sounding: 51.74


    78866 TNCM Juliana Airport Observations at 12Z 05 Nov 1985

-----------------------------------------------------------------------------
   PRES   HGHT   TEMP   DWPT   RELH   MIXR   DRCT   SKNT   THTA   THTE   THTV
    hPa     m      C      C      %    g/kg    deg   knot     K      K      K 
-----------------------------------------------------------------------------
 1012.0      4   27.2   24.9     87  20.06    240      4  299.3  358.2  302.9
 1000.0    111   24.2   22.4     90  17.39    220      3  297.4  347.9  300.4
  978.0    304   23.2   21.6     90  16.90    185      2  298.3  347.6  301.3
  944.2    609   21.7   20.3     91  16.14    230      2  299.8  347.1  302.6
  911.7    914   20.2   19.0     93  15.40    245      2  301.2  346.7  304.0
  880.2   1219   18.7   17.7     94  14.69    245      1  302.7  346.4  305.4
  850.0   1522   17.2   16.4     95  14.00    310      1  304.1  346.0  306.7
  820.0   1828   15.8   13.4     86  11.90    310      3  305.8  341.7  307.9
  791.1   2133   14.3   10.4     77  10.08    295      7  307.4  338.1  309.2
  785.0   2199   14.0    9.7     75   9.71    298      8  307.7  337.4  309.5
  763.0   2438   13.1    8.7     75   9.34    310     10  309.3  338.0  311.0
  735.9   2743   12.0    7.4     74   8.87    310      8  311.2  338.8  312.9
  727.0   2845   11.6    7.0     73   8.72    312      8  311.9  339.1  313.6
  700.0   3161    9.0    5.2     77   7.98    320      7  312.4  337.5  313.9
  680.0   3401    6.8    3.2     78   7.13    330      8  312.6  335.0  313.9
  662.0   3622    6.6   -5.4     42   3.88    339      9  314.7  327.4  315.5
  659.1   3657    6.4   -5.5     42   3.87    340      9  314.9  327.6  315.7
  611.6   4267    3.2   -7.2     46   3.67    325     11  318.1  330.2  318.8
  600.0   4424    2.4   -7.6     48   3.62    329     10  318.9  330.9  319.6
  574.0   4781    1.4  -28.6      9   0.63    338      8  321.7  324.1  321.9
  567.2   4876    0.9  -29.1      9   0.61    340      8  322.2  324.5  322.3
  500.0   5880   -4.7  -34.7      8   0.40     55      9  327.2  328.8  327.3
  486.2   6096   -6.2  -36.2      7   0.36     65     10  328.0  329.4  328.1
  400.0   7600  -16.9  -46.9      6   0.14     45     11  332.9  333.5  333.0
  398.9   7620  -17.0  -47.0      5   0.14     45     11  333.0  333.6  333.0
  323.7   9144  -28.1  -58.1      4   0.05     45     11  338.2  338.5  338.3
  300.0   9700  -32.1  -62.1      3   0.03     45     10  340.0  340.2  340.0
  262.0  10642  -40.1  -54.1     21   0.09     21      4  341.7  342.1  341.7
  261.0  10668  -40.4                          20      4  341.7         341.7
  250.0  10960  -43.5                          20      6  341.3         341.3
  238.3  11277  -45.9                          20      3  342.3         342.3
  215.0  11955  -51.1                                     344.5         344.5
  200.0  12420  -55.3                                     345.0         345.0
  190.0  12745  -58.3                                     345.3         345.3
  171.0  13400  -63.3                                     347.6         347.6


      Station information and sounding indices

                         Station identifier: TNCM
                             Station number: 78866
                           Observation time: 851105/1200
                           Station latitude: 18.03
                          Station longitude: -63.11
                          Station elevation: 4.0
                            Showalter index: -0.19
                               Lifted index: -1.15
    LIFT computed using virtual temperature: -2.04
                                SWEAT index: 207.78
                                    K index: 34.50
                         Cross totals index: 21.10
                      Vertical totals index: 21.90
                        Totals totals index: 43.00
      Convective Available Potential Energy: 934.38
             CAPE using virtual temperature: 1134.66
                      Convective Inhibition: -11.57
             CINS using virtual temperature: -7.73
                   Level of Free Convection: 860.87
             LFCT using virtual temperature: 878.71
                     Bulk Richardson Number: 204.86
          Bulk Richardson Number using CAPV: 248.78
  Temp [K] of the Lifted Condensation Level: 294.74
Pres [hPa] of the Lifted Condensation Level: 958.99
   Equivalent potential temp [K] of the LCL: 348.62
     Mean mixed layer potential temperature: 298.30
              Mean mixed layer mixing ratio: 17.29
              1000 hPa to 500 hPa thickness: 5769.00
Precipitable water [mm] for entire sounding: 48.13


    78866 TNCM Juliana Airport Observations at 12Z 06 Nov 1985

-----------------------------------------------------------------------------
   PRES   HGHT   TEMP   DWPT   RELH   MIXR   DRCT   SKNT   THTA   THTE   THTV
    hPa     m      C      C      %    g/kg    deg   knot     K      K      K 
-----------------------------------------------------------------------------
 1015.0      4   26.6   23.8     85  18.69    125      8  298.5  353.1  301.8
 1000.0    131   25.4   22.0     81  16.96    125      9  298.6  348.1  301.6
  980.2    304   24.2   21.1     83  16.36    130     11  299.0  346.9  301.9
  946.4    609   22.0   19.5     86  15.34    130      9  299.8  344.9  302.6
  913.6    914   19.8   17.9     89  14.37    130      6  300.6  343.0  303.2
  882.1   1219   17.7   16.4     92  13.45    115      4  301.4  341.2  303.9
  850.0   1540   15.4   14.7     96  12.52     35      4  302.3  339.5  304.5
  821.6   1828   14.5   13.6     94  12.02    350      6  304.2  340.3  306.4
  792.6   2133   13.5   12.3     93  11.51    330      6  306.4  341.2  308.5
  789.0   2172   13.4   12.2     92  11.44    332      6  306.6  341.3  308.7
  764.4   2438   12.5    4.4     58   6.90    345      8  308.4  329.9  309.7
  751.0   2587   12.0    0.0     44   5.12    304      9  309.5  325.6  310.4
  737.1   2743   11.4   -2.2     39   4.44    260     10  310.5  324.7  311.3
  700.0   3174    9.8   -8.2     27   2.96     40      9  313.3  323.1  313.9
  660.1   3657    7.8  -15.5     17   1.74     50     12  316.3  322.3  316.6
  613.0   4267    5.2  -24.8      9   0.84     60     12  320.1  323.2  320.3
  568.2   4876    1.4  -28.6      9   0.64     40     11  322.6  325.0  322.8
  500.0   5900   -5.1  -35.1      7   0.39     45     14  326.8  328.3  326.8
  487.4   6096   -6.5  -35.0      8   0.40     50     16  327.4  329.0  327.5
  400.0   7610  -17.3  -34.3     21   0.53    125      8  332.4  334.5  332.5
  399.4   7620  -17.4  -34.4     21   0.52    125      8  332.4  334.5  332.6
  323.9   9144  -28.8  -42.8     25   0.27    145     11  337.3  338.4  337.3
  300.0   9700  -32.9  -45.9     26   0.21    120     11  338.9  339.8  338.9
  266.0  10537  -40.1  -53.1     24   0.10    107     10  340.2  340.7  340.2
  260.9  10668  -41.0                         105     10  340.8         340.8
  250.0  10960  -42.9                         100     12  342.1         342.1
  200.0  12420  -56.1                          70     13  343.8         343.8
  150.0  14190  -69.5                          75      5  350.2         350.2
  125.2  15240  -76.0                          70      3  356.9         356.9
  112.0  15890  -80.1                          65      2  360.9         360.9
  100.0  16530  -81.1                          45      4  370.8         370.8
   96.0  16764  -80.0                          45      4  377.3         377.3
   79.0  17876  -74.7                         346      3  409.8         409.8
   73.7  18288  -70.7                         325      3  426.6         426.6
   70.0  18590  -67.7                         265      7  439.2         439.2
   57.2  19812  -65.4                         310      7  470.4         470.4
   50.0  20630  -63.9                         105      6  492.5         492.5
   46.0  21147  -58.3                         116      9  517.9         517.9
   44.6  21336  -58.6                         120     10  521.7         521.7
   42.0  21718  -59.1                         110     12  529.5         529.5
   35.1  22860  -53.3                          80     18  572.4         572.4
   34.0  23063  -52.3                          84     19  580.3         580.3
   30.0  23870  -53.3                         100     23  598.7         598.7
   21.6  24384  -50.7                         110     25  665.9         665.9
   20.0  24500  -50.1                         115     27  682.1         682.1
   16.1  25908  -48.6                         125     27  730.1         730.1
   13.5  27082  -47.3                                     772.7         772.7


      Station information and sounding indices

                         Station identifier: TNCM
                             Station number: 78866
                           Observation time: 851106/1200
                           Station latitude: 18.03
                          Station longitude: -63.11
                          Station elevation: 4.0
                            Showalter index: 2.00
                               Lifted index: -1.22
    LIFT computed using virtual temperature: -2.09
                                SWEAT index: 198.41
                                    K index: 17.20
                         Cross totals index: 19.80
                      Vertical totals index: 20.50
                        Totals totals index: 40.30
      Convective Available Potential Energy: 866.71
             CAPE using virtual temperature: 1090.84
                      Convective Inhibition: -9.11
             CINS using virtual temperature: -5.61
                           Equilibrum Level: 170.41
 Equilibrum Level using virtual temperature: 168.79
                   Level of Free Convection: 907.29
             LFCT using virtual temperature: 917.56
                     Bulk Richardson Number: 69.14
          Bulk Richardson Number using CAPV: 87.02
  Temp [K] of the Lifted Condensation Level: 293.94
Pres [hPa] of the Lifted Condensation Level: 943.17
   Equivalent potential temp [K] of the LCL: 347.70
     Mean mixed layer potential temperature: 298.91
              Mean mixed layer mixing ratio: 16.72
              1000 hPa to 500 hPa thickness: 5769.00
Precipitable water [mm] for entire sounding: 41.05


    78866 TNCM Juliana Airport Observations at 12Z 07 Nov 1985

-----------------------------------------------------------------------------
   PRES   HGHT   TEMP   DWPT   RELH   MIXR   DRCT   SKNT   THTA   THTE   THTV
    hPa     m      C      C      %    g/kg    deg   knot     K      K      K 
-----------------------------------------------------------------------------
 1016.0      4   28.8   23.8     74  18.67     60      4  300.6  355.6  303.9
 1000.0    146   24.4   19.4     74  14.39     65      4  297.6  339.4  300.1
  850.0   1549   14.6   13.9     96  11.88     85     18  301.4  336.6  303.6
  700.0   3192   12.4   -5.6     28   3.62     65     10  316.2  328.1  316.9
  500.0   5940   -3.5  -19.5     28   1.64     65     12  328.7  334.6  329.0
  400.0   7660  -16.5  -32.5     24   0.63     60      8  333.5  335.9  333.6
  300.0   9750  -32.3  -45.3     26   0.22    160      5  339.7  340.7  339.8
  250.0  11010  -42.9                         185     20  342.1         342.1
  200.0  12480  -54.5                         125      7  346.3         346.3
  150.0  14270  -69.1                          70      8  350.9         350.9
  116.0  15767  -78.9                          80      8  359.5         359.5
  100.0  16610  -78.9                          80      8  375.0         375.0


      Station information and sounding indices

                         Station identifier: TNCM
                             Station number: 78866
                           Observation time: 851107/1200
                           Station latitude: 18.03
                          Station longitude: -63.11
                          Station elevation: 4.0
                            Showalter index: 4.81
                               Lifted index: 2.90
    LIFT computed using virtual temperature: 2.40
                                SWEAT index: 214.82
                                    K index: 14.00
                         Cross totals index: 17.40
                      Vertical totals index: 18.10
                        Totals totals index: 35.50
      Convective Available Potential Energy: 7.01
             CAPE using virtual temperature: 13.65
                      Convective Inhibition: -15.51
             CINS using virtual temperature: -9.93
                           Equilibrum Level: 825.03
 Equilibrum Level using virtual temperature: 813.85
                   Level of Free Convection: 879.25
             LFCT using virtual temperature: 887.65
                     Bulk Richardson Number: 1.34
          Bulk Richardson Number using CAPV: 2.60
  Temp [K] of the Lifted Condensation Level: 291.58
Pres [hPa] of the Lifted Condensation Level: 923.04
   Equivalent potential temp [K] of the LCL: 341.15
     Mean mixed layer potential temperature: 298.34
              Mean mixed layer mixing ratio: 14.76
              1000 hPa to 500 hPa thickness: 5794.00
Precipitable water [mm] for entire sounding: 41.59


    78866 TNCM Juliana Airport Observations at 12Z 08 Nov 1985

-----------------------------------------------------------------------------
   PRES   HGHT   TEMP   DWPT   RELH   MIXR   DRCT   SKNT   THTA   THTE   THTV
    hPa     m      C      C      %    g/kg    deg   knot     K      K      K 
-----------------------------------------------------------------------------
 1015.0      4   26.6   21.6     74  16.29     55     10  298.5  346.1  301.4
 1000.0    136   23.4   18.4     74  13.50     55     11  296.6  335.7  298.9
  980.6    304   22.2   17.6     75  13.09     50     11  297.0  335.0  299.3
  946.5    609   19.9   16.2     79  12.36     50      8  297.7  333.8  299.9
  913.5    914   17.7   14.7     83  11.65     45      7  298.4  332.6  300.5
  881.6   1219   15.4   13.3     87  10.98     40      9  299.1  331.4  301.1
  865.0   1383   14.2   12.5     90  10.63     37     11  299.5  330.9  301.4
  850.0   1531   17.0   -2.0     27   3.90     35     12  303.9  316.2  304.7
  842.0   1612   18.2   -2.8     24   3.71     38     12  306.0  317.8  306.7
  820.9   1828   17.5   -0.1     30   4.64     45     12  307.5  322.1  308.3
  792.1   2133   16.4    3.6     42   6.30     50     12  309.5  329.3  310.7
  764.2   2438   15.4    7.4     59   8.50     60     16  311.6  338.1  313.2
  764.0   2441   15.4    7.4     59   8.52     60     16  311.6  338.2  313.2
  737.1   2743   13.8    3.3     49   6.62     65     16  313.0  334.0  314.3
  700.0   3178   11.4   -2.6     37   4.54     60     15  315.1  329.8  315.9
  660.5   3657    8.5   -3.9     41   4.35     60     13  317.1  331.3  317.9
  613.5   4267    4.8   -5.6     47   4.11     45     17  319.6  333.2  320.4
  604.0   4395    4.0   -6.0     48   4.07     44     16  320.1  333.6  320.9
  569.1   4876    1.9  -13.7     30   2.34     40     12  323.1  331.2  323.6
  543.0   5255    0.2  -19.8     21   1.47     31     12  325.4  330.7  325.8
  500.0   5910   -5.3  -24.3     21   1.08     15     11  326.5  330.5  326.7
  488.1   6096   -6.6  -25.4     21   1.00     50     11  327.1  330.8  327.3
  400.5   7620  -17.6  -34.6     21   0.51    360     11  331.9  333.9  332.0
  400.0   7630  -17.7  -34.7     21   0.51    360     11  331.9  333.9  332.0
  324.8   9144  -29.0  -43.1     24   0.26    335     10  336.7  337.8  336.7
  300.0   9720  -33.3  -46.3     26   0.20    285     12  338.3  339.2  338.4
  262.0  10653  -40.1  -53.1     24   0.11    270     16  341.7  342.2  341.7
  261.4  10668  -40.2                         270     16  341.8         341.8
  250.0  10970  -42.5                         260     11  342.7         342.7
  207.7  12192  -52.6                         295      7  345.5         345.5
  200.0  12440  -54.7                         290      7  346.0         346.0
  162.7  13716  -65.9                         280      7  348.2         348.2
  150.0  14220  -70.3                         360      6  348.8         348.8
  147.3  14325  -70.8                          15      5  349.7         349.7
  114.0  15819  -77.9                                     363.1         363.1


      Station information and sounding indices

                         Station identifier: TNCM
                             Station number: 78866
                           Observation time: 851108/1200
                           Station latitude: 18.03
                          Station longitude: -63.11
                          Station elevation: 4.0
                            Showalter index: 13.34
                               Lifted index: 3.13
    LIFT computed using virtual temperature: 2.65
                                SWEAT index: 35.00
                                    K index: 6.30
                         Cross totals index: 3.30
                      Vertical totals index: 22.30
                        Totals totals index: 25.60
      Convective Available Potential Energy: 0.96
             CAPE using virtual temperature: 4.01
                      Convective Inhibition: -14.72
             CINS using virtual temperature: -9.14
                           Equilibrum Level: 862.76
 Equilibrum Level using virtual temperature: 859.79
                   Level of Free Convection: 882.66
             LFCT using virtual temperature: 892.85
                     Bulk Richardson Number: 2.47
          Bulk Richardson Number using CAPV: 10.26
  Temp [K] of the Lifted Condensation Level: 290.24
Pres [hPa] of the Lifted Condensation Level: 921.27
   Equivalent potential temp [K] of the LCL: 336.32
     Mean mixed layer potential temperature: 297.13
              Mean mixed layer mixing ratio: 13.54
              1000 hPa to 500 hPa thickness: 5774.00
Precipitable water [mm] for entire sounding: 36.75


    78866 TNCM Juliana Airport Observations at 12Z 09 Nov 1985

-----------------------------------------------------------------------------
   PRES   HGHT   TEMP   DWPT   RELH   MIXR   DRCT   SKNT   THTA   THTE   THTV
    hPa     m      C      C      %    g/kg    deg   knot     K      K      K 
-----------------------------------------------------------------------------
 1016.0      4   26.0   22.7     82  17.43     70      8  297.8  348.6  300.9
 1000.0    142   25.0   20.0     74  14.95     70     20  298.1  341.8  300.8
  981.4    304   23.8   19.3     76  14.57     75     21  298.5  341.1  301.1
  947.3    609   21.5   18.0     80  13.88     70     21  299.2  339.9  301.7
  914.5    914   19.2   16.6     85  13.20     65     21  299.9  338.7  302.3
  882.7   1219   16.9   15.3     91  12.55     65     19  300.5  337.6  302.8
  850.0   1545   14.4   13.9     97  11.88     65     13  301.2  336.4  303.4
  822.0   1829   13.6   13.3     98  11.81     60     15  303.3  338.6  305.4
  802.0   2035    9.8   -9.2     25   2.39     60     17  301.4  309.0  301.8
  797.0   2087   10.0  -12.0     20   1.92     60     18  302.1  308.3  302.5
  792.6   2133   13.2   -6.6     25   2.96     60     18  306.0  315.5  306.6
  791.0   2150   14.4   -4.6     27   3.45     60     18  307.5  318.5  308.1
  781.0   2257   14.4  -15.6     11   1.46     60     18  308.6  313.5  308.9
  764.4   2438   13.4   -6.8     24   3.02     60     18  309.4  319.2  310.0
  754.0   2553   12.8   -1.2     38   4.67     58     18  310.0  324.8  310.9
  737.1   2743   12.1   -6.8     26   3.13     55     19  311.2  321.4  311.8
  700.0   3174   10.4  -19.6     10   1.16     40     22  314.0  318.0  314.2
  659.5   3657    7.5  -22.5     10   0.96     25     24  316.1  319.5  316.2
  611.7   4267    3.8  -26.2      9   0.74     20     25  318.7  321.4  318.8
  567.4   4876    0.1  -29.9      8   0.57     25     21  321.3  323.4  321.4
  500.0   5900   -6.1  -36.1      7   0.35     30     14  325.5  326.9  325.6
  487.3   6096   -7.4  -37.4      7   0.32     10     12  326.4  327.6  326.4
  400.0   7600  -17.1  -47.1      5   0.14    340     10  332.7  333.2  332.7
  398.9   7620  -17.3  -47.3      5   0.13    340     10  332.7  333.2  332.7
  322.8   9144  -32.2  -62.2      3   0.03    325     21  332.9  333.0  332.9
  300.0   9670  -37.3  -67.3      3   0.01    340     22  332.7  332.8  332.7
  274.0  10291  -40.1  -70.1      3   0.01    321     16  337.4  337.4  337.4
  259.1  10668  -42.3                         310     13  339.6         339.6
  250.0  10910  -43.7                         310     11  341.0         341.0
  200.0  12380  -54.5                         330     19  346.3         346.3
  150.0  14170  -68.3                         305     10  352.2         352.2
  125.0  15240  -74.7                         310     13  359.4         359.4
  121.0  15432  -75.9                         312     13  360.6         360.6
  100.0  16520  -79.9                         325     10  373.1         373.1
   95.8  16764  -79.5                         340     10  378.4         378.4
   79.0  17865  -77.9                                     403.2         403.2
   70.0  18570  -71.3                                     431.5         431.5
   52.0  20360  -63.7                                     487.5         487.5
   50.0  20600  -64.9                                     490.1         490.1
   47.0  20977  -65.1                                     498.4         498.4


      Station information and sounding indices

                         Station identifier: TNCM
                             Station number: 78866
                           Observation time: 851109/1200
                           Station latitude: 18.03
                          Station longitude: -63.11
                          Station elevation: 4.0
                            Showalter index: 2.31
                               Lifted index: -0.05
    LIFT computed using virtual temperature: -0.79
                                SWEAT index: 206.80
                                    K index: 4.40
                         Cross totals index: 20.00
                      Vertical totals index: 20.50
                        Totals totals index: 40.50
      Convective Available Potential Energy: 363.36
             CAPE using virtual temperature: 471.03
                      Convective Inhibition: -16.61
             CINS using virtual temperature: -11.73
                           Equilibrum Level: 251.71
 Equilibrum Level using virtual temperature: 251.72
                   Level of Free Convection: 887.49
             LFCT using virtual temperature: 895.58
                     Bulk Richardson Number: 40.69
          Bulk Richardson Number using CAPV: 52.75
  Temp [K] of the Lifted Condensation Level: 291.94
Pres [hPa] of the Lifted Condensation Level: 926.38
   Equivalent potential temp [K] of the LCL: 342.04
     Mean mixed layer potential temperature: 298.40
              Mean mixed layer mixing ratio: 15.00
              1000 hPa to 500 hPa thickness: 5758.00
Precipitable water [mm] for entire sounding: 32.57


    78866 TNCM Juliana Airport Observations at 12Z 10 Nov 1985

-----------------------------------------------------------------------------
   PRES   HGHT   TEMP   DWPT   RELH   MIXR   DRCT   SKNT   THTA   THTE   THTV
    hPa     m      C      C      %    g/kg    deg   knot     K      K      K 
-----------------------------------------------------------------------------
 1017.0      4   27.2   22.2     74  16.88     70     15  298.9  348.3  301.9
 1000.0    151   24.4   18.4     69  13.50     70     16  297.6  336.9  300.0
  982.6    304   23.3   18.9     76  14.23     75     18  297.9  339.4  300.5
  953.0    572   21.4   19.9     91  15.60     79     19  298.6  344.2  301.4
  948.9    609   21.0   19.5     91  15.31     80     19  298.6  343.4  301.4
  915.8    914   18.0   16.5     91  13.10     80     22  298.6  336.9  300.9
  883.8   1219   15.0   13.6     91  11.15     75     21  298.5  331.2  300.5
  876.0   1295   14.2   12.8     91  10.71     75     21  298.4  329.9  300.4
  871.0   1344   16.0   10.0     68   8.92     75     20  300.8  327.4  302.4
  850.0   1551   16.2   -5.8     22   2.93     75     19  303.1  312.4  303.6
  822.6   1828   13.1    7.3     68   7.88     75     21  302.6  326.4  304.1
  817.0   1886   12.4   10.1     86   9.59     75     21  302.5  331.2  304.3
  793.1   2133   11.3    8.8     85   9.06     75     23  303.9  331.2  305.6
  764.6   2438    9.9    7.3     84   8.44     75     23  305.6  331.3  307.2
  737.1   2743    8.5    5.7     82   7.85     75     22  307.3  331.5  308.8
  700.0   3173    6.6    3.5     81   7.08     75     22  309.8  331.8  311.1
  679.0   3423    5.0    3.7     91   7.40     75     22  310.7  333.8  312.1
  659.8   3657    4.2                          75     22  312.3         312.3
  655.0   3717    4.0                          64     21  312.8         312.8
  652.0   3754    6.4                          57     21  315.9         315.9
  612.3   4267    4.7                         320     16  319.7         319.7
  582.0   4680    3.4                          31     19  322.8         322.8
  567.9   4876    1.8                          65     21  323.2         323.2
  500.0   5890   -6.5                          25      8  325.1         325.1
  486.8   6096   -8.3                          25     10  325.4         325.4
  435.0   6958  -15.7                         359     21  326.6         326.6
  427.0   7098  -14.5                         355     23  329.8         329.8
  400.0   7590  -17.5                         340     30  332.2         332.2
  398.3   7620  -17.8                         345     29  332.2         332.2
  322.6   9144  -30.5                         340     26  335.2         335.2
  300.0   9670  -34.9                         325     20  336.1         336.1
  259.4  10668  -41.9                         335     39  340.0         340.0
  250.0  10920  -43.7                         330     30  341.0         341.0
  248.0  10972  -44.0                         330     28  341.2         341.2
  207.0  12166  -51.5                                     347.6         347.6


      Station information and sounding indices

                         Station identifier: TNCM
                             Station number: 78866
                           Observation time: 851110/1200
                           Station latitude: 18.03
                          Station longitude: -63.11
                          Station elevation: 4.0
                            Showalter index: 14.38
                               Lifted index: 0.17
    LIFT computed using virtual temperature: -0.58
                                SWEAT index: 46.00
                                    K index: 13.80
                         Cross totals index: 0.70
                      Vertical totals index: 22.70
                        Totals totals index: 23.40
      Convective Available Potential Energy: 220.43
             CAPE using virtual temperature: 339.13
                      Convective Inhibition: -6.17
             CINS using virtual temperature: -6.11
                           Equilibrum Level: 272.93
 Equilibrum Level using virtual temperature: 273.48
                   Level of Free Convection: 915.35
             LFCT using virtual temperature: 919.05
                     Bulk Richardson Number: 388.05
          Bulk Richardson Number using CAPV: 597.01
  Temp [K] of the Lifted Condensation Level: 291.49
Pres [hPa] of the Lifted Condensation Level: 924.92
   Equivalent potential temp [K] of the LCL: 340.49
     Mean mixed layer potential temperature: 298.07
              Mean mixed layer mixing ratio: 14.61
              1000 hPa to 500 hPa thickness: 5739.00
Precipitable water [mm] for entire sounding: 35.12


    78866 TNCM Juliana Airport Observations at 12Z 11 Nov 1985

-----------------------------------------------------------------------------
   PRES   HGHT   TEMP   DWPT   RELH   MIXR   DRCT   SKNT   THTA   THTE   THTV
    hPa     m      C      C      %    g/kg    deg   knot     K      K      K 
-----------------------------------------------------------------------------
 1015.0      4   27.4   22.4     74  17.13     80     16  299.3  349.5  302.3
 1000.0    132   25.2   20.7     76  15.63     75     16  298.4  344.0  301.1
  980.5    304   23.4   19.8     80  15.01     70     17  298.2  342.0  300.9
  946.9    609   20.1   18.1     88  13.96     75     20  297.8  338.5  300.3
  940.0    673   19.4   17.7     90  13.75     76     21  297.8  337.8  300.2
  913.9    914   17.7   16.4     92  12.98     80     23  298.4  336.4  300.7
  881.9   1219   15.5   14.7     95  12.06     85     21  299.2  334.6  301.4
  860.0   1435   14.0   13.5     97  11.43     85     19  299.8  333.5  301.9
  850.0   1534   14.4   10.0     75   9.15     85     18  301.2  328.5  302.9
  820.9   1828   12.9    6.9     67   7.64     85     15  302.6  325.7  304.0
  804.0   2004   12.0    5.0     62   6.85     85     13  303.5  324.3  304.7
  794.0   2109   13.0    2.0     47   5.60     85     12  305.6  323.0  306.7
  791.7   2133   12.9    1.7     46   5.48     85     12  305.8  322.8  306.8
  763.3   2438   11.6   -2.6     37   4.17     85     12  307.6  320.8  308.3
  735.9   2743   10.2   -6.8     30   3.14     85     13  309.3  319.5  309.9
  700.0   3161    8.4  -12.6     21   2.08     85     12  311.8  318.7  312.1
  658.9   3657    5.0  -22.0     12   1.00     90     11  313.3  316.8  313.5
  639.0   3908    3.2  -26.8      9   0.67     90     10  314.1  316.5  314.2
  611.2   4267    2.1  -23.9     13   0.92     90      8  316.9  320.1  317.0
  566.8   4876    0.3  -18.9     22   1.52     90      9  321.6  327.0  321.9
  559.0   4987    0.0  -18.0     24   1.67     83      9  322.5  328.4  322.9
  500.0   5870   -7.3  -37.3      7   0.31     25      5  324.1  325.3  324.1
  485.3   6096   -9.1  -37.3      8   0.32    335      6  324.7  325.9  324.7
  400.0   7560  -20.5  -37.5     20   0.38    320      8  328.3  329.8  328.3
  396.7   7620  -20.9  -37.9     20   0.37    345      8  328.4  329.9  328.5
  320.6   9144  -32.5  -47.2     22   0.17    290     35  333.1  333.8  333.1
  300.0   9620  -36.1  -50.1     22   0.13    295     38  334.4  334.9  334.4
  294.3   9753  -37.2  -50.9     23   0.12    295     34  334.7  335.2  334.7
  279.0  10119  -40.1  -53.1     24   0.10                335.6  336.1  335.6
  264.0  10494  -43.3                                     336.3         336.3


      Station information and sounding indices

                         Station identifier: TNCM
                             Station number: 78866
                           Observation time: 851111/1200
                           Station latitude: 18.03
                          Station longitude: -63.11
                          Station elevation: 4.0
                            Showalter index: 4.75
                               Lifted index: -1.63
    LIFT computed using virtual temperature: -2.40
                                SWEAT index: 161.01
                                    K index: 10.70
                         Cross totals index: 17.30
                      Vertical totals index: 21.70
                        Totals totals index: 39.00
      Convective Available Potential Energy: 797.43
             CAPE using virtual temperature: 1023.09
                      Convective Inhibition: -7.93
             CINS using virtual temperature: 0.00
                   Level of Free Convection: 540.17
             LFCT using virtual temperature: 932.24
                     Bulk Richardson Number: 332.17
          Bulk Richardson Number using CAPV: 426.17
  Temp [K] of the Lifted Condensation Level: 292.40
Pres [hPa] of the Lifted Condensation Level: 932.24
   Equivalent potential temp [K] of the LCL: 343.00
     Mean mixed layer potential temperature: 298.33
              Mean mixed layer mixing ratio: 15.34
              1000 hPa to 500 hPa thickness: 5738.00
Precipitable water [mm] for entire sounding: 33.62


    78866 TNCM Juliana Airport Observations at 12Z 12 Nov 1985

-----------------------------------------------------------------------------
   PRES   HGHT   TEMP   DWPT   RELH   MIXR   DRCT   SKNT   THTA   THTE   THTV
    hPa     m      C      C      %    g/kg    deg   knot     K      K      K 
-----------------------------------------------------------------------------
 1014.0      4   24.4   23.0     92  17.80     75     16  296.4  347.9  299.5
 1000.0    125   23.6   22.0     91  16.96     80     19  296.8  345.9  299.8
  979.5    304   22.4   20.9     92  16.16     90     23  297.2  344.2  300.1
  945.6    609   20.2   19.0     93  14.86     95     22  298.1  341.4  300.8
  912.8    914   18.1   17.1     94  13.65    100     17  298.9  338.9  301.4
  882.0   1211   16.0   15.3     96  12.55    105     19  299.7  336.6  302.0
  881.1   1219   16.0   15.3     96  12.53    105     19  299.8  336.6  302.0
  850.0   1525   14.8   14.1     96  12.04    105     22  301.6  337.4  303.8
  819.9   1828   13.3   12.6     96  11.31    100     20  303.2  337.0  305.2
  790.6   2133   11.8   11.1     95  10.60    105     17  304.7  336.7  306.7
  762.5   2438   10.3    9.6     95   9.93    105     16  306.3  336.5  308.1
  739.0   2700    9.0    8.3     95   9.38    105     19  307.6  336.3  309.4
  735.2   2743    8.1    6.5     89   8.30    105     19  307.1  332.5  308.6
  730.0   2802    6.8    3.9     82   6.98    105     19  306.3  327.8  307.6
  700.0   3147    6.8   -0.2     61   5.42    105     17  310.0  327.1  311.0
  657.6   3657    3.6   -2.7     63   4.81    120     18  312.0  327.4  312.9
  639.0   3892    2.2   -3.8     65   4.54    118     13  312.9  327.6  313.8
  609.8   4267   -0.7   -3.5     81   4.86    115      6  313.8  329.4  314.7
  589.0   4546   -2.9   -3.3     97   5.12    186      8  314.4  330.8  315.4
  565.0   4876   -4.2   -8.4     73   3.61    270     11  316.6  328.5  317.3
  560.0   4946   -4.5   -9.5     68   3.34    258     11  317.1  328.1  317.7
  500.0   5830  -11.1  -13.0     86   2.83    100      9  319.4  329.0  320.0
  482.6   6096  -12.8  -15.1     83   2.47    100      9  320.7  329.1  321.1
  400.0   7510  -21.5  -26.2     66   1.13    235      5  327.0  331.1  327.2
  393.9   7620  -22.3  -27.0     65   1.07    240      5  327.4  331.3  327.6
  362.0   8229  -26.6  -31.7     62   0.75    235      5  329.6  332.5  329.8
  300.0   9580  -36.1  -42.1     54   0.32                334.4  335.6  334.4
  274.0  10204  -40.1  -47.1     47   0.20                337.4  338.2  337.4


      Station information and sounding indices

                         Station identifier: TNCM
                             Station number: 78866
                           Observation time: 851112/1200
                           Station latitude: 18.03
                          Station longitude: -63.11
                          Station elevation: 4.0
                            Showalter index: -3.10
                               Lifted index: -6.09
    LIFT computed using virtual temperature: -6.50
                                SWEAT index: 264.21
                                    K index: 33.00
                         Cross totals index: 25.20
                      Vertical totals index: 25.90
                        Totals totals index: 51.10
      Convective Available Potential Energy: 1511.93
             CAPE using virtual temperature: 1640.23
                      Convective Inhibition: -0.64
             CINS using virtual temperature: -0.15
                   Level of Free Convection: 944.36
             LFCT using virtual temperature: 951.47
                     Bulk Richardson Number: 147.74
          Bulk Richardson Number using CAPV: 160.27
  Temp [K] of the Lifted Condensation Level: 294.05
Pres [hPa] of the Lifted Condensation Level: 964.64
   Equivalent potential temp [K] of the LCL: 344.71
     Mean mixed layer potential temperature: 297.10
              Mean mixed layer mixing ratio: 16.44
              1000 hPa to 500 hPa thickness: 5705.00
Precipitable water [mm] for entire sounding: 50.40


    78866 TNCM Juliana Airport Observations at 12Z 13 Nov 1985

-----------------------------------------------------------------------------
   PRES   HGHT   TEMP   DWPT   RELH   MIXR   DRCT   SKNT   THTA   THTE   THTV
    hPa     m      C      C      %    g/kg    deg   knot     K      K      K 
-----------------------------------------------------------------------------
 1012.0      4   24.8   22.7     88  17.50     90     10  296.9  347.7  300.0
 1000.0    106   24.0   20.3     80  15.24     90     11  297.1  341.4  299.9
  977.6    304   22.5   19.9     85  15.16     90     12  297.5  341.6  300.2
  944.0    609   20.1   19.2     95  15.05     90     12  298.1  342.0  300.8
  940.0    646   19.8   19.1     96  15.04     91     12  298.2  342.0  300.9
  911.1    914   16.9   14.7     87  11.68    100     13  297.9  332.0  300.0
  902.0   1000   16.0   13.3     84  10.75    101     13  297.8  329.3  299.7
  879.1   1219   15.2   12.6     84  10.54    105     13  299.2  330.2  301.1
  850.0   1505   14.2   11.7     85  10.26    100     13  301.0  331.5  302.9
  818.1   1828   13.7    9.0     73   8.87     95     14  303.8  330.6  305.4
  800.0   2018   13.4    7.4     67   8.14     89     13  305.4  330.2  306.9
  789.0   2133   12.6    6.9     68   7.96     85     13  305.7  330.0  307.2
  760.6   2438   10.3    5.5     72   7.50     80     15  306.5  329.5  307.9
  733.2   2743    8.0    4.1     76   7.07     90     18  307.3  329.1  308.6
  700.0   3128    5.2    2.4     82   6.54    100     18  308.2  328.5  309.4
  687.0   3281    4.0    2.7     91   6.81    103     19  308.5  329.7  309.8
  655.3   3657    2.0    0.7     91   6.19    110     21  310.5  329.9  311.6
  607.0   4267   -1.3   -2.5     91   5.26     90     20  313.6  330.4  314.6
  562.3   4876   -4.5   -5.8     91   4.45     85     19  316.7  331.2  317.5
  500.0   5810   -9.5  -10.7     91   3.40                321.4  332.9  322.1
  475.0   6206  -10.5  -17.5     56   2.05                324.9  332.1  325.3
  321.0   9102  -31.3  -35.2     68   0.60                334.6  336.9  334.7
  300.0   9576  -36.3  -42.3     54   0.31                334.1  335.3  334.2


      Station information and sounding indices

                         Station identifier: TNCM
                             Station number: 78866
                           Observation time: 851113/1200
                           Station latitude: 18.03
                          Station longitude: -63.11
                          Station elevation: 4.0
                            Showalter index: 1.13
                               Lifted index: -3.49
    LIFT computed using virtual temperature: -3.74
                                    K index: 32.60
                         Cross totals index: 21.20
                      Vertical totals index: 23.70
                        Totals totals index: 44.90
      Convective Available Potential Energy: 852.50
             CAPE using virtual temperature: 964.54
                      Convective Inhibition: -2.98
             CINS using virtual temperature: -2.45
                   Level of Free Convection: 932.40
             LFCT using virtual temperature: 934.55
                     Bulk Richardson Number: 389.76
          Bulk Richardson Number using CAPV: 440.99
  Temp [K] of the Lifted Condensation Level: 292.72
Pres [hPa] of the Lifted Condensation Level: 945.86
   Equivalent potential temp [K] of the LCL: 342.16
     Mean mixed layer potential temperature: 297.43
              Mean mixed layer mixing ratio: 15.42
              1000 hPa to 500 hPa thickness: 5704.00
Precipitable water [mm] for entire sounding: 47.37


    78866 TNCM Juliana Airport Observations at 12Z 15 Nov 1985

-----------------------------------------------------------------------------
   PRES   HGHT   TEMP   DWPT   RELH   MIXR   DRCT   SKNT   THTA   THTE   THTV
    hPa     m      C      C      %    g/kg    deg   knot     K      K      K 
-----------------------------------------------------------------------------
 1010.0      4   27.0   23.5     81  18.44    225     20  299.3  353.4  302.6
 1000.0     88   25.0   20.7     77  15.63    225     20  298.1  343.7  300.9
  975.6    304   23.3   20.4     84  15.68    225     19  298.5  344.3  301.3
  942.2    609   20.8   19.9     95  15.76    225     19  299.0  345.1  301.8
  937.0    657   20.4   19.8     96  15.78    226     19  299.1  345.2  301.9
  920.0    816   18.4   14.5     78  11.41    228     19  298.6  332.0  300.6
  909.5    914   18.0   14.1     78  11.27    230     19  299.1  332.3  301.2
  877.6   1219   16.7   13.0     79  10.84    230     18  300.9  333.1  302.9
  850.0   1493   15.6   12.0     79  10.47    230     20  302.5  333.8  304.4
  838.0   1614   15.4   14.4     94  12.46    230     21  303.5  340.7  305.8
  817.1   1828   13.9    9.8     76   9.40    230     24  304.1  332.5  305.8
  813.0   1871   13.6    8.9     73   8.88    231     24  304.2  331.1  305.9
  788.1   2133   12.6    8.0     74   8.64    235     25  305.8  332.1  307.4
  784.0   2177   12.4    7.9     74   8.60    235     25  306.1  332.3  307.7
  759.9   2438   11.3    4.4     62   6.94    235     22  307.7  329.2  309.0
  740.0   2660   10.4    1.4     54   5.76    231     23  309.0  327.1  310.1
  732.6   2743   10.0    1.0     54   5.63    230     24  309.4  327.1  310.5
  700.0   3121    8.0   -1.0     53   5.11    230     22  311.3  327.6  312.3
  639.0   3868    2.0   -5.0     60   4.15                312.7  326.1  313.5
  592.0   4484    0.2  -12.8     37   2.43                317.5  325.7  318.0
  500.0   5820   -8.3  -18.3     44   1.82                322.9  329.2  323.2
  465.0   6381  -11.5  -41.5      6   0.22                325.6  326.5  325.7
  400.0   7520  -19.1  -36.1     21   0.44                330.1  331.8  330.2
  300.0   9610  -30.5  -60.5      4   0.04                342.3  342.4  342.3
  254.0  10772  -40.1  -54.1     21   0.10                344.7  345.2  344.8
  250.0  10880  -40.9                                     345.1         345.1
  211.0  12009  -50.5                                     347.3         347.3


      Station information and sounding indices

                         Station identifier: TNCM
                             Station number: 78866
                           Observation time: 851115/1200
                           Station latitude: 18.03
                          Station longitude: -63.11
                          Station elevation: 4.0
                            Showalter index: 1.29
                               Lifted index: -3.38
    LIFT computed using virtual temperature: -3.95
                                    K index: 26.90
                         Cross totals index: 20.30
                      Vertical totals index: 23.90
                        Totals totals index: 44.20
      Convective Available Potential Energy: 679.44
             CAPE using virtual temperature: 868.48
                      Convective Inhibition: -2.19
             CINS using virtual temperature: -1.70
                           Equilibrum Level: 312.34
 Equilibrum Level using virtual temperature: 311.56
                   Level of Free Convection: 930.70
             LFCT using virtual temperature: 933.02
                     Bulk Richardson Number: 945.93
          Bulk Richardson Number using CAPV: 1209.13
  Temp [K] of the Lifted Condensation Level: 293.08
Pres [hPa] of the Lifted Condensation Level: 937.74
   Equivalent potential temp [K] of the LCL: 344.92
     Mean mixed layer potential temperature: 298.53
              Mean mixed layer mixing ratio: 15.92
              1000 hPa to 500 hPa thickness: 5732.00
Precipitable water [mm] for entire sounding: 41.40


    78866 TNCM Juliana Airport Observations at 12Z 17 Nov 1985

-----------------------------------------------------------------------------
   PRES   HGHT   TEMP   DWPT   RELH   MIXR   DRCT   SKNT   THTA   THTE   THTV
    hPa     m      C      C      %    g/kg    deg   knot     K      K      K 
-----------------------------------------------------------------------------
 1012.0      4   26.0   23.3     85  18.17    160     20  298.1  351.1  301.4
 1000.0    108   24.4   20.7     80  15.63    160     23  297.6  343.0  300.3
  977.7    304   23.3   19.8     81  15.13    165     28  298.4  342.5  301.1
  943.9    609   21.6   18.5     83  14.37    170     28  299.6  341.8  302.2
  911.3    914   19.8   17.1     84  13.65    175     29  300.9  341.1  303.3
  879.8   1219   18.1   15.7     86  12.94    180     29  302.1  340.5  304.4
  850.0   1518   16.4   14.4     88  12.28    190     29  303.3  340.0  305.6
  819.1   1828   14.4   12.1     86  10.96    195     29  304.4  337.4  306.4
  789.8   2133   12.5    9.9     84   9.78    195     29  305.5  335.2  307.3
  761.6   2438   10.5    7.7     83   8.71    195     30  306.6  333.2  308.2
  734.3   2743    8.6    5.4     81   7.73    195     31  307.7  331.5  309.1
  700.0   3144    6.0    2.5     78   6.59    190     31  309.1  329.6  310.3
  655.8   3657    3.3   -3.3     62   4.59    200     19  311.8  326.5  312.7
  607.0   4267    0.0  -10.2     46   2.90    220     26  315.1  324.7  315.6
  561.8   4876   -3.2  -17.2     33   1.78    260     44  318.3  324.4  318.6
  481.1   6096   -9.7  -31.0     16   0.60    240     21  324.6  326.9  324.8
  400.0   7550  -17.5  -47.5      5   0.13    175     44  332.2  332.7  332.2
  396.2   7620  -18.0  -48.0      5   0.13    175     43  332.4  332.9  332.4
  321.2   9144  -29.1  -59.1      4   0.04    225     28  337.6  337.8  337.6
  300.0   9640  -32.7  -62.7      3   0.03    255     28  339.2  339.3  339.2
  258.5  10668  -40.4                         235     21  342.6         342.6
  250.0  10900  -42.1                                     343.3         343.3


      Station information and sounding indices

                         Station identifier: TNCM
                             Station number: 78866
                           Observation time: 851117/1200
                           Station latitude: 18.03
                          Station longitude: -63.11
                          Station elevation: 4.0
                            Showalter index: -1.23
                               Lifted index: -2.60
    LIFT computed using virtual temperature: -3.29
                                SWEAT index: 388.31
                                    K index: 35.43
                         Cross totals index: 22.53
                      Vertical totals index: 24.53
                        Totals totals index: 47.06
      Convective Available Potential Energy: 553.68
             CAPE using virtual temperature: 708.09
                      Convective Inhibition: -38.32
             CINS using virtual temperature: -29.63
                           Equilibrum Level: 278.27
 Equilibrum Level using virtual temperature: 277.67
                   Level of Free Convection: 827.67
             LFCT using virtual temperature: 840.88
                     Bulk Richardson Number: 14.70
          Bulk Richardson Number using CAPV: 18.79
  Temp [K] of the Lifted Condensation Level: 292.62
Pres [hPa] of the Lifted Condensation Level: 935.63
   Equivalent potential temp [K] of the LCL: 343.35
     Mean mixed layer potential temperature: 298.25
              Mean mixed layer mixing ratio: 15.50
              1000 hPa to 500 hPa thickness: 5685.13
Precipitable water [mm] for entire sounding: 44.45


    78866 TNCM Juliana Airport Observations at 12Z 18 Nov 1985

-----------------------------------------------------------------------------
   PRES   HGHT   TEMP   DWPT   RELH   MIXR   DRCT   SKNT   THTA   THTE   THTV
    hPa     m      C      C      %    g/kg    deg   knot     K      K      K 
-----------------------------------------------------------------------------
 1016.0      4   27.0   22.8     78  17.54    110     15  298.8  350.1  301.9
 1000.0    147   26.8   22.6     78  17.61    110     16  299.9  351.7  303.1
  982.4    304   25.3   22.4     84  17.74    110     18  300.0  352.2  303.2
  969.0    425   24.2   22.3     89  17.85    112     19  300.0  352.5  303.2
  948.8    609   23.2   19.1     77  14.87    115     20  300.9  344.7  303.5
  924.0    841   22.0   15.0     64  11.73    119     20  301.9  336.8  304.0
  916.2    914   21.6   14.6     64  11.54    120     20  302.2  336.6  304.3
  884.4   1219   20.0   13.0     64  10.75    125     19  303.6  335.9  305.6
  850.0   1562   18.2   11.2     64   9.92    135     12  305.2  335.2  307.0
  823.7   1828   16.4   10.2     67   9.54    140      8  306.0  335.0  307.8
  794.6   2133   14.3    8.9     70   9.12    145      9  306.9  334.8  308.6
  766.5   2438   12.2    7.8     74   8.71    150     12  307.8  334.6  309.5
  739.4   2743   10.1    6.5     79   8.31    155     14  308.7  334.4  310.3
  736.0   2782    9.8    6.4     79   8.26    154     14  308.9  334.4  310.4
  700.0   3199    8.2    3.4     72   7.03    145     14  311.5  333.6  312.9
  662.1   3657    5.5    1.4     75   6.46    160      4  313.4  334.0  314.7
  648.0   3833    4.4    0.7     77   6.25    151      4  314.2  334.1  315.4
  622.0   4167    3.0   -1.8     71   5.42    135      4  316.3  333.8  317.3
  614.3   4267    1.6   -1.7     79   5.54    130      4  315.9  333.7  316.9
  605.0   4390    0.0   -1.5     90   5.70    132      4  315.3  333.6  316.4
  580.0   4728   -1.5   -1.5    100   5.95    138      4  317.4  336.6  318.5
  569.3   4876   -2.1   -3.1     93   5.38    140      4  318.4  336.0  319.4
  547.0   5194   -3.3   -6.5     79   4.32    154      4  320.6  335.0  321.4
  500.0   5900   -7.9   -8.8     93   3.95    185      4  323.3  336.7  324.1
  487.4   6096   -9.2  -10.7     89   3.50    195      6  324.2  336.1  324.9
  423.0   7188  -16.1  -21.1     65   1.69    191      7  328.7  334.8  329.0
  409.0   7443  -17.5  -22.3     66   1.57    191      8  330.1  335.8  330.4
  400.0   7610  -18.5  -20.1     87   1.95    190      8  330.9  337.9  331.2
  399.5   7620  -18.6  -20.3     86   1.92    190      8  330.9  337.8  331.3
  387.0   7856  -20.1  -24.1     70   1.42    191      9  331.9  337.1  332.2
  323.6   9144  -29.9  -40.2     36   0.36    195     13  335.7  337.2  335.8
  300.0   9690  -34.1  -47.1     26   0.18    215     23  337.2  338.0  337.2
  260.4  10668  -40.9                         215     18  341.1         341.1
  250.0  10950  -42.9                         210     19  342.1         342.1
  200.0  12420  -53.3                         225      7  348.2         348.2
  197.6  12496  -53.9                         225      5  348.5         348.5
  162.4  13716  -63.4                         260      4  352.5         352.5
  150.0  14210  -67.3                         280      3  354.0         354.0
  125.9  15240  -74.3                         325      6  359.4         359.4
  117.0  15673  -77.3                         300      7  361.5         361.5
  100.0  16580  -74.7                         285      8  383.1         383.1
   96.9  16764  -74.7                         290      8  386.7         386.7
   82.0  17732  -74.5                         296     10  405.9         405.9
   74.6  18288  -72.0                         300     11  422.3         422.3
   70.0  18660  -70.3                         300     15  433.7         433.7
   58.0  19788  -68.1                         339     12  462.6         462.6
   50.0  20700  -60.5                          10     10  500.5         500.5
   49.8  20726  -60.4                          15     10  501.2         501.2
   45.2  21336  -59.1                          60      7  518.4         518.4
   35.5  22860  -55.8                         100     13  563.9         563.9
   30.0  23930  -53.5                         120     16  598.2         598.2
   28.0  24384  -52.6                         125     12  612.7         612.7
   22.1  25908  -49.6                         100      9  664.0         664.0
   20.0  26570  -48.3                          70     15  687.6         687.6
   17.6  27432  -47.0                          45     22  717.5         717.5
   14.0  28956  -44.8                          95     25  773.5         773.5
   12.8  29565  -43.9                         145     29  797.1         797.1
   10.0  31190  -41.5                                     863.5         863.5
    7.0  33651  -33.3                                     990.0         990.0


      Station information and sounding indices

                         Station identifier: TNCM
                             Station number: 78866
                           Observation time: 851118/1200
                           Station latitude: 18.03
                          Station longitude: -63.11
                          Station elevation: 4.0
                            Showalter index: 1.03
                               Lifted index: -5.37
    LIFT computed using virtual temperature: -5.78
                                SWEAT index: 162.41
                                    K index: 32.50
                         Cross totals index: 19.10
                      Vertical totals index: 26.10
                        Totals totals index: 45.20
      Convective Available Potential Energy: 1940.66
             CAPE using virtual temperature: 2109.78
                      Convective Inhibition: -27.21
             CINS using virtual temperature: -5.08
                           Equilibrum Level: 173.95
 Equilibrum Level using virtual temperature: 173.33
                   Level of Free Convection: 841.60
             LFCT using virtual temperature: 915.18
                     Bulk Richardson Number: 204.96
          Bulk Richardson Number using CAPV: 222.82
  Temp [K] of the Lifted Condensation Level: 294.75
Pres [hPa] of the Lifted Condensation Level: 941.87
   Equivalent potential temp [K] of the LCL: 351.48
     Mean mixed layer potential temperature: 299.85
              Mean mixed layer mixing ratio: 17.60
              1000 hPa to 500 hPa thickness: 5753.00
Precipitable water [mm] for entire sounding: 51.40


    78866 TNCM Juliana Airport Observations at 12Z 30 Nov 1985

-----------------------------------------------------------------------------
   PRES   HGHT   TEMP   DWPT   RELH   MIXR   DRCT   SKNT   THTA   THTE   THTV
    hPa     m      C      C      %    g/kg    deg   knot     K      K      K 
-----------------------------------------------------------------------------
 1016.0      4   25.6   21.1     76  15.77    100     15  297.4  343.2  300.2
 1000.0    144   25.0   21.3     80  16.23    100     16  298.1  345.5  301.0
  981.6    304   23.8   20.2     80  15.46     95     17  298.5  343.7  301.3
  947.5    609   21.6   18.2     81  14.06    100     17  299.3  340.5  301.8
  914.6    914   19.3   16.1     82  12.77    100     16  300.0  337.6  302.3
  882.8   1219   17.0   14.1     83  11.58    100     16  300.7  334.9  302.8
  850.0   1546   14.6   11.9     84  10.40    100     16  301.4  332.4  303.3
  822.0   1828   13.9    7.9     67   8.18    100     16  303.6  328.3  305.1
  792.7   2133   13.2    3.5     52   6.25    100     16  306.0  325.3  307.1
  764.4   2438   12.4   -0.8     40   4.73    100     16  308.3  323.3  309.2
  737.2   2743   11.7   -5.2     30   3.54    100     17  310.7  322.2  311.4
  700.0   3178   10.6  -11.4     20   2.30    100     18  314.2  321.9  314.6
  659.8   3657    7.8  -13.5     20   2.05     95     18  316.4  323.4  316.8
  611.8   4267    4.2  -16.2     21   1.77     95     13  319.1  325.2  319.4
  567.5   4876    0.6  -18.9     22   1.52     85     21  321.8  327.2  322.1
  500.0   5900   -5.5  -23.5     23   1.16     75     16  326.3  330.5  326.5
  487.4   6096   -6.9  -24.8     23   1.05     80     15  326.9  330.8  327.1
  400.0   7610  -18.1  -35.1     21   0.49    340     42  331.4  333.3  331.5
  399.4   7620  -18.2  -35.1     21   0.48    345     42  331.4  333.3  331.5
  323.9   9144  -29.4  -43.5     24   0.25     55      6  336.4  337.4  336.4
  300.0   9700  -33.5  -46.5     26   0.20     30     12  338.0  338.9  338.1
  260.5  10668  -41.7                         315     12  339.9         339.9
  250.0  10950  -44.1                         300     10  340.4         340.4
  200.0  12410  -55.1                                     345.4         345.4


      Station information and sounding indices

                         Station identifier: TNCM
                             Station number: 78866
                           Observation time: 851130/1200
                           Station latitude: 18.03
                          Station longitude: -63.11
                          Station elevation: 4.0
                            Showalter index: 4.72
                               Lifted index: -0.09
    LIFT computed using virtual temperature: -0.73
                                SWEAT index: 190.82
                                    K index: 10.00
                         Cross totals index: 17.40
                      Vertical totals index: 20.10
                        Totals totals index: 37.50
      Convective Available Potential Energy: 355.20
             CAPE using virtual temperature: 481.31
                      Convective Inhibition: -13.84
             CINS using virtual temperature: -8.09
                           Equilibrum Level: 224.66
 Equilibrum Level using virtual temperature: 224.36
                   Level of Free Convection: 896.11
             LFCT using virtual temperature: 909.91
                     Bulk Richardson Number: 4313.73
          Bulk Richardson Number using CAPV: 5845.20
  Temp [K] of the Lifted Condensation Level: 292.67
Pres [hPa] of the Lifted Condensation Level: 935.04
   Equivalent potential temp [K] of the LCL: 343.66
     Mean mixed layer potential temperature: 298.36
              Mean mixed layer mixing ratio: 15.55
              1000 hPa to 500 hPa thickness: 5756.00
Precipitable water [mm] for entire sounding: 36.15

Description of the data columns
<http://weather.uwyo.edu/upperair/columns.html> or sounding indices
<http://weather.uwyo.edu/upperair/indices.html>.

------------------------------------------------------------------------
/Interested in graduate studies in atmospheric science? Check out our
program at the University of Wyoming
<http://www.uwyo.edu/atsc/howtoapply/>/
------------------------------------------------------------------------
Questions about the weather data provided by this site can be addressed
to Larry Oolman (ldoolman@uwyo.edu) <mailto:ldoolman@uwyo.edu>
------------------------------------------------------------------------
