
    78866 TNCM Juliana Airport Observations at 12Z 27 Feb 2013

-----------------------------------------------------------------------------
   PRES   HGHT   TEMP   DWPT   RELH   MIXR   DRCT   SKNT   THTA   THTE   THTV
    hPa     m      C      C      %    g/kg    deg   knot     K      K      K 
-----------------------------------------------------------------------------
 1018.0      4   25.8   19.8     69  14.50    110      9  297.4  339.6  300.0
 1016.0     21   26.0   18.0     61  12.95    109      9  297.8  335.6  300.1
 1000.0    156   24.2   18.2     69  13.33    100     11  297.4  336.1  299.7
  983.0    305   22.8   17.7     73  13.13     90     14  297.4  335.6  299.7
  950.0    603   20.0   16.7     81  12.75     70     24  297.5  334.6  299.8
  949.2    610   20.0   16.4     80  12.53     70     24  297.5  334.1  299.8
  942.0    676   19.8   13.8     68  10.63     69     22  298.0  329.2  299.9
  925.0    833   18.2   14.8     81  11.57     65     16  297.9  331.7  300.0
  919.0    889   17.6   14.7     83  11.57     65     17  297.9  331.7  299.9
  916.4    914   17.4   14.3     82  11.34     65     18  297.9  331.1  299.9
  916.0    917   17.4   14.3     82  11.31     65     18  297.9  331.0  299.9
  886.0   1203   16.0    9.0     63   8.19     65     17  299.3  323.7  300.8
  884.3   1219   15.9    9.0     64   8.21     65     17  299.4  323.8  300.9
  853.2   1524   13.8    9.0     73   8.51    355      8  300.3  325.6  301.8
  850.0   1556   13.6    9.0     74   8.54     60     28  300.4  325.8  301.9
  841.0   1646   13.0    8.5     74   8.35     62     32  300.7  325.6  302.2
  833.0   1726   12.4    7.4     72   7.81     63     35  300.9  324.2  302.3
  822.9   1829   12.3    5.8     65   7.08     65     39  301.8  323.1  303.1
  819.0   1868   12.2    5.2     62   6.81     67     36  302.1  322.7  303.4
  817.0   1889   12.4    4.4     58   6.46     68     34  302.5  322.1  303.7
  805.0   2013   13.8   -7.2     23   2.78     74     23  305.3  314.2  305.8
  796.0   2108   13.0   -1.0     38   4.49     79     14  305.4  319.5  306.2
  794.0   2129   13.0   -3.0     33   3.88     80     12  305.6  317.9  306.4
  793.5   2134   13.0   -3.4     32   3.77     80     12  305.7  317.7  306.4
  781.0   2268   14.0  -13.0     14   1.81     76     12  308.2  314.2  308.5
  778.0   2300   14.0  -14.0     13   1.67     75     12  308.5  314.1  308.8
  765.3   2438   13.2  -15.5     12   1.51     70     12  309.1  314.2  309.4
  737.9   2743   11.6  -18.8     10   1.19     75     13  310.5  314.6  310.8
  726.0   2879   10.8  -20.2     10   1.06     57      9  311.1  314.9  311.4
  717.0   2982   11.0  -30.0      4   0.44     44      7  312.5  314.1  312.6
  711.4   3048   10.9  -30.1      4   0.44     35      5  313.0  314.7  313.1
  700.0   3182   10.6  -30.4      4   0.44     55      6  314.2  315.8  314.3
  687.0   3337   10.6  -34.4      3   0.30     69     12  315.9  317.0  315.9
  685.7   3353   10.5  -34.5      3   0.30     70     13  316.0  317.1  316.0
  660.7   3658    9.3  -37.1      2   0.24     55     13  318.0  318.9  318.1
  618.0   4208    7.2  -41.8      2   0.16     32     16  321.7  322.3  321.7
  613.5   4267    6.8  -41.6      2   0.16     30     16  321.9  322.6  322.0
  590.7   4572    5.0  -40.9      2   0.18    335     18  323.3  324.1  323.4
  568.7   4877    3.2  -40.1      2   0.21    335     15  324.7  325.6  324.8
  511.0   5738   -1.9  -37.9      4   0.29    339     14  328.6  329.8  328.7
  500.0   5910   -3.7  -36.7      6   0.33    340     14  328.5  329.8  328.5
  488.1   6096   -5.2  -37.6      6   0.31    340     14  328.9  330.1  328.9
  400.5   7620  -17.6  -44.6      8   0.18    340     12  331.9  332.6  331.9
  400.0   7630  -17.7  -44.7      8   0.18    340     12  331.9  332.6  331.9
  324.1   9144  -30.1  -56.4      6   0.06    355     15  335.3  335.6  335.3
  310.6   9449  -32.6  -58.8      6   0.04    355     13  335.9  336.1  335.9
  300.0   9700  -34.7  -60.7      5   0.04    345     12  336.4  336.5  336.4
  251.0  10923  -44.9  -65.9      8   0.02    311     11  338.8  338.9  338.8
  250.0  10950  -44.7  -65.7      8   0.02    310     11  339.5  339.6  339.5
  249.1  10973  -44.8  -65.8      8   0.02    300     11  339.6  339.7  339.6
  200.0  12420  -53.7  -73.7      7   0.01    295     30  347.6  347.6  347.6
  179.5  13106  -58.1  -76.3      8   0.01    295     34  351.2  351.3  351.2
  177.0  13196  -58.7  -76.7      8   0.01                351.7  351.8  351.7


      Station information and sounding indices

                         Station identifier: TNCM
                             Station number: 78866
                           Observation time: 130227/1200
                           Station latitude: 18.03
                          Station longitude: -63.11
                          Station elevation: 4.0
                            Showalter index: 9.68
                               Lifted index: 5.03
    LIFT computed using virtual temperature: 4.44
                                SWEAT index: 177.99
                                    K index: -14.70
                         Cross totals index: 12.70
                      Vertical totals index: 17.30
                        Totals totals index: 30.00
      Convective Available Potential Energy: 4.79
             CAPE using virtual temperature: 18.96
                      Convective Inhibition: -12.50
             CINS using virtual temperature: -2.03
                           Equilibrum Level: 817.54
 Equilibrum Level using virtual temperature: 810.60
                   Level of Free Convection: 860.98
             LFCT using virtual temperature: 896.44
                     Bulk Richardson Number: 0.46
          Bulk Richardson Number using CAPV: 1.82
  Temp [K] of the Lifted Condensation Level: 289.64
Pres [hPa] of the Lifted Condensation Level: 911.10
   Equivalent potential temp [K] of the LCL: 335.63
     Mean mixed layer potential temperature: 297.46
              Mean mixed layer mixing ratio: 13.13
              1000 hPa to 500 hPa thickness: 5754.00
Precipitable water [mm] for entire sounding: 24.82

Description of the data columns
<http://weather.uwyo.edu/upperair/columns.html> or sounding indices
<http://weather.uwyo.edu/upperair/indices.html>.

------------------------------------------------------------------------
/Interested in graduate studies in atmospheric science? Check out our
program at the University of Wyoming
<http://www.uwyo.edu/atsc/howtoapply/>/
------------------------------------------------------------------------
Questions about the weather data provided by this site can be addressed
to Larry Oolman (ldoolman@uwyo.edu) <mailto:ldoolman@uwyo.edu>
------------------------------------------------------------------------
